BIF_SIDE

-0.169302 0.183968 0.296312
-0.337718 -0.0546265 0.137871 0.929491

projectionMatrix="[770.277 -32.7486 -300.267 225.406,217.307 -715.345 235.834 98.5108,0.194673 -0.612749 -0.765925 0.372637]"
positionStdev="0.003 0.003 0.003 0.00001 0.00001 0.00001" posModelStdev="0.0 0.0 0.0 0 0 0" 
velocityStdev="0.003 0.003 0.003 0.0001 0.0001 0.0001"  velModelStdev=" 0.001 0.001 0.001 0.0 0.0 0.00"       
stdev="  0.0001 0.0001 0.0001 0.0000001 0.0000001 0.0000001 paramModelStdev="0 0 0 0.0 0.0 0.0
observationStdev="0.005"

BIF_SIDE_1
positionStdev="0.001 0.001 0.001 0.00001 0.00001 0.00001" posModelStdev="0.0 0.0 0.0 0 0 0" 
velocityStdev="0.001 0.001 0.001 0.0001 0.0001 0.0001"  velModelStdev=" 0.001 0.001 0.001 0.0 0.0 0.00"       
stdev="  0.0001 0.0001 0.0001 0.0000001 0.0000001 0.0000001 paramModelStdev="0 0 0 0.0 0.0 0.0
observationStdev="0.005"


BIF_SIDE_2
positionStdev="0.001 0.001 0.001 0.00001 0.00001 0.00001" posModelStdev="0.0 0.0 0.0 0 0 0" 
velocityStdev="0.001 0.001 0.001 0.0001 0.0001 0.0001"  velModelStdev=" 0.001 0.001 0.001 0.0 0.0 0.00"       
stdev="  0.0003 0.0003 0.0003 0.0000003 0.0000003 0.0000003
observationStdev="0.01"


BIF_SIDE_3
positionStdev="0.001 0.001 0.001 0.00001 0.00001 0.00001" posModelStdev="0.0 0.0 0.0 0 0 0" 
velocityStdev="0.001 0.001 0.001 0.0001 0.0001 0.0001"  velModelStdev=" 0.001 0.001 0.001 0.0 0.0 0.00"       
stdev="  0.0001 0.0001 0.0001 0.0000001 0.0000001 0.0000001 paramModelStdev="0 0 0 0.0 0.0 0.0
observationStdev="0.01"


*******************************************************
BIF_TOP


-0.137848 0.233873 -0.235476
-0.917887 -0.0295552 0.0681885 0.389821

 projectionMatrix="[775.552 -206.837 200.739 202.551,43.6739 289.403 727.253 109.588,0.148221 -0.711592 0.68678 0.348575]"


********************************************************


BIF_OB
-0.440836 0.169708 -0.0228644
-0.475488 -0.596147 -0.0114476 0.64683

projectionMatrix="[513.41 148.368 631.63 215.592,-193.229 -585.209 484.511 25.2104,0.760325 -0.628768 0.16296 0.445612]"








____________________________________________________________________


TEST_SIDE
-0.0644225 -0.0445434 0.317505
5.55112e-17 -1.42765e-17 0 1


projectionMatrix="[2281.11 -2.34947e-13 -400 273.957,-3.07529e-13 -2281.11 -300 -6.35711,-9.39116e-17 1.11022e-16 -1 0.317505]"