   1.9000000e-02   0.0000000e+00   0.0000000e+00
   0.0000000e+00   1.9000000e-02   0.0000000e+00
  -1.9000000e-02   0.0000000e+00   0.0000000e+00
   0.0000000e+00  -1.9000000e-02   0.0000000e+00
   1.9414797e-02  -1.1081269e-01   1.3307439e-01
   8.3322050e-04  -9.8391602e-02   1.4797509e-01
  -1.8572546e-02  -1.1037044e-01   1.3378364e-01
   6.6705545e-06  -1.2280494e-01   1.1887134e-01
   1.8352591e-02   4.9175619e-03   0.0000000e+00
   1.6454483e-02   9.5000000e-03   0.0000000e+00
   1.3435029e-02   1.3435029e-02   0.0000000e+00
   9.5000000e-03   1.6454483e-02   0.0000000e+00
   4.9175619e-03   1.8352591e-02   0.0000000e+00
  -4.9175619e-03   1.8352591e-02   0.0000000e+00
  -9.5000000e-03   1.6454483e-02   0.0000000e+00
  -1.3435029e-02   1.3435029e-02   0.0000000e+00
  -1.6454483e-02   9.5000000e-03   0.0000000e+00
  -1.8352591e-02   4.9175619e-03   0.0000000e+00
  -1.8352591e-02  -4.9175619e-03   0.0000000e+00
  -1.6454483e-02  -9.5000000e-03   0.0000000e+00
  -1.3435029e-02  -1.3435029e-02   0.0000000e+00
  -9.5000000e-03  -1.6454483e-02   0.0000000e+00
  -4.9175619e-03  -1.8352591e-02   0.0000000e+00
   4.9175619e-03  -1.8352591e-02   0.0000000e+00
   9.5000000e-03  -1.6454483e-02   0.0000000e+00
   1.3435029e-02  -1.3435029e-02   0.0000000e+00
   1.6454483e-02  -9.5000000e-03   0.0000000e+00
   1.8352591e-02  -4.9175619e-03   0.0000000e+00
   1.8872418e-02  -1.0764593e-01   1.3685217e-01
   1.7074047e-02  -1.0467989e-01   1.4039731e-01
   1.4137827e-02  -1.0211992e-01   1.4346410e-01
   1.0271804e-02  -1.0013498e-01   1.4584952e-01
   5.7332253e-03  -9.8864309e-02   1.4738717e-01
  -4.0940038e-03  -9.8751579e-02   1.4757208e-01
  -8.7147351e-03  -9.9917101e-02   1.4620519e-01
  -1.2712351e-02  -1.0181030e-01   1.4396898e-01
  -1.5817172e-02  -1.0430132e-01   1.4101436e-01
  -1.7816011e-02  -1.0722094e-01   1.3753855e-01
  -1.8035700e-02  -1.1353835e-01   1.3000344e-01
  -1.6240413e-02  -1.1650492e-01   1.2645739e-01
  -1.3306800e-02  -1.1906959e-01   1.2338561e-01
  -9.4384837e-03  -1.2105615e-01   1.2099827e-01
  -4.8974262e-03  -1.2233127e-01   1.1945885e-01
   4.9399500e-03  -1.2244538e-01   1.1927523e-01
   9.5650996e-03  -1.2127814e-01   1.2064389e-01
   1.3565466e-02  -1.1938194e-01   1.2288533e-01
   1.6669255e-02  -1.1688890e-01   1.2584478e-01
   1.8663321e-02  -1.1396642e-01   1.2931956e-01
   1.9120229e-02  -2.5787901e-05   4.5533022e-03
   1.9283464e-02  -4.4283374e-04   9.0470164e-03
   1.9398210e-02  -1.2759936e-03   1.3426374e-02
   1.9520306e-02  -2.4892116e-03   1.7883325e-02
   1.9421886e-02  -3.7018944e-03   2.2175157e-02
   1.9148249e-02  -5.3726514e-03   2.6298049e-02
   1.8978190e-02  -7.1798746e-03   3.0568876e-02
   1.9086194e-02  -9.4427181e-03   3.4544803e-02
   1.9080033e-02  -1.1844735e-02   3.8441767e-02
   1.9037061e-02  -1.4333791e-02   4.2291991e-02
   1.9133805e-02  -1.6876843e-02   4.6108942e-02
   1.9169341e-02  -1.9544931e-02   4.9892051e-02
   1.9094118e-02  -2.2390866e-02   5.3422132e-02
   1.9102424e-02  -2.5311064e-02   5.6951589e-02
   1.9059174e-02  -2.8304562e-02   6.0361110e-02
   1.9058556e-02  -3.1327904e-02   6.3726723e-02
   1.9046189e-02  -3.4562063e-02   6.7027504e-02
   1.9077390e-02  -3.7740914e-02   7.0369938e-02
   1.9126942e-02  -4.1077622e-02   7.3569419e-02
   1.9091403e-02  -4.4384487e-02   7.6745622e-02
   1.9119690e-02  -4.7735769e-02   7.9866299e-02
   1.9127944e-02  -5.1176854e-02   8.2937703e-02
   1.9122279e-02  -5.4615834e-02   8.6002217e-02
   1.9118171e-02  -5.8072391e-02   8.9007288e-02
   1.9167139e-02  -6.1549693e-02   9.2042336e-02
   1.9183694e-02  -6.5045301e-02   9.5019582e-02
   1.9204001e-02  -6.8572005e-02   9.7970714e-02
   1.9206615e-02  -7.2078801e-02   1.0092697e-01
   1.9227313e-02  -7.5604906e-02   1.0385000e-01
   1.9250855e-02  -7.9126850e-02   1.0679150e-01
   1.9269522e-02  -8.2661471e-02   1.0970311e-01
   1.9288907e-02  -8.6185942e-02   1.1262456e-01
   1.9300771e-02  -8.9721337e-02   1.1553968e-01
   1.9318623e-02  -9.3249058e-02   1.1845310e-01
   1.9338404e-02  -9.6772635e-02   1.2137440e-01
   1.9357043e-02  -1.0029381e-01   1.2429459e-01
   1.9376519e-02  -1.0380482e-01   1.2721921e-01
   1.9394593e-02  -1.0731110e-01   1.3014479e-01
  -1.2203356e-05   1.7929507e-02   4.7734835e-03
   8.9124060e-06   1.6781173e-02   1.0123989e-02
   1.6981828e-04   1.5542885e-02   1.5647331e-02
   1.2927003e-04   1.4300946e-02   2.1134539e-02
   1.4299208e-04   1.2824203e-02   2.6404607e-02
   2.4721414e-04   1.0873365e-02   3.1663875e-02
   2.5061936e-04   8.6763044e-03   3.6623406e-02
   2.5382427e-04   6.4901174e-03   4.1564911e-02
   3.6513344e-04   3.6260605e-03   4.6097135e-02
   3.9543669e-04   1.1934631e-03   5.0864586e-02
   2.4005799e-04  -1.5217142e-03   5.5380739e-02
   3.0722779e-04  -4.5641375e-03   5.9621836e-02
   4.2236123e-04  -7.7099934e-03   6.3800929e-02
   3.9984193e-04  -1.0843283e-02   6.7817760e-02
   4.3222362e-04  -1.4092819e-02   7.1793758e-02
   5.1916509e-04  -1.7411372e-02   7.5594619e-02
   5.0966506e-04  -2.0734254e-02   7.9355721e-02
   4.7631976e-04  -2.4168383e-02   8.2972929e-02
   4.9241345e-04  -2.7671915e-02   8.6527379e-02
   5.4114621e-04  -3.1164311e-02   8.9885024e-02
   5.5192889e-04  -3.4671692e-02   9.3226719e-02
   5.8088749e-04  -3.8171185e-02   9.6560904e-02
   5.7793814e-04  -4.1707184e-02   9.9812564e-02
   6.0538762e-04  -4.5239082e-02   1.0304041e-01
   6.3161786e-04  -4.8800838e-02   1.0620273e-01
   6.4518861e-04  -5.2385094e-02   1.0929993e-01
   6.7669584e-04  -5.5978584e-02   1.1236577e-01
   6.8517495e-04  -5.9534548e-02   1.1542040e-01
   7.0991069e-04  -6.3109949e-02   1.1842949e-01
   7.1093664e-04  -6.6677089e-02   1.2144825e-01
   7.2873549e-04  -7.0216953e-02   1.2442876e-01
   7.4096104e-04  -7.3762133e-02   1.2738762e-01
   7.5674844e-04  -7.7297238e-02   1.3033973e-01
   7.6485433e-04  -8.0831338e-02   1.3328418e-01
   7.7767258e-04  -8.4361650e-02   1.3622687e-01
   7.9168009e-04  -8.7876432e-02   1.3916837e-01
   8.0471262e-04  -9.1388328e-02   1.4210507e-01
   8.1954921e-04  -9.4891836e-02   1.4504036e-01
  -1.9046612e-02   1.6242075e-04   4.5955458e-03
  -1.9058395e-02  -4.6737145e-05   9.2208745e-03
  -1.9152534e-02  -8.3067780e-04   1.3675778e-02
  -1.9275636e-02  -1.8463026e-03   1.8028870e-02
  -1.9246267e-02  -3.1515956e-03   2.2367250e-02
  -1.9245536e-02  -4.8600618e-03   2.6539551e-02
  -1.9063647e-02  -6.6942721e-03   3.0789200e-02
  -1.8992801e-02  -8.8777698e-03   3.4737364e-02
  -1.8923305e-02  -1.1179112e-02   3.8847272e-02
  -1.9049666e-02  -1.3645994e-02   4.2715141e-02
  -1.9058478e-02  -1.6252764e-02   4.6467626e-02
  -1.8931038e-02  -1.9043686e-02   5.0217162e-02
  -1.8961554e-02  -2.1823169e-02   5.3894289e-02
  -1.8914000e-02  -2.4758992e-02   5.7460528e-02
  -1.8830846e-02  -2.7810384e-02   6.0908095e-02
  -1.8821967e-02  -3.0918377e-02   6.4318007e-02
  -1.8822010e-02  -3.4083284e-02   6.7670335e-02
  -1.8753230e-02  -3.7358320e-02   7.0890722e-02
  -1.8784181e-02  -4.0610272e-02   7.4171885e-02
  -1.8743396e-02  -4.3928192e-02   7.7351013e-02
  -1.8707124e-02  -4.7282252e-02   8.0485285e-02
  -1.8742831e-02  -5.0724906e-02   8.3588814e-02
  -1.8728783e-02  -5.4166214e-02   8.6654524e-02
  -1.8722715e-02  -5.7612664e-02   8.9685310e-02
  -1.8710595e-02  -6.1101087e-02   9.2703068e-02
  -1.8716277e-02  -6.4601258e-02   9.5693518e-02
  -1.8682411e-02  -6.8104734e-02   9.8655408e-02
  -1.8679342e-02  -7.1625761e-02   1.0160532e-01
  -1.8665318e-02  -7.5139487e-02   1.0455361e-01
  -1.8643416e-02  -7.8661613e-02   1.0748803e-01
  -1.8632325e-02  -8.2199361e-02   1.1040851e-01
  -1.8629438e-02  -8.5730227e-02   1.1332769e-01
  -1.8619563e-02  -8.9265155e-02   1.1623890e-01
  -1.8609487e-02  -9.2793592e-02   1.1915992e-01
  -1.8602770e-02  -9.6319693e-02   1.2208286e-01
  -1.8600042e-02  -9.9845088e-02   1.2500361e-01
  -1.8589196e-02  -1.0335964e-01   1.2792839e-01
  -1.8580598e-02  -1.0687040e-01   1.3085337e-01
  -2.3163500e-04  -1.9850071e-02   4.1932938e-03
  -2.9603317e-04  -2.0888172e-02   7.4731169e-03
  -2.8246882e-04  -2.1534314e-02   1.0502558e-02
  -3.9373253e-04  -2.2364343e-02   1.3314263e-02
  -2.5297456e-04  -2.3074106e-02   1.6227249e-02
  -2.1046992e-04  -2.4284656e-02   1.9432665e-02
  -1.8416922e-04  -2.5897936e-02   2.2788557e-02
  -1.1450181e-04  -2.7649210e-02   2.5897614e-02
  -3.9966205e-04  -2.9355620e-02   2.9143891e-02
  -4.3235838e-04  -3.1324648e-02   3.2198888e-02
  -4.0440783e-04  -3.3475738e-02   3.5619437e-02
  -3.4615917e-04  -3.5999773e-02   3.8601786e-02
  -3.7417938e-04  -3.8333109e-02   4.1816771e-02
  -3.3310261e-04  -4.0826145e-02   4.5095492e-02
  -3.8444446e-04  -4.3424625e-02   4.8195847e-02
  -3.8808969e-04  -4.6205180e-02   5.1190412e-02
  -3.2270651e-04  -4.8948806e-02   5.4329356e-02
  -2.6345478e-04  -5.1872898e-02   5.7303433e-02
  -2.4805957e-04  -5.4907886e-02   6.0301609e-02
  -2.1717134e-04  -5.7965371e-02   6.3307625e-02
  -1.7925068e-04  -6.1104942e-02   6.6324074e-02
  -1.8591762e-04  -6.4286036e-02   6.9287194e-02
  -1.9726771e-04  -6.7545541e-02   7.2219781e-02
  -1.6720877e-04  -7.0872011e-02   7.5162642e-02
  -1.6581415e-04  -7.4193397e-02   7.8128805e-02
  -1.5825130e-04  -7.7593294e-02   8.0995245e-02
  -1.5920642e-04  -8.0948183e-02   8.3920274e-02
  -1.5491326e-04  -8.4384968e-02   8.6850515e-02
  -1.3135764e-04  -8.7841695e-02   8.9732886e-02
  -1.2251585e-04  -9.1286034e-02   9.2635959e-02
  -1.0449893e-04  -9.4769395e-02   9.5538360e-02
  -8.5237567e-05  -9.8266292e-02   9.8447639e-02
  -7.3807702e-05  -1.0176802e-01   1.0135550e-01
  -5.9539329e-05  -1.0527323e-01   1.0426845e-01
  -4.7923541e-05  -1.0877714e-01   1.0718470e-01
  -3.3792155e-05  -1.1228891e-01   1.1009969e-01
  -1.9857470e-05  -1.1579844e-01   1.1302096e-01
  -7.4956578e-06  -1.1930337e-01   1.1594501e-01
  -8.7704496e-04  -1.7737172e-03   0.0000000e+00
  -1.0550676e-02   4.4118969e-03   0.0000000e+00
  -1.3540828e-02  -5.4428848e-03   0.0000000e+00
   5.2833219e-03  -8.9912052e-03   0.0000000e+00
  -1.3439441e-03   7.9574757e-03   0.0000000e+00
  -3.6358465e-03  -9.3770595e-03   0.0000000e+00
  -9.2116886e-03  -6.9548756e-03   0.0000000e+00
  -8.0702038e-03  -1.1942397e-02   0.0000000e+00
   1.6137315e-03  -1.3209075e-02   0.0000000e+00
   6.2669880e-03   6.3817900e-04   0.0000000e+00
  -6.4769018e-03   1.2871898e-03   0.0000000e+00
   2.5578293e-03  -5.1225683e-03   0.0000000e+00
  -1.1059834e-02  -1.0110612e-03   0.0000000e+00
  -1.4437681e-02   2.4129111e-03   0.0000000e+00
   1.0832501e-02  -8.4145453e-03   0.0000000e+00
   3.9779300e-03   9.7144203e-03   0.0000000e+00
  -1.8858096e-03   3.4990785e-03   0.0000000e+00
   2.7230611e-03   5.2616079e-03   0.0000000e+00
  -1.3997867e-02   6.3212482e-03   0.0000000e+00
  -1.2142446e-02  -9.4550372e-03   0.0000000e+00
  -1.6091003e-03  -5.7840526e-03   0.0000000e+00
   7.3928894e-03   5.8642933e-03   0.0000000e+00
   3.4474455e-03  -1.5850971e-03   0.0000000e+00
  -4.1463916e-03  -1.4697325e-02   0.0000000e+00
  -5.9068683e-03   6.2839998e-03   0.0000000e+00
   5.7634215e-03   1.3641565e-02   0.0000000e+00
  -1.5278187e-02  -1.7917194e-03   0.0000000e+00
   9.6456655e-04  -8.7635443e-03   0.0000000e+00
  -5.5303225e-03  -3.9017265e-03   0.0000000e+00
   7.6132120e-03  -1.3306078e-02   0.0000000e+00
  -1.0719991e-02   9.6836220e-03   0.0000000e+00
   1.0416573e-02   1.5478222e-03   0.0000000e+00
   9.8919911e-03   1.0652141e-02   0.0000000e+00
   2.0801625e-03   1.4812591e-03   0.0000000e+00
  -5.3131124e-03   1.2047285e-02   0.0000000e+00
   4.4061358e-04   1.4152275e-02   0.0000000e+00
   6.5272839e-03  -4.6562571e-03   0.0000000e+00
   1.5038884e-02  -4.5009038e-03   0.0000000e+00
   1.0650057e-02  -2.5161191e-03   0.0000000e+00
   1.2829256e-02   5.4099544e-03   0.0000000e+00
   1.4381227e-02   8.0971927e-04   0.0000000e+00
   1.2769881e-02   7.9646006e-03   2.5690286e-02
   1.2934013e-02   9.6840484e-03   2.2495141e-02
   1.2885064e-02   4.9126836e-03   3.3403392e-02
   1.2881654e-02   2.3451230e-04   4.2580044e-02
   1.3047746e-02  -4.3252290e-03   5.0531740e-02
   1.3381590e-02  -2.1533876e-02   7.2318260e-02
   1.3230788e-02  -1.8592109e-02   6.8968890e-02
   1.2959186e-02  -1.1560108e-02   6.0304149e-02
   1.3696746e-02  -2.7533083e-02   7.8380838e-02
   1.3818181e-02  -6.0575974e-02   1.0876725e-01
   1.3749176e-02  -4.9440018e-02   9.9176625e-02
   1.3660196e-02  -4.3399526e-02   9.3832143e-02
   1.3675821e-02  -4.6094357e-02   9.6158638e-02
   1.3789453e-02  -5.4252561e-02   1.0342869e-01
   1.3823297e-02  -5.7520623e-02   1.0621493e-01
   1.3861995e-02  -6.3654979e-02   1.1140873e-01
   1.3920533e-02  -6.9306926e-02   1.1612827e-01
   1.3957141e-02  -7.3633192e-02   1.1972153e-01
   1.3983345e-02  -7.6688496e-02   1.2225955e-01
   1.4025561e-02  -8.2285051e-02   1.2692149e-01
   1.4055807e-02  -8.6469584e-02   1.3040006e-01
   1.4072457e-02  -8.9937545e-02   1.3328058e-01
   9.2984175e-03  -9.4141013e-02   1.4152410e-01
   1.7525434e-02  -9.9628940e-02   1.3494087e-01
   3.2414079e-03   1.6898524e-02   7.2230918e-03
   4.6630020e-03  -9.4093883e-02   1.4374473e-01
   1.8640227e-02   2.7997476e-03   6.5456909e-03
   1.9074407e-02  -1.0372729e-01   1.3219129e-01
   1.5951283e-02   8.2323052e-03   1.0360956e-02
   1.7647403e-02  -5.2568213e-03   3.9520245e-02
   6.1616064e-03   4.0536163e-03   4.3824845e-02
   7.6132241e-03  -1.1142599e-02   6.5724066e-02
   1.7047507e-02  -1.8400254e-02   6.0314179e-02
   8.5430790e-03  -6.8888142e-02   1.2083739e-01
   1.7652962e-02  -7.4975747e-02   1.1365163e-01
   1.8037587e-02  -8.5923630e-02   1.2175733e-01
   7.8968187e-03  -7.9142364e-02   1.2983183e-01
   1.6775073e-02   6.2815776e-03   1.5520855e-02
   7.0614973e-03   1.4241936e-02   1.5685018e-02
   6.6248388e-03   1.0000689e-02   3.0519973e-02
   1.6927182e-02  -1.9897936e-03   3.6151736e-02
   7.4807955e-03   5.9643051e-03   3.9508473e-02
   1.7345653e-02   1.2311007e-03   2.7720435e-02
   1.7757423e-02  -2.2039741e-02   6.3005636e-02
   6.5746292e-03  -1.3675467e-02   6.9564487e-02
   7.8619860e-03  -5.5842866e-02   1.1021091e-01
   1.7808862e-02  -6.2622216e-02   1.0255751e-01
   1.7844312e-02  -7.1077886e-02   1.0968086e-01
   7.9669057e-03  -6.4437039e-02   1.1744168e-01
   1.7254581e-02  -3.5800444e-02   7.9633190e-02
   7.9544414e-03  -2.9800625e-02   8.6346444e-02
   7.8659331e-03  -7.4733096e-02   1.2615891e-01
   1.7998558e-02  -8.1513912e-02   1.1810635e-01
   7.9108998e-03  -8.4062310e-02   1.3395332e-01
   1.8068919e-02  -9.0854626e-02   1.2582758e-01
   1.7484140e-02  -2.4138822e-02   6.6246171e-02
   7.2154582e-03  -1.6493493e-02   7.2592275e-02
   7.3863856e-03   1.2217861e-03   4.8105142e-02
   1.7164349e-02  -6.7095381e-03   4.3954309e-02
   8.6735872e-03  -7.2232594e-02   1.2357206e-01
   1.7634753e-02  -7.8230417e-02   1.1646412e-01
   7.0297437e-03  -4.0512797e-02   9.6983147e-02
   1.8392001e-02  -4.7190130e-02   8.6216447e-02
   7.4864299e-03  -3.7016164e-03   5.6055472e-02
   1.7135449e-02  -1.1445516e-02   5.1230302e-02
   8.1833934e-03  -2.0445617e-02   7.6267274e-02
   1.7139877e-02  -2.6974970e-02   7.0466167e-02
   6.4188299e-03  -2.5699247e-02   8.3042788e-02
   1.8050440e-02  -3.4175186e-02   7.4915001e-02
   1.7213647e-02  -1.5125384e-02   5.5807600e-02
   7.2386355e-03  -7.3463226e-03   6.1171371e-02
   1.7638332e-02   2.3539477e-03   2.3261207e-02
   6.0703491e-03   1.1994990e-02   2.5623015e-02
   7.7667665e-03  -5.1925254e-02   1.0685556e-01
   1.7811593e-02  -5.8815458e-02   9.9194397e-02
   6.5248323e-03  -5.9952984e-02   1.1440645e-01
   1.8328858e-02  -6.7948098e-02   1.0518327e-01
   7.7966001e-03  -8.8445481e-02   1.3767824e-01
   1.8137216e-02  -9.5344831e-02   1.2940982e-01
   3.4996494e-03   1.5915116e-02   1.2694108e-02
   1.8125341e-02   3.6425676e-03   1.0932104e-02
   5.9093012e-03  -9.1202907e-02   1.4088965e-01
   1.8772581e-02  -9.9800541e-02   1.3058243e-01
   1.4112402e-02  -9.7082544e-02   1.3924593e-01
   1.1246621e-02  -9.8037850e-02   1.4325491e-01
   1.6461085e-02  -1.0152235e-01   1.3907370e-01
   1.8315857e-02  -1.0405658e-01   1.3621884e-01
   7.5145078e-03  -9.6837806e-02   1.4487862e-01
   1.4820052e-02   1.5253480e-03   3.6214198e-02
   1.0846676e-02   4.7987349e-03   3.7563359e-02
   1.2986291e-02   2.0926553e-03   3.9497539e-02
   1.4856301e-02   7.9539908e-03   1.9319343e-02
   1.0127700e-02   1.1913595e-02   1.9821546e-02
   1.0531330e-02  -5.9743114e-02   1.1163235e-01
   1.6463458e-02  -6.3762119e-02   1.0705652e-01
   1.0104936e-02   1.3373356e-02   1.4266328e-02
   1.6149952e-02  -3.1647963e-02   7.8152202e-02
   1.1110297e-02  -2.8193252e-02   8.2007294e-02
   1.2160127e-02  -6.5756400e-02   1.1520201e-01
   1.5456758e-02  -6.8041020e-02   1.1264133e-01
   3.9255189e-03  -8.8690262e-02   1.3941845e-01
   1.9162835e-02  -9.8879788e-02   1.2720940e-01
   1.0883088e-02  -4.6853836e-02   1.0006653e-01
   1.6056361e-02  -5.0449525e-02   9.6176986e-02
   1.0097120e-02  -3.6368204e-02   9.0963497e-02
   1.5698577e-02  -3.9527459e-02   8.6694471e-02
   1.1537780e-02  -7.8088960e-02   1.2623285e-01
   1.6060208e-02  -8.1119491e-02   1.2263384e-01
   1.6129603e-02  -7.3445655e-03   4.8552295e-02
   9.3104113e-03  -1.7988368e-03   5.1595111e-02
   8.9047776e-03   7.1354451e-03   3.4504225e-02
   1.6102943e-02   1.5581487e-03   3.2556660e-02
   1.7007467e-02   4.2205585e-03   2.0045627e-02
   6.7412171e-03   1.2921407e-02   2.1612203e-02
   4.3094111e-03  -7.7939011e-02   1.3032057e-01
   1.9039000e-02  -8.7787351e-02   1.1857834e-01
   1.2024913e-02  -2.3355002e-02   7.5777777e-02
   1.4663008e-02  -2.5237792e-02   7.3949456e-02
   4.3614169e-03   1.0026815e-03   5.0449129e-02
   1.8428498e-02  -1.0536082e-02   4.4127261e-02
   4.3014267e-03  -7.5280703e-02   1.2811703e-01
   1.9014161e-02  -8.5134677e-02   1.1639648e-01
   1.0823629e-02  -1.9101317e-02   7.2677027e-02
   1.5467160e-02  -2.2529358e-02   6.9673364e-02
   3.7466398e-03  -1.1796268e-03   5.4275081e-02
   1.8666008e-02  -1.3099226e-02   4.7206293e-02
   4.2856880e-03  -4.6424369e-02   1.0350442e-01
   1.8832351e-02  -5.6675192e-02   9.2283055e-02
   9.9164753e-03  -1.4966621e-02   6.8634930e-02
   1.5933228e-02  -1.9385854e-02   6.5084181e-02
   1.2553406e-02   1.0724074e-02   1.6785503e-02
   5.0146340e-03  -2.2034797e-02   7.9902748e-02
   1.8403525e-02  -3.1901195e-02   7.0871352e-02
   1.8596294e-02  -2.9271899e-02   6.6782671e-02
   4.0221571e-03  -1.8436931e-02   7.6181692e-02
   4.0784329e-03  -6.2498552e-02   1.1741810e-01
   1.8957197e-02  -7.2538369e-02   1.0574779e-01
   1.8948294e-02  -6.6788550e-02   1.0076207e-01
   3.9196531e-03  -5.6583481e-02   1.1240617e-01
   1.8797542e-02  -3.8192453e-02   7.5544309e-02
   3.8140687e-03  -2.7591779e-02   8.5985265e-02
   3.8054129e-03  -1.5031571e-02   7.2353545e-02
   1.8714455e-02  -2.6101954e-02   6.3295747e-02
   3.6212706e-03   1.4892130e-02   1.8353321e-02
   1.8519397e-02   1.8458999e-03   1.6247359e-02
   1.0229683e-02   2.3126438e-03   4.3124367e-02
   1.5139691e-02  -1.8072937e-03   4.1280909e-02
   3.7017053e-03  -1.2008369e-02   6.8649379e-02
   1.8614238e-02  -2.3320386e-02   5.9975299e-02
   1.5460737e-02   5.8216138e-03   2.4605971e-02
   9.6510862e-03   1.0240810e-02   2.5643795e-02
   1.0243454e-02  -7.5497800e-03   5.8582761e-02
   1.5295977e-02  -1.1454683e-02   5.5983177e-02
   1.0871120e-02  -5.0780327e-02   1.0361485e-01
   1.6135022e-02  -5.4429128e-02   9.9616336e-02
   3.2738631e-03   3.2916446e-03   4.6603868e-02
   1.8623088e-02  -9.2815086e-03   4.0284850e-02
   1.0693253e-02  -4.0058051e-02   9.3996716e-02
   1.6221783e-02  -4.3711606e-02   8.9611669e-02
   9.7752326e-03  -9.7572401e-03   6.2104275e-02
   1.5719580e-02  -1.4335073e-02   5.8853486e-02
   3.9257657e-03  -8.7723482e-03   6.4638685e-02
   1.8429120e-02  -2.0145709e-02   5.6451725e-02
   1.0931908e-02  -5.4342132e-02   1.0664887e-01
   1.6139724e-02  -5.7890292e-02   1.0266080e-01
   4.3832254e-03  -6.5825363e-02   1.2017294e-01
   1.8922739e-02  -7.5609422e-02   1.0869077e-01
   4.2129878e-03  -5.3435343e-02   1.0964982e-01
   1.8879609e-02  -6.3427350e-02   9.8377861e-02
   4.3843686e-03  -8.1876324e-02   1.3359536e-01
   1.9045687e-02  -9.1678254e-02   1.2187646e-01
   1.0611369e-02  -4.3289522e-02   9.7002133e-02
   1.6062541e-02  -4.7067410e-02   9.3063927e-02
   1.1117186e-02  -6.7716590e-02   1.1789839e-01
   1.6221495e-02  -7.1149947e-02   1.1388830e-01
   4.2183813e-03  -5.0208848e-02   1.0687327e-01
   1.8838806e-02  -6.0227480e-02   9.5689811e-02
   3.3527038e-03  -4.7181491e-03   5.9401658e-02
   1.8716809e-02  -1.6784197e-02   5.1496151e-02
   1.5220645e-02  -3.5786864e-02   8.4140320e-02
   1.0422048e-02  -3.3091828e-02   8.7575718e-02
   1.1561216e-02  -7.2818289e-02   1.2178346e-01
   1.5978072e-02  -7.5780029e-02   1.1827740e-01
   3.7843781e-03  -4.2353427e-02   9.9911644e-02
   4.3773977e-03  -7.0596467e-02   1.2417008e-01
   1.8978054e-02  -8.0383720e-02   1.1259747e-01
   1.1189646e-02  -8.3099546e-02   1.3077212e-01
   1.6363463e-02  -8.6565559e-02   1.2663442e-01
   4.3490189e-03  -8.5792753e-02   1.3688418e-01
   1.9077687e-02  -9.5639946e-02   1.2509197e-01
   3.3430514e-03   1.1772151e-02   2.8488493e-02
   1.8683946e-02  -1.2154727e-03   2.4732578e-02
   1.1250207e-02  -8.7358746e-02   1.3426954e-01
   1.6358918e-02  -9.0772367e-02   1.3018595e-01
   1.3166726e-02  -1.9465352e-03   4.6558151e-02
   1.6048436e-02  -9.4454635e-02   1.3390769e-01
   1.1826968e-02  -9.1640892e-02   1.3732131e-01
   3.4107075e-03   6.5008763e-03   4.0930052e-02
   1.8645153e-02  -6.1219140e-03   3.5538960e-02
   2.8043844e-03   1.0095413e-02   3.2927361e-02
   1.8719822e-02  -3.3056343e-03   2.8317565e-02
   3.9490344e-03  -9.6492085e-02   1.4595364e-01
   1.9209065e-02  -1.0669233e-01   1.3371714e-01
   1.2794407e-02   6.3871929e-03   2.9236875e-02
   1.3211867e-02  -1.5414709e-02   6.5315358e-02
   1.0256686e-02  -1.2873410e-04   4.7412991e-02
   1.5397065e-02  -4.3233316e-03   4.5406376e-02
   1.6618311e-02  -6.6802063e-02   1.0930561e-01
   1.0360451e-02  -6.2561045e-02   1.1421203e-01
   1.1531210e-02  -5.7483644e-02   1.0884760e-01
   1.5770001e-02  -6.0401771e-02   1.0553519e-01
   1.6543718e-02  -7.8704331e-02   1.1959924e-01
   1.0749259e-02  -7.4823864e-02   1.2420573e-01
   6.5806539e-03  -8.8206321e-04   5.2217373e-02
   1.7530016e-02  -9.5900465e-03   4.7146039e-02
   1.5014892e-02  -1.5692396e-02   6.2010127e-02
   1.0856520e-02  -1.2418376e-02   6.4488138e-02
   1.2360443e-02  -3.2403356e-02   8.4815150e-02
   1.4560594e-02  -3.1772454e-02   8.1222133e-02
   1.6346199e-02  -8.3902488e-02   1.2442534e-01
   1.1172981e-02  -8.0435917e-02   1.2855415e-01
   1.3217344e-02  -3.6217194e-02   8.7505767e-02
   1.3500817e-02  -3.9875171e-02   9.0630972e-02
   1.2550070e-02  -7.0731459e-02   1.1901210e-01
   1.5217157e-02  -7.2512236e-02   1.1687855e-01
   1.6584976e-02  -2.9462254e-02   7.4558659e-02
   9.5745463e-03  -2.4270528e-02   7.9521761e-02
   1.8137637e-02  -2.4491863e-03   3.1695471e-02
   4.8609372e-03   8.3714469e-03   3.5824589e-02
   8.7778347e-03  -9.1266777e-02   1.3946115e-01
   1.7762324e-02  -9.7267985e-02   1.3225848e-01
   1.8772055e-02   3.7025113e-04   2.0686744e-02
   3.4411914e-03   1.3200522e-02   2.3640288e-02
   7.4349757e-03  -3.2929566e-02   8.9602133e-02
   1.7981918e-02  -5.1513292e-02   9.1964565e-02
   7.4013539e-03  -4.4556235e-02   1.0043163e-01
   1.2961221e-02  -7.7617911e-03   5.5311710e-02
   7.6538501e-03  -4.8296331e-02   1.0372419e-01
   1.7772712e-02  -5.5293450e-02   9.6056708e-02
   1.3998680e-02  -7.9486146e-02   1.2458271e-01
   1.7598954e-02   6.1477155e-03   5.2061144e-03
   1.0755886e-02  -4.7740736e-03   5.4522071e-02
   1.5095824e-02  -8.2495717e-03   5.2431842e-02
   5.2742439e-03  -3.4730712e-02   9.2305428e-02
   6.8137559e-03   1.6668845e-02   4.2413315e-03
   1.0689293e-02   7.9739304e-03   2.9822932e-02
   1.4721572e-02   4.6996428e-03   2.8890146e-02
   7.2631061e-03  -3.7436963e-02   9.3933476e-02
   1.2078051e-02   1.2846492e-02   1.0265583e-02
   1.4519698e-02   1.1299751e-02   4.9539177e-03
   1.8691198e-02  -4.0526356e-02   7.8105626e-02
   3.7982292e-03  -3.1099373e-02   8.9273525e-02
   2.7582306e-03   1.8033678e-02   3.2440927e-03
   1.8698499e-02   2.8176884e-03   3.2580690e-03
   3.6416055e-03  -3.8376549e-02   9.6271491e-02
   1.4699584e-02   9.5025506e-03   1.4365411e-02
   1.7811854e-02  -4.0697364e-02   8.2401077e-02
   1.7644920e-02  -4.3551655e-02   8.5708389e-02
   8.8793246e-03   1.5082570e-02   6.7336356e-03
   1.8859449e-02  -4.4062458e-02   8.0089962e-02
   7.4374778e-03   1.5278851e-02   1.0054401e-02
   1.8828802e-02  -5.0245884e-02   8.6630212e-02
   1.8934266e-02  -5.4196088e-02   8.9192611e-02
   1.1077820e-02   1.4493333e-02   4.1923067e-03
   1.7689784e-02  -4.7743265e-02   8.9588075e-02
   1.8743825e-02  -4.5686421e-02   8.2948115e-02
  -1.2437910e-02   8.5614966e-03   2.6009481e-02
  -1.2342481e-02   9.4188447e-03   2.2452990e-02
  -1.2372095e-02   5.0198623e-03   3.4200647e-02
  -1.2628884e-02  -1.9815356e-02   7.1064973e-02
  -1.2588937e-02  -1.7369822e-02   6.8220257e-02
  -1.2526722e-02  -6.9677317e-03   5.5310044e-02
  -1.2610415e-02  -2.2354232e-02   7.3833671e-02
  -1.2607941e-02  -2.4866235e-02   7.6507295e-02
  -1.2700189e-02  -3.6286561e-02   8.7894581e-02
  -1.2693542e-02  -4.7671291e-02   9.8278220e-02
  -1.2706811e-02  -4.0274712e-02   9.1690847e-02
  -1.2730011e-02  -5.4726599e-02   1.0452575e-01
  -1.2733269e-02  -6.3259475e-02   1.1179813e-01
  -1.2748008e-02  -6.8970855e-02   1.1659984e-01
  -1.2735264e-02  -7.4543411e-02   1.2125273e-01
  -1.2371614e-02  -9.0397441e-02   1.3487311e-01
  -1.2530832e-02  -8.3378919e-02   1.2885139e-01
  -1.6208933e-02  -9.8777488e-02   1.3553814e-01
  -7.9030660e-03  -9.3761751e-02   1.4160608e-01
  -1.8476521e-02   3.5460890e-03   6.7921217e-03
  -1.8064918e-02  -1.0303536e-01   1.3287611e-01
  -2.7129588e-03   1.7259847e-02   6.8497325e-03
  -3.2044799e-03  -9.3858594e-02   1.4373042e-01
  -8.6781976e-03   1.4770973e-02   1.0539883e-02
  -6.4897356e-03  -8.9499233e-03   6.3545959e-02
  -1.6993309e-02  -1.6443880e-02   5.8255477e-02
  -1.6790219e-02  -8.8399466e-02   1.2547996e-01
  -6.5246518e-03  -8.1498171e-02   1.3216598e-01
  -6.7644117e-03   3.9436424e-03   4.3694577e-02
  -1.6733484e-02  -3.4708552e-03   4.0222276e-02
  -1.6984408e-02  -1.8527805e-02   6.0942676e-02
  -6.4186754e-03  -1.1182882e-02   6.6324244e-02
  -1.6738183e-02  -3.2054604e-02   7.6459792e-02
  -7.0578749e-03  -2.5557873e-02   8.2307350e-02
  -1.7025759e-02  -5.8600879e-02   9.9940730e-02
  -6.4838423e-03  -5.1931308e-02   1.0725704e-01
  -1.6628091e-02  -7.4803604e-02   1.1465154e-01
  -7.3040960e-03  -6.9043112e-02   1.2136605e-01
  -7.2742854e-03   1.3952386e-02   1.6213957e-02
  -1.6779105e-02   6.3679802e-03   1.4792598e-02
  -1.7097233e-02   1.6444824e-03   2.7841270e-02
  -7.0880360e-03   6.0351866e-03   3.9206613e-02
  -1.6584822e-02  -1.0853762e-03   3.6308499e-02
  -6.2187026e-03   1.0528866e-02   3.0611285e-02
  -6.5229910e-03  -1.5084024e-02   7.1058321e-02
  -1.6902663e-02  -2.2264016e-02   6.5326489e-02
  -1.6876878e-02  -2.8585648e-02   7.2258260e-02
  -6.6053463e-03  -2.1489527e-02   7.8295252e-02
  -1.7085528e-02  -6.2249125e-02   1.0289263e-01
  -6.3557213e-03  -5.5528946e-02   1.1041992e-01
  -5.4722803e-03  -4.2301999e-02   9.9266238e-02
  -1.7468628e-02  -5.0058960e-02   9.1128495e-02
  -6.6298695e-03  -6.4285160e-02   1.1771284e-01
  -1.6951570e-02  -7.0687261e-02   1.1035025e-01
  -1.7562238e-02  -6.7579063e-02   1.0584650e-01
  -5.1672718e-03  -5.9839240e-02   1.1467159e-01
  -1.6998585e-02  -1.3710337e-02   5.4847556e-02
  -6.4714418e-03  -6.1643423e-03   5.9862819e-02
  -1.6739312e-02  -3.8528311e-02   8.2717136e-02
  -7.0718363e-03  -3.2212816e-02   8.8901736e-02
  -1.6785218e-02  -4.5420892e-02   8.8869986e-02
  -6.9097436e-03  -3.8998569e-02   9.5463164e-02
  -6.6464819e-03  -3.5503628e-02   9.2405693e-02
  -1.6928399e-02  -4.2242180e-02   8.5585940e-02
  -1.7087574e-02  -8.0293256e-02   1.1793613e-01
  -6.2915090e-03  -7.3641460e-02   1.2574706e-01
  -5.6618700e-03   1.2055777e-02   2.5543100e-02
  -1.7440285e-02   2.8638758e-03   2.3311245e-02
  -1.7699945e-02  -2.6808485e-02   6.7487002e-02
  -4.6483978e-03  -1.7699011e-02   7.5127242e-02
  -1.7537594e-02  -5.3584183e-02   9.3966466e-02
  -5.2575724e-03  -4.5710193e-02   1.0238018e-01
  -1.6827997e-02  -5.5221761e-02   9.7553198e-02
  -6.8856219e-03  -4.8895169e-02   1.0438405e-01
  -1.7782966e-02  -9.2924731e-02   1.2587375e-01
  -5.2779510e-03  -8.4896653e-02   1.3556383e-01
  -1.6802634e-02  -9.4835790e-02   1.3077545e-01
  -6.5785786e-03  -8.9348906e-02   1.3868732e-01
  -1.8384388e-02   3.3267433e-03   1.1647113e-02
  -4.0165367e-03   1.6044728e-02   1.1748871e-02
  -1.8102834e-02  -9.9362962e-02   1.2965697e-01
  -3.9764257e-03  -9.1161550e-02   1.4125895e-01
  -1.2578202e-02  -9.5924965e-02   1.3922366e-01
  -1.4510101e-02  -1.0060488e-01   1.4038510e-01
  -1.0629336e-02  -9.8188869e-02   1.4319141e-01
  -6.1449142e-03  -9.6677354e-02   1.4501670e-01
  -1.7093918e-02  -1.0341557e-01   1.3702679e-01
  -1.4450898e-02   2.0463773e-03   3.6658426e-02
  -1.0287820e-02   5.1607908e-03   3.7788025e-02
  -1.5252549e-02  -5.1318410e-02   9.7670561e-02
  -9.6513769e-03  -4.7764619e-02   1.0150553e-01
  -1.2549881e-02   2.6115622e-03   3.9919675e-02
  -9.2791281e-03  -8.7527695e-02   1.3544815e-01
  -1.5524752e-02  -2.3636572e-02   7.0303173e-02
  -9.0306874e-03  -1.9074574e-02   7.4081183e-02
  -9.8315916e-03   1.1973636e-02   2.0189068e-02
  -1.4879486e-02   7.9119662e-03   1.9336568e-02
  -1.5473059e-02  -6.2788705e-02   1.0715145e-01
  -9.3231511e-03  -5.8947238e-02   1.1150396e-01
  -1.4925730e-02   9.2946334e-03   1.4035848e-02
  -1.4321338e-02  -6.7598556e-02   1.1320490e-01
  -1.0853642e-02  -6.5503622e-02   1.1570198e-01
  -1.2744804e-02  -4.4174487e-02   9.5237801e-02
  -1.4631379e-02  -4.3642075e-02   9.1959036e-02
  -1.0512753e-02  -4.0998053e-02   9.4712540e-02
  -1.4524276e-02  -1.0307756e-02   5.6215876e-02
  -1.0260847e-02  -7.2128060e-03   5.8313021e-02
  -1.0238865e-02  -3.3195386e-02   8.7469419e-02
  -1.4834798e-02  -3.6075110e-02   8.4667310e-02
  -8.8471877e-03  -7.6639855e-02   1.2671228e-01
  -1.5697718e-02  -8.0780591e-02   1.2174127e-01
  -1.5405740e-02   2.7944994e-03   3.2341628e-02
  -9.0716742e-03   7.8144433e-03   3.4006913e-02
  -2.8018075e-03  -3.9706557e-02   9.7673281e-02
  -1.8241203e-02  -4.9703517e-02   8.7275985e-02
  -1.5605594e-02  -4.7839674e-02   9.4022937e-02
  -9.1976128e-03  -4.3732146e-02   9.8374672e-02
  -6.4556498e-03   1.3236122e-02   2.1517030e-02
  -1.7228349e-02   4.8445199e-03   2.0179934e-02
  -1.5126566e-02  -5.4776259e-02   1.0093125e-01
  -9.8310142e-03  -5.1426156e-02   1.0458361e-01
  -1.8461102e-02  -1.1485178e-02   4.4939393e-02
  -2.4393371e-03   6.1381864e-04   5.1643546e-02
  -3.0910176e-03  -3.1327808e-02   8.9639833e-02
  -1.8190740e-02  -4.1235822e-02   7.9839589e-02
  -2.4397063e-03  -5.4394410e-03   6.0583138e-02
  -1.8414510e-02  -1.7321188e-02   5.2760171e-02
  -1.8206494e-02  -8.4010317e-02   1.1645460e-01
  -2.7251998e-03  -7.4476056e-02   1.2766262e-01
  -1.5052703e-02  -1.7704977e-02   6.4691070e-02
  -9.6046447e-03  -1.4037218e-02   6.7483585e-02
  -1.4982035e-02  -2.8173264e-02   7.6299723e-02
  -9.8234032e-03  -2.4612031e-02   7.9386904e-02
  -1.8252844e-02  -7.2096733e-02   1.0643587e-01
  -2.6865401e-03  -6.2435074e-02   1.1756027e-01
  -1.2593955e-02   1.0910087e-02   1.6929434e-02
  -1.8302378e-02  -6.6303451e-02   1.0143491e-01
  -2.6038260e-03  -5.6482544e-02   1.1252419e-01
  -2.5943126e-03  -2.0269861e-02   7.8568860e-02
  -1.8289597e-02  -3.1119894e-02   6.9192445e-02
  -1.8300040e-02   2.5245271e-03   1.6466186e-02
  -3.4085332e-03   1.4723255e-02   1.8077319e-02
  -1.3073823e-02  -8.7805906e-02   1.3185126e-01
  -1.8358478e-02  -2.5772608e-02   6.3422739e-02
  -2.6550952e-03  -1.4764128e-02   7.2226926e-02
  -9.4607056e-03   3.3210772e-03   4.2322558e-02
  -1.5008469e-02  -7.3826270e-04   4.0523798e-02
  -2.9715168e-03  -2.3229318e-02   8.1601334e-02
  -1.8209563e-02  -3.3691218e-02   7.2271231e-02
  -1.8387641e-02  -2.2916556e-02   6.0698585e-02
  -2.9523869e-03  -1.2098318e-02   6.8947246e-02
  -9.2164843e-03   1.0506397e-02   2.5934265e-02
  -1.5137867e-02   6.1172371e-03   2.4871465e-02
  -3.0478803e-03  -8.0222316e-03   6.3822792e-02
  -1.8249518e-02  -1.9022861e-02   5.6117159e-02
  -4.0728878e-03  -2.7419456e-02   8.5612857e-02
  -1.7963574e-02  -3.6672883e-02   7.6884112e-02
  -1.8245354e-02  -9.0799909e-02   1.2177177e-01
  -2.5783199e-03  -8.0950895e-02   1.3309349e-01
  -9.3392968e-03  -1.0045012e-02   6.2821342e-02
  -1.5292809e-02  -1.4233795e-02   5.9829418e-02
  -8.7493792e-03  -2.9453004e-02   8.5211329e-02
  -1.5822641e-02  -3.4161541e-02   8.0780265e-02
  -1.8231911e-02  -6.3047012e-02   9.9033132e-02
  -2.8826683e-03  -5.3371776e-02   1.0981595e-01
  -1.8166567e-02  -7.5159843e-02   1.0938018e-01
  -2.9802956e-03  -6.5746226e-02   1.2030200e-01
  -1.5140905e-02  -5.8618371e-02   1.0425411e-01
  -9.8539795e-03  -5.5265684e-02   1.0797938e-01
  -1.5158334e-02  -7.0734417e-02   1.1445179e-01
  -9.8223228e-03  -6.7447271e-02   1.1828034e-01
  -1.5247369e-02  -4.0324258e-02   8.7714292e-02
  -9.6038414e-03  -3.6653917e-02   9.1458988e-02
  -1.4974635e-02  -8.7008442e-02   1.2829398e-01
  -3.0927669e-03  -3.4973426e-02   9.3180936e-02
  -1.8158861e-02  -4.4846118e-02   8.3215351e-02
  -1.8271512e-02  -8.0089734e-02   1.1285992e-01
  -2.4920720e-03  -7.0348400e-02   1.2427035e-01
  -1.5810578e-02  -9.5287012e-03   5.2640320e-02
  -8.6460718e-03  -4.2958234e-03   5.5901969e-02
  -1.8220542e-02  -1.3627937e-02   5.0039143e-02
  -3.7850375e-03  -2.7531805e-03   5.6674667e-02
  -1.8562278e-02  -7.0018176e-04   2.4906705e-02
  -2.8714295e-03   1.1928276e-02   2.8408048e-02
  -1.0511548e-02  -9.1631907e-02   1.3783910e-01
  -1.4776776e-02  -9.1844221e-02   1.3265060e-01
  -2.8486672e-03  -4.9302010e-02   1.0627341e-01
  -1.8234862e-02  -5.9055017e-02   9.5588187e-02
  -1.2553426e-02   1.7010944e-04   4.4150155e-02
  -1.8185061e-02  -5.4952305e-03   3.6725958e-02
  -3.4048774e-03   6.0335853e-03   4.1781205e-02
  -1.8347613e-02  -5.2984135e-02   8.9774565e-02
  -2.4958709e-03  -4.2805068e-02   1.0058509e-01
  -1.2585344e-02  -1.0350772e-02   5.9595070e-02
  -1.2716196e-02  -3.1726465e-02   8.3562290e-02
  -1.8686961e-02  -2.7945699e-03   2.8650608e-02
  -2.3669988e-03   1.0365682e-02   3.3031425e-02
  -1.2719871e-02  -5.1166495e-02   1.0139019e-01
  -1.2558897e-02  -1.3792817e-02   6.3916710e-02
  -1.2620428e-02  -2.7525482e-02   7.9416452e-02
  -1.2732019e-02  -5.8800376e-02   1.0805331e-01
  -1.2524762e-02   7.1048502e-03   2.9537051e-02
  -1.5645375e-02  -6.6283851e-02   1.0978600e-01
  -9.0825864e-03  -6.2209068e-02   1.1446264e-01
  -9.4526391e-03  -8.0239570e-02   1.2924903e-01
  -1.5142332e-02  -8.3389879e-02   1.2498155e-01
  -9.3799059e-03  -8.4024734e-02   1.3244280e-01
  -1.5022650e-02  -7.6851642e-02   1.1977680e-01
  -9.9666396e-03  -7.3759942e-02   1.2343829e-01
  -1.4679425e-02  -2.5422035e-02   7.3936430e-02
  -1.0217667e-02  -2.2387330e-02   7.6521969e-02
  -9.2196478e-03   5.4457649e-04   4.7542084e-02
  -1.5296424e-02  -3.9079716e-03   4.5314156e-02
  -1.0213904e-02  -1.6932558e-02   7.0543029e-02
  -1.4714935e-02  -2.0037606e-02   6.8043903e-02
  -1.0345257e-02  -2.7763845e-02   8.2126392e-02
  -1.4661023e-02  -3.0628718e-02   7.9485269e-02
  -1.2671218e-02  -7.8554403e-02   1.2466274e-01
  -5.1895656e-03  -7.7608075e-02   1.2954378e-01
  -1.7461570e-02  -8.5201923e-02   1.2075122e-01
  -4.4670238e-03   8.5472385e-03   3.5768128e-02
  -1.7877444e-02  -1.8390231e-03   3.2018736e-02
  -1.4146205e-02  -7.2647705e-02   1.1773200e-01
  -1.1184026e-02  -7.0899373e-02   1.1993017e-01
  -3.1790912e-03   1.3492641e-02   2.3510913e-02
  -1.8485330e-02   8.7077822e-04   2.0899862e-02
  -1.5929432e-02  -9.0486937e-02   1.2930911e-01
  -1.4167657e-02  -9.3856590e-02   1.3532374e-01
  -5.9670325e-03   1.6910083e-02   5.3613580e-03
  -1.8231580e-02  -1.0615792e-01   1.3444609e-01
  -2.3886169e-03  -9.6383302e-02   1.4602389e-01
  -1.7491638e-02   7.1392666e-03   4.2230020e-03
  -2.2818245e-03  -8.8007013e-02   1.3903844e-01
  -1.6904905e-02  -8.3982415e-03   4.7841638e-02
  -6.6033049e-03  -8.1362164e-04   5.2051375e-02
  -1.5212671e-02   4.5116021e-03   2.8728872e-02
  -9.3787387e-03   9.1721662e-03   3.0213525e-02
  -4.6831095e-03   2.7077028e-03   4.6940407e-02
  -1.7780150e-02  -6.9467814e-03   4.2129433e-02
  -1.3454518e-02   1.1393811e-02   1.0079556e-02
  -1.1319224e-02   1.4225694e-02   4.7058611e-03
  -1.8695140e-02   3.0336990e-03   3.2331035e-03
  -2.7857835e-03   1.7904511e-02   3.2060264e-03
  -1.2494079e-02  -2.5661679e-03   4.8203810e-02
  -1.0390108e-02   1.2565808e-02   1.4814787e-02
  -1.8220370e-02  -9.6626772e-02   1.2671816e-01
  -1.4194264e-02  -5.6301159e-03   5.0595541e-02
  -1.0820848e-02  -2.9497554e-03   5.1770311e-02
  -1.6116491e-02   9.0558112e-03   6.6727548e-03
  -1.6743596e-02   7.4998334e-03   9.8112333e-03
  -1.4981026e-02   1.1134440e-02   4.2463906e-03
  -1.4884147e-02  -1.6231807e-02   1.6746367e-02
  -1.4664652e-02  -2.0207043e-02   2.5429066e-02
  -1.4678480e-02  -1.8107041e-02   2.1011419e-02
  -1.4436881e-02  -2.3600883e-02   3.1886852e-02
  -1.4178250e-02  -2.8459125e-02   3.9750376e-02
  -1.4041527e-02  -4.0251894e-02   5.3975506e-02
  -1.4119617e-02  -3.8077411e-02   5.1488679e-02
  -1.4152655e-02  -3.2857547e-02   4.5296324e-02
  -1.3932318e-02  -4.2508901e-02   5.6422287e-02
  -1.3901351e-02  -4.4788121e-02   5.8801080e-02
  -1.3827598e-02  -4.9534785e-02   6.3621070e-02
  -1.3750131e-02  -5.5278942e-02   6.9129844e-02
  -1.3665867e-02  -5.7853303e-02   7.1579743e-02
  -1.3548242e-02  -7.4035373e-02   8.5853427e-02
  -1.3705372e-02  -6.0805127e-02   7.4211245e-02
  -1.3626372e-02  -6.3039667e-02   7.6264848e-02
  -1.3578424e-02  -6.7056600e-02   7.9764619e-02
  -1.3499603e-02  -7.9645169e-02   9.0556952e-02
  -1.3476678e-02  -8.3758244e-02   9.4031702e-02
  -1.3520932e-02  -9.9144124e-02   1.0700866e-01
  -1.2924897e-02  -1.0866474e-01   1.1416322e-01
  -1.3679236e-02  -1.0475420e-01   1.1192254e-01
  -1.3364288e-02  -9.5452541e-02   1.0371023e-01
  -1.3356155e-02  -9.1551550e-02   1.0041871e-01
  -8.5193900e-03  -1.1602789e-01   1.1610630e-01
  -1.6743450e-02  -1.1052041e-01   1.2271077e-01
  -3.4370162e-03  -2.0117686e-02   5.7836565e-03
  -4.0205657e-03  -1.1792859e-01   1.1547354e-01
  -1.9169847e-02  -2.7686781e-03   6.3573054e-03
  -1.8239338e-02  -1.0844553e-01   1.2690627e-01
  -9.7256522e-03  -1.8559345e-02   7.9091036e-03
  -1.8038292e-02  -9.4324791e-03   9.2972976e-03
  -1.7448298e-02  -4.7049530e-02   6.9323671e-02
  -8.3289094e-03  -5.4203590e-02   6.2401122e-02
  -7.1599075e-03  -9.5069450e-02   9.7771882e-02
  -1.7380266e-02  -8.7750962e-02   1.0548936e-01
  -8.7799062e-03  -2.7400346e-02   2.9832409e-02
  -1.8001330e-02  -1.8078183e-02   3.4791629e-02
  -8.4205713e-03  -3.8435727e-02   4.5392193e-02
  -1.7761431e-02  -3.0317898e-02   5.1689711e-02
  -8.3665243e-03  -5.1035223e-02   5.9273381e-02
  -1.7524584e-02  -4.3752417e-02   6.6089943e-02
  -7.3669744e-03  -9.1227319e-02   9.4693068e-02
  -1.7403520e-02  -8.4393263e-02   1.0272678e-01
  -1.8563397e-02  -9.0245190e-03   1.3383030e-02
  -8.9924215e-03  -1.9631933e-02   1.1380918e-02
  -1.8252486e-02  -1.5049582e-02   3.1820996e-02
  -7.5443940e-03  -2.6291384e-02   2.6440169e-02
  -1.7893514e-02  -3.3562134e-02   5.6117504e-02
  -8.0153793e-03  -4.1917196e-02   4.9201809e-02
  -7.9382070e-03  -4.7595935e-02   5.5348778e-02
  -1.7726469e-02  -3.9559887e-02   6.2491497e-02
  -7.2526928e-03  -7.7694768e-02   8.3146461e-02
  -1.7568798e-02  -7.0467045e-02   9.1368695e-02
  -1.7648443e-02  -7.9632871e-02   9.9613596e-02
  -6.7757303e-03  -8.7113766e-02   9.0897346e-02
  -7.6676278e-03  -2.3990131e-02   2.2556971e-02
  -1.8680303e-02  -1.3026475e-02   2.6891701e-02
  -5.3743638e-03  -8.4036178e-02   8.7692937e-02
  -1.8094316e-02  -7.5270653e-02   9.7825548e-02
  -8.2168104e-03  -2.9234726e-02   3.2581848e-02
  -1.8068379e-02  -1.9619379e-02   3.7975401e-02
  -7.2169610e-03  -7.3908355e-02   7.9779450e-02
  -1.7615872e-02  -6.6504845e-02   8.8041204e-02
  -1.7415589e-02  -5.3680140e-02   7.5809934e-02
  -7.9977594e-03  -6.0746868e-02   6.8481256e-02
  -8.2797109e-03  -3.2620168e-02   3.7844376e-02
  -1.7918127e-02  -2.3712352e-02   4.3647157e-02
  -7.3120294e-03  -6.4720581e-02   7.1727414e-02
  -1.7682924e-02  -5.7128021e-02   7.9808833e-02
  -1.7972991e-02  -2.6739428e-02   4.7974064e-02
  -8.0008391e-03  -3.5660501e-02   4.1558093e-02
  -1.8758715e-02  -1.1078263e-02   2.2181301e-02
  -8.2822982e-03  -2.2422706e-02   1.8707667e-02
  -5.8870611e-03  -4.5354010e-02   5.1708745e-02
  -1.8437815e-02  -3.4899133e-02   6.0645767e-02
  -7.3711399e-03  -7.0403076e-02   7.6870767e-02
  -1.7570952e-02  -6.3105421e-02   8.4929728e-02
  -7.1656677e-03  -1.0329477e-01   1.0464102e-01
  -7.0836450e-03  -9.9003418e-02   1.0103175e-01
  -1.7127360e-02  -9.1520169e-02   1.0784743e-01
  -1.7322678e-02  -9.7814206e-02   1.1378343e-01
  -1.7479201e-02  -9.4315328e-02   1.1138661e-01
  -7.8905097e-03  -1.0741812e-01   1.0849973e-01
  -1.7483793e-02  -1.0264407e-01   1.1842835e-01
  -7.3803419e-03  -1.1212010e-01   1.1211789e-01
  -1.7078709e-02  -1.0668676e-01   1.2045851e-01
  -5.4458594e-03  -2.0298667e-02   8.8028955e-03
  -1.9256539e-02  -4.7956424e-03   1.0143923e-02
  -4.8269754e-03  -1.1507924e-01   1.1337490e-01
  -1.8053980e-02  -1.0644966e-01   1.2409298e-01
  -1.3321218e-02  -1.1419940e-01   1.1931954e-01
  -1.4793594e-02  -1.1013367e-01   1.1818119e-01
  -1.1463577e-02  -1.1212186e-01   1.1536610e-01
  -1.1340711e-02  -1.1773641e-01   1.1993779e-01
  -1.5047967e-02  -1.1522435e-01   1.2289839e-01
  -1.7425005e-02  -1.1248097e-01   1.2648027e-01
  -6.9072814e-03  -1.1952352e-01   1.1803334e-01
  -1.6703553e-02  -3.8435120e-02   5.7649894e-02
  -1.0441978e-02  -4.3674739e-02   5.3151335e-02
  -1.7102937e-02  -1.2907620e-02   1.5315696e-02
  -1.2112921e-02  -1.8312431e-02   1.4070807e-02
  -1.1271826e-02  -1.0337765e-01   1.0787336e-01
  -1.1308030e-02  -2.3279332e-02   2.5680440e-02
  -1.6901431e-02  -1.7572487e-02   2.8025385e-02
  -1.2762462e-02  -1.7121866e-02   1.0197165e-02
  -1.5704565e-02  -1.3812117e-02   9.4093747e-03
  -1.0565352e-02  -7.0551863e-02   7.9364631e-02
  -1.5964079e-02  -6.6652856e-02   8.3634033e-02
  -1.1384263e-02  -1.0685606e-01   1.1088371e-01
  -3.2496879e-03  -1.1299733e-01   1.1114234e-01
  -1.8270608e-02  -1.0296642e-01   1.2246504e-01
  -1.6211447e-02  -1.0158682e-01   1.1386423e-01
  -1.6060466e-02  -5.3048515e-02   7.1213647e-02
  -1.0853020e-02  -5.6981500e-02   6.7244816e-02
  -1.1004101e-02  -2.9402525e-02   3.5840274e-02
  -1.6950647e-02  -2.3835704e-02   3.9220502e-02
  -1.8371393e-02  -8.8324568e-02   1.1072401e-01
  -4.3026971e-03  -3.0526827e-02   3.1960419e-02
  -1.9076022e-02  -1.6414895e-02   4.0223636e-02
  -3.7950093e-03  -1.0991134e-01   1.0871935e-01
  -3.7671975e-03  -5.9754082e-02   6.5632053e-02
  -1.8556313e-02  -4.8669393e-02   7.7003094e-02
  -4.2125825e-03  -3.2447002e-02   3.5133762e-02
  -1.8923640e-02  -1.8793132e-02   4.3800778e-02
  -1.8376050e-02  -9.1722568e-02   1.1368106e-01
  -1.1306617e-02  -3.8833245e-02   4.8600983e-02
  -1.6339362e-02  -3.4534924e-02   5.2059499e-02
  -1.1232774e-02  -4.7915674e-02   5.8428650e-02
  -1.6089611e-02  -4.3922539e-02   6.2095747e-02
  -1.0252342e-02  -8.7754109e-02   9.3841238e-02
  -1.5976800e-02  -8.3856834e-02   9.8436780e-02
  -1.8395103e-02  -1.0012778e-01   1.2102486e-01
  -3.8240269e-03  -1.0617131e-01   1.0561932e-01
  -3.4943916e-03  -2.7770916e-02   2.6807177e-02
  -1.8876214e-02  -1.2126647e-02   3.4479030e-02
  -4.0486707e-03  -8.0901150e-02   8.4529647e-02
  -1.8409851e-02  -7.0932784e-02   9.5975871e-02
  -1.8466849e-02  -7.6513021e-02   1.0140128e-01
  -3.4407128e-03  -8.6841637e-02   8.9379081e-02
  -1.8411001e-02  -7.9837563e-02   1.0375819e-01
  -3.6757979e-03  -4.8274868e-02   5.3992217e-02
  -1.8720530e-02  -3.5943459e-02   6.4879117e-02
  -1.5745043e-02  -8.7778761e-02   1.0125276e-01
  -3.7654150e-03  -4.3517114e-02   4.8824432e-02
  -1.8780735e-02  -3.0779436e-02   5.9357698e-02
  -4.7294984e-03  -2.1521016e-02   1.2453094e-02
  -1.9384175e-02  -5.2536146e-03   1.5601577e-02
  -1.8655307e-02  -3.8903522e-02   6.7408544e-02
  -4.0137925e-03  -5.0613048e-02   5.6691887e-02
  -4.0630262e-03  -4.1147884e-02   4.6202415e-02
  -1.8819395e-02  -2.8490625e-02   5.6292907e-02
  -1.0165104e-02  -6.6660005e-02   7.5570606e-02
  -1.6269266e-02  -6.2223253e-02   8.0398813e-02
  -3.7425718e-03  -8.9861907e-02   9.2021717e-02
  -1.8376110e-02  -8.3592223e-02   1.0676088e-01
  -1.1671250e-02  -3.2434003e-02   4.1289279e-02
  -1.6068941e-02  -2.8397106e-02   4.4099874e-02
  -1.1315984e-02  -6.2035675e-02   7.2439468e-02
  -1.5671187e-02  -5.8867421e-02   7.5864355e-02
  -1.8534150e-02  -4.3251659e-02   7.0875384e-02
  -4.5649687e-03  -5.4113943e-02   6.0384093e-02
  -1.0771508e-02  -3.5440700e-02   4.3843481e-02
  -1.6705247e-02  -3.0193015e-02   4.7677895e-02
  -4.2792997e-03  -3.8544677e-02   4.2961985e-02
  -1.8811773e-02  -2.5689805e-02   5.2674530e-02
  -1.7260486e-02  -1.3955888e-02   1.9351762e-02
  -1.1921618e-02  -1.9745051e-02   1.7869285e-02
  -1.8787440e-02  -1.5302293e-02   3.6395015e-02
  -5.5504242e-03  -2.8397872e-02   2.9373232e-02
  -3.3067707e-03  -7.6874963e-02   8.0814757e-02
  -1.8557461e-02  -6.6141713e-02   9.2908982e-02
  -1.5935425e-02  -4.8265166e-02   6.6339483e-02
  -1.1256118e-02  -5.2031750e-02   6.2708080e-02
  -3.7431732e-03  -3.5505379e-02   3.8857927e-02
  -1.8928607e-02  -2.1671795e-02   4.8394200e-02
  -1.1533270e-02  -2.1415147e-02   2.1742673e-02
  -1.6991112e-02  -1.5731319e-02   2.3813847e-02
  -1.8513163e-02  -5.2202934e-02   8.0047248e-02
  -3.8792367e-03  -6.2981309e-02   6.8707454e-02
  -3.7745696e-03  -9.3459910e-02   9.5022086e-02
  -3.5502064e-03  -2.4097301e-02   1.9572696e-02
  -1.9365408e-02  -7.8699236e-03   2.5742666e-02
  -1.0607242e-02  -9.1550155e-02   9.7335524e-02
  -4.3315276e-03  -2.2412439e-02   1.5509720e-02
  -1.9397099e-02  -6.1581323e-03   2.0019136e-02
  -1.5054558e-02  -1.5272143e-02   1.2811273e-02
  -1.0403349e-02  -9.5337127e-02   1.0030952e-01
  -1.3555368e-02  -7.0143739e-02   8.2507280e-02
  -3.1693234e-03  -9.7990227e-02   9.8635857e-02
  -1.8300819e-02  -9.5317038e-02   1.1619580e-01
  -1.8687631e-02  -9.4433358e-03   1.7522710e-02
  -8.2660406e-03  -2.0606899e-02   1.5078658e-02
  -1.5569726e-02  -1.0570013e-01   1.1592355e-01
  -1.0307627e-02  -1.0953115e-01   1.1209139e-01
  -3.6009519e-03  -1.0256441e-01   1.0253977e-01
  -1.3764754e-02  -5.2649539e-02   6.6741046e-02
  -1.4183292e-02  -2.5721272e-02   3.5669351e-02
  -1.0546932e-02  -9.9459093e-02   1.0391337e-01
  -1.5846405e-02  -9.8395155e-02   1.1038045e-01
  -1.3889850e-02  -4.7100330e-02   6.1119982e-02
  -1.4073712e-02  -3.5807971e-02   4.8925659e-02
  -1.3416576e-02  -8.7946916e-02   9.7462823e-02
  -1.4442895e-02  -2.1468999e-02   2.8219608e-02
  -1.3544231e-02  -7.6637873e-02   8.8020136e-02
  -3.9424564e-03  -2.6098539e-02   2.4064420e-02
  -1.9147577e-02  -1.0679806e-02   3.0655282e-02
  -1.5797245e-02  -5.5969944e-02   7.3582071e-02
  -1.1119308e-02  -5.9525628e-02   6.9889018e-02
  -1.6461561e-02  -2.1885798e-02   3.5055197e-02
  -1.1538506e-02  -2.6748885e-02   3.2383093e-02
  -1.1007306e-02  -7.8192621e-02   8.6385839e-02
  -1.5636629e-02  -7.4954632e-02   9.0110182e-02
  -1.0349681e-02  -5.4891153e-02   6.4868482e-02
  -1.6369682e-02  -5.0283062e-02   6.9471476e-02
  -1.5701585e-02  -9.5256760e-02   1.0743822e-01
  -9.8111796e-03  -8.3167481e-02   8.9603415e-02
  -1.6289986e-02  -7.8684185e-02   9.4770095e-02
  -1.5580972e-02  -4.6605844e-02   6.3785753e-02
  -1.1812553e-02  -4.9601725e-02   6.0927810e-02
  -1.1585810e-02  -4.5440917e-02   5.6359434e-02
  -1.5849390e-02  -4.1912751e-02   5.9421441e-02
  -1.1719630e-02  -4.0622134e-02   5.1193188e-02
  -1.6009047e-02  -3.7078090e-02   5.4155565e-02
  -1.8017874e-02  -9.8974412e-02   1.1760600e-01
  -1.1640188e-02  -2.4976971e-02   2.8854785e-02
  -1.6621792e-02  -1.9691768e-02   3.1575085e-02
  -1.8296967e-02  -2.0492534e-02   4.0943185e-02
  -7.3949443e-03  -3.1029616e-02   3.4629575e-02
  -1.7805474e-02  -4.8952579e-02   7.2670256e-02
  -7.1472775e-03  -5.7055016e-02   6.4493149e-02
  -1.5935971e-02  -7.0614120e-02   8.6989340e-02
  -1.0589526e-02  -7.4374070e-02   8.2763816e-02
  -1.5963281e-02  -3.2768607e-02   4.9014065e-02
  -1.1865301e-02  -3.6355220e-02   4.6280355e-02
  -1.5631798e-02  -9.1597754e-02   1.0423527e-01
  -1.4058334e-02  -3.0506918e-02   4.2541175e-02
  -7.6000136e-03  -8.0929924e-02   8.6122233e-02
  -1.7410725e-02  -7.4103135e-02   9.3953170e-02
  -1.8490817e-02  -6.0932484e-03   4.8793754e-03
  -8.0258474e-03  -1.8363079e-02   4.4352173e-03
  -1.3214923e-02  -1.6063991e-02   6.8371652e-03
  -1.5791976e-02  -1.1718851e-02   5.0263584e-03
  -3.1657160e-03  -1.9399956e-02   3.0805913e-03
  -1.9045387e-02  -2.6550275e-03   3.1661562e-03
  -1.8669921e-02  -4.5080245e-02   7.4413165e-02
  -3.2322273e-03  -5.6907049e-02   6.2633805e-02
  -1.1348470e-02  -3.0788591e-02   3.8584967e-02
  -1.6462323e-02  -2.6163226e-02   4.1612255e-02
  -1.4261101e-02  -1.0153605e-01   1.1010940e-01
  -1.6972595e-02  -1.1987525e-02   1.1940649e-02
  -1.8478121e-02  -6.2226668e-02   8.8827463e-02
  -3.8693672e-03  -7.2617176e-02   7.7316061e-02
  -1.2077478e-02  -1.5292122e-02   3.5090133e-03
  -1.8375073e-02  -5.8794420e-02   8.4760630e-02
  -4.6775631e-03  -6.8674095e-02   7.4012930e-02
  -1.8638620e-02  -5.4622187e-02   8.2955886e-02
  -3.3108753e-03  -6.5763463e-02   7.1043951e-02
  -3.2050706e-03  -1.2051056e-01   1.1739946e-01
  -1.8376001e-02  -1.1036243e-01   1.2958207e-01
   1.4506812e-02  -1.7570536e-02   1.8280266e-02
   1.4592913e-02  -1.6625646e-02   1.5990399e-02
   1.4451685e-02  -2.0037403e-02   2.4411790e-02
   1.3863306e-02  -2.7427536e-02   3.7085338e-02
   1.3588585e-02  -4.0812106e-02   5.3708782e-02
   1.3664400e-02  -3.8000723e-02   5.0635988e-02
   1.3783342e-02  -2.9890118e-02   4.0469645e-02
   1.3528847e-02  -4.7623835e-02   6.0997801e-02
   1.3582922e-02  -5.1549418e-02   6.4828815e-02
   1.3558238e-02  -5.8194077e-02   7.1099042e-02
   1.3538950e-02  -6.3114955e-02   7.5555572e-02
   1.3459661e-02  -7.6107330e-02   8.6810514e-02
   1.3522252e-02  -6.0557613e-02   7.3260927e-02
   1.3497234e-02  -6.7304145e-02   7.9232960e-02
   1.3435473e-02  -8.0045316e-02   9.0176164e-02
   1.3444853e-02  -8.5459301e-02   9.4701123e-02
   1.3324843e-02  -1.0483959e-01   1.1055635e-01
   1.3622442e-02  -9.7153707e-02   1.0457659e-01
   1.3459600e-02  -8.9196385e-02   9.7814312e-02
   1.7172663e-02  -1.1091590e-01   1.2207624e-01
   8.6601039e-03  -1.1562113e-01   1.1533284e-01
   1.9274975e-02  -3.7758804e-03   6.2786498e-03
   1.8848523e-02  -1.0883068e-01   1.2605519e-01
   2.9087607e-03  -2.0167903e-02   5.6484158e-03
   3.9562800e-03  -1.1768203e-01   1.1502409e-01
   1.0052544e-02  -1.8106721e-02   7.8009595e-03
   1.7703375e-02  -5.3929638e-02   7.5634779e-02
   7.2592785e-03  -6.1133893e-02   6.8232258e-02
   7.4639890e-03  -9.5039701e-02   9.7584022e-02
   1.7590214e-02  -8.8714690e-02   1.0500586e-01
   1.7694062e-02  -9.3365122e-02   1.0909700e-01
   7.2874819e-03  -9.9851279e-02   1.0147309e-01
   1.8050007e-02  -1.6858393e-02   3.3393864e-02
   7.1342941e-03  -2.7215198e-02   2.8220409e-02
   1.8008159e-02  -2.9821588e-02   5.1257268e-02
   6.9997610e-03  -3.8673870e-02   4.4499121e-02
   1.7687813e-02  -5.0445835e-02   7.2423347e-02
   7.2385012e-03  -5.7847865e-02   6.5107121e-02
   1.7486855e-02  -8.5269219e-02   1.0187446e-01
   7.6771072e-03  -9.1432604e-02   9.4681034e-02
   1.7933307e-02  -9.7104608e-02   1.1288063e-01
   7.8500250e-03  -1.0376933e-01   1.0503137e-01
   8.6519744e-03  -1.9503705e-02   1.1354103e-02
   1.8405826e-02  -9.4321149e-03   1.2621699e-02
   1.8440474e-02  -1.1650896e-02   2.3753978e-02
   1.7870416e-02  -1.5994444e-02   2.9714234e-02
   8.3295685e-03  -2.5245197e-02   2.5521615e-02
   7.4386521e-03  -2.2808134e-02   1.9171836e-02
   1.8019787e-02  -3.3025967e-02   5.5379169e-02
   6.7567074e-03  -4.1904700e-02   4.8087912e-02
   6.9008170e-03  -5.4748434e-02   6.1944636e-02
   1.7867806e-02  -4.6797986e-02   6.9516247e-02
   1.7740860e-02  -5.8406588e-02   7.9869416e-02
   7.0600263e-03  -6.5642523e-02   7.2186290e-02
   1.7669060e-02  -7.3274631e-02   9.2528313e-02
   7.1481230e-03  -8.0042624e-02   8.4843755e-02
   1.7532060e-02  -7.9434200e-02   9.7205490e-02
   7.5436144e-03  -8.5792094e-02   8.9881398e-02
   1.7727460e-02  -2.1111909e-02   3.8814809e-02
   7.6716556e-03  -3.0007800e-02   3.3319965e-02
   1.7566566e-02  -6.7111282e-02   8.7122271e-02
   7.3113628e-03  -7.3876702e-02   7.9602457e-02
   1.7722188e-02  -2.7560734e-02   4.7551253e-02
   7.8076780e-03  -3.6045583e-02   4.1552351e-02
   1.7656079e-02  -9.1025288e-02   1.0708398e-01
   7.3393331e-03  -9.7459270e-02   9.9527186e-02
   1.8009576e-02  -2.3266300e-02   4.3001553e-02
   6.9762607e-03  -3.2748591e-02   3.6784920e-02
   1.7714595e-02  -5.6192160e-02   7.7694135e-02
   7.2055974e-03  -6.3319656e-02   7.0269497e-02
   6.8356369e-03  -2.2073750e-02   1.6159077e-02
   1.8684088e-02  -9.9892226e-03   2.0212057e-02
   1.8554601e-02  -3.4588721e-02   5.9988773e-02
   4.6810178e-03  -4.5295673e-02   5.0995189e-02
   1.7683468e-02  -3.8038482e-02   5.9983949e-02
   7.3010362e-03  -4.6048159e-02   5.3138660e-02
   1.8285270e-02  -4.2636969e-02   6.6977538e-02
   5.6979826e-03  -5.1843885e-02   5.8511415e-02
   1.8042362e-02  -6.2426192e-02   8.4574472e-02
   6.1543204e-03  -7.0351390e-02   7.5931394e-02
   1.7552622e-02  -1.0203544e-01   1.1577764e-01
   1.7249879e-02  -1.0634767e-01   1.1852008e-01
   8.6990656e-03  -1.1146100e-01   1.1189751e-01
   1.9104136e-02  -4.7251981e-03   1.0631724e-02
   4.8430343e-03  -2.0433973e-02   8.6598394e-03
   1.8469904e-02  -1.0657624e-01   1.2249812e-01
   1.3540671e-02  -1.1451326e-01   1.1882050e-01
   1.1462145e-02  -1.1264006e-01   1.1502153e-01
   1.4642016e-02  -1.1015147e-01   1.1670131e-01
   1.5342760e-02  -1.1563011e-01   1.2232357e-01
   1.1460502e-02  -1.1799638e-01   1.1946657e-01
   6.9564013e-03  -1.1952620e-01   1.1764145e-01
   1.7937528e-02  -1.1289388e-01   1.2579322e-01
   1.3466859e-02  -9.3036531e-02   1.0098816e-01
   1.1926515e-02  -2.2966136e-02   2.5779647e-02
   1.6258608e-02  -1.8955979e-02   2.7610255e-02
   1.4114667e-02  -2.2028969e-02   2.8561398e-02
   1.1733825e-02  -1.8669969e-02   1.3853356e-02
   1.6712108e-02  -1.2968714e-02   1.5255979e-02
   1.6121909e-02  -3.9527515e-02   5.7145721e-02
   1.0378610e-02  -4.4062982e-02   5.3308160e-02
   1.6535798e-02  -1.2328601e-02   1.1282715e-02
   1.6046597e-02  -6.6970112e-02   8.3094421e-02
   1.0312578e-02  -7.0747335e-02   7.8908544e-02
   1.6107549e-02  -1.0113279e-01   1.1172791e-01
   1.1341375e-02  -1.0370669e-01   1.0752435e-01
   4.3847253e-03  -1.1395633e-01   1.1203755e-01
   1.5964513e-02  -2.4037100e-02   3.6964350e-02
   1.1155156e-02  -2.8353564e-02   3.4355943e-02
   1.5961688e-02  -2.9036641e-02   4.3828375e-02
   1.1121493e-02  -3.3187238e-02   4.0982811e-02
   1.7070536e-02  -1.6130359e-02   2.5096190e-02
   1.0678699e-02  -2.2419502e-02   2.2492939e-02
   3.3075232e-03  -9.2410286e-02   9.3874773e-02
   1.8902567e-02  -8.2636506e-02   1.0528643e-01
   7.7442100e-03  -2.1024647e-02   1.3998775e-02
   1.8506486e-02  -9.8773646e-03   1.7053847e-02
   1.8845870e-02  -8.8761366e-02   1.0988686e-01
   3.6909765e-03  -9.8216693e-02   9.8785867e-02
   1.8726740e-02  -1.7416198e-02   4.0306088e-02
   3.5266739e-03  -3.1037345e-02   3.2457544e-02
   1.8797520e-02  -2.3602768e-02   4.7629633e-02
   4.4849477e-03  -3.5772152e-02   3.9205248e-02
   1.8796951e-02  -6.3494117e-02   8.9191872e-02
   3.3255781e-03  -7.3655871e-02   7.7946763e-02
   1.6098897e-02  -3.6878984e-02   5.4059372e-02
   1.0572020e-02  -4.1251468e-02   5.0369069e-02
   1.0625397e-02  -5.4561568e-02   6.4456219e-02
   1.5948265e-02  -5.0745106e-02   6.8136177e-02
   1.4503055e-02  -1.5582310e-02   1.2705333e-02
   1.8908434e-02  -9.5490732e-02   1.1567781e-01
   4.4668197e-03  -1.0649726e-01   1.0587335e-01
   1.8744634e-02  -7.1258106e-02   9.5087493e-02
   3.8264892e-03  -8.0790149e-02   8.4236601e-02
   3.1518992e-03  -5.4262760e-02   6.0016639e-02
   1.8859014e-02  -4.2897156e-02   7.0785940e-02
   1.9449162e-02  -5.7721696e-03   1.4896949e-02
   4.0340741e-03  -2.1538416e-02   1.1857205e-02
   1.6630752e-02  -8.2969676e-02   9.7893715e-02
   9.2939220e-03  -8.7611148e-02   9.2524085e-02
   1.6314390e-02  -1.9878678e-02   3.1290642e-02
   1.1009918e-02  -2.5121630e-02   2.8466503e-02
   1.8816726e-02  -4.5950878e-02   7.3274869e-02
   3.4773230e-03  -5.6812242e-02   6.2624140e-02
   1.8858747e-02  -2.9020912e-02   5.6083163e-02
   3.1697459e-03  -4.1504044e-02   4.6303337e-02
   1.1187393e-02  -1.9895890e-02   1.7049168e-02
   1.7010350e-02  -1.4163361e-02   1.9423589e-02
   1.6007155e-02  -6.2962950e-02   7.9569285e-02
   1.0368269e-02  -6.6757622e-02   7.5421399e-02
   3.7634268e-03  -2.9304327e-02   2.9464549e-02
   1.8901425e-02  -1.5417682e-02   3.6887253e-02
   1.8902729e-02  -2.6041515e-02   5.2046801e-02
   3.4725907e-03  -3.8520119e-02   4.2689784e-02
   1.8751486e-02  -4.9359641e-02   7.6354922e-02
   3.5798622e-03  -5.9941742e-02   6.5673074e-02
   1.6158493e-02  -3.1300786e-02   4.7191757e-02
   1.0929218e-02  -3.5698635e-02   4.4023665e-02
   1.8518490e-02  -6.7764320e-02   9.1136511e-02
   4.6209124e-03  -7.6786769e-02   8.1014873e-02
   1.8892080e-02  -9.2896886e-02   1.1348089e-01
   3.5558127e-03  -1.0242335e-01   1.0225732e-01
   1.5895236e-02  -5.4394618e-02   7.1495113e-02
   1.0658930e-02  -5.8000828e-02   6.7784881e-02
   1.6404970e-02  -7.1513195e-02   8.7753446e-02
   9.7073690e-03  -7.5872942e-02   8.2863358e-02
   1.6279078e-02  -2.5957063e-02   4.0519730e-02
   1.0678887e-02  -3.0805680e-02   3.7370651e-02
   1.6020699e-02  -9.7303324e-02   1.0842903e-01
   1.0862382e-02  -1.0051707e-01   1.0445191e-01
   1.8799237e-02  -5.7463414e-02   8.3920965e-02
   3.3283962e-03  -6.7863871e-02   7.2795289e-02
   1.8783418e-02  -5.3638438e-02   8.0268174e-02
   3.5377626e-03  -6.3990065e-02   6.9480731e-02
   1.8901977e-02  -2.0042734e-02   4.4229471e-02
   3.5125980e-03  -3.3270769e-02   3.5833958e-02
   1.5956765e-02  -5.8560627e-02   7.5426977e-02
   1.0563204e-02  -6.2267862e-02   7.1558174e-02
   1.8823399e-02  -9.9108358e-02   1.1808994e-01
   1.9204117e-02  -7.4726606e-03   2.2948219e-02
   3.5090654e-03  -2.3345254e-02   1.7490004e-02
   9.1129502e-03  -1.0715347e-01   1.0860446e-01
   1.3471752e-02  -7.1542267e-02   8.2928799e-02
   1.8688743e-02  -3.7295991e-02   6.4247881e-02
   3.7280348e-03  -4.8559442e-02   5.4353892e-02
   1.6166326e-02  -9.2957093e-02   1.0513430e-01
   1.0243063e-02  -9.6657233e-02   1.0075020e-01
   1.2451167e-02  -1.0890309e-01   1.1291833e-01
   1.5426031e-02  -1.0567063e-01   1.1424665e-01
   1.3880638e-02  -2.4545373e-02   3.2600184e-02
   1.8941998e-02  -3.1164354e-02   5.9056502e-02
   2.7553323e-03  -4.3765548e-02   4.8759943e-02
   1.8854751e-02  -1.2435207e-02   3.2415667e-02
   3.6801726e-03  -2.6977209e-02   2.5767430e-02
   1.3795221e-02  -3.5119601e-02   4.7241257e-02
   1.3739391e-02  -3.2540323e-02   4.3961991e-02
   1.3628978e-02  -4.3974746e-02   5.7093712e-02
   1.9165934e-02  -8.4412708e-03   2.6759497e-02
   2.8596584e-03  -2.4689144e-02   2.0359422e-02
   1.3524918e-02  -5.4515000e-02   6.7772259e-02
   1.4511891e-02  -1.8600639e-02   2.0888613e-02
   1.8691886e-02  -7.5142915e-02   9.7977732e-02
   4.1255487e-03  -8.4383412e-02   8.7352294e-02
   1.5755136e-02  -8.9456421e-02   1.0147652e-01
   1.0716644e-02  -9.2595712e-02   9.7779039e-02
   1.0574649e-02  -3.8707880e-02   4.7401800e-02
   1.6258933e-02  -3.4146261e-02   5.1071783e-02
   4.4527784e-03  -9.4508204e-02   9.5922873e-02
   1.8646249e-02  -8.5642476e-02   1.0630189e-01
   1.0584298e-02  -7.9891617e-02   8.7039393e-02
   1.5795368e-02  -7.6526981e-02   9.0871060e-02
   3.9235648e-03  -8.8376137e-02   9.0668038e-02
   1.8741241e-02  -7.9043881e-02   1.0150999e-01
   1.7133816e-02  -7.7372660e-02   9.4414375e-02
   8.3603832e-03  -8.2964810e-02   8.8024416e-02
   9.3806328e-03  -2.7745309e-02   3.0976878e-02
   1.7219810e-02  -2.0682036e-02   3.5106152e-02
   1.0168468e-02  -5.1512694e-02   6.1027211e-02
   1.6249211e-02  -4.7013767e-02   6.5178828e-02
   9.4219053e-03  -4.7928639e-02   5.6655636e-02
   1.6616103e-02  -4.2336195e-02   6.1592028e-02
   1.7512269e-02  -3.6452049e-02   5.7253091e-02
   7.9548163e-03  -4.3832856e-02   5.1093064e-02
   1.5569178e-02  -8.6393688e-02   9.8622952e-02
   1.0974694e-02  -8.9287893e-02   9.5246873e-02
   4.5167957e-03  -1.1026326e-01   1.0899935e-01
   5.5096212e-03  -2.4975952e-02   2.2433963e-02
   1.8794731e-02  -1.1918614e-02   2.8066511e-02
   1.8771766e-02  -1.0307619e-01   1.2100845e-01
   1.5978462e-02  -6.9335321e-02   8.5178997e-02
   1.0297685e-02  -7.3109262e-02   8.0963394e-02
   3.5964658e-03  -2.2333700e-02   1.4559638e-02
   1.9329336e-02  -6.5734120e-03   1.9234712e-02
   1.1011935e-02  -8.3643919e-02   9.0547322e-02
   1.5543033e-02  -8.0755708e-02   9.3869253e-02
   6.4624486e-03  -1.8910844e-02   4.6063509e-03
   1.3703071e-02  -1.0087073e-01   1.0775850e-01
   1.8092150e-02  -7.2936764e-03   3.9539769e-03
   1.6924560e-02  -1.5141234e-02   2.2242170e-02
   1.1087333e-02  -2.1190185e-02   1.9812010e-02
   1.3452671e-02  -8.2537602e-02   9.2251602e-02
   1.7509543e-02  -2.5972265e-02   4.4432388e-02
   8.3008982e-03  -3.3891604e-02   3.9106779e-02
   1.4770864e-02  -1.3825165e-02   8.2846692e-03
   1.2297721e-02  -1.5655235e-02   3.9210219e-03
   1.9013105e-02  -2.9143786e-03   3.1562593e-03
   2.8050947e-03  -1.9420438e-02   2.9237262e-03
   3.2005561e-03  -1.2048433e-01   1.1719415e-01
   1.2168956e-02  -1.7359944e-02   1.0888888e-02
   1.7001047e-02  -9.9606539e-03   5.8466757e-03
   1.7845303e-02  -8.5962332e-03   8.4331559e-03
   1.5782829e-02  -1.1760460e-02   3.8610603e-03
   1.9056822e-02  -1.1078917e-01   1.2884655e-01
  -4.3384518e-04  -1.0977800e-01   1.3443210e-01
   5.1116766e-03  -1.0194457e-01   1.4372237e-01
  -1.2422371e-02  -1.1420897e-01   1.2919251e-01
   1.2312524e-02  -1.1641163e-01   1.2644287e-01
   1.2447815e-02  -1.0603631e-01   1.3881136e-01
  -5.2665547e-06  -1.1558244e-01   1.2750540e-01
  -8.5586363e-03  -1.0644767e-01   1.3842876e-01
   1.0657043e-03  -1.0338949e-01   1.4202387e-01
  -1.3794403e-02  -1.1134500e-01   1.3261208e-01
  -8.6534200e-03  -1.1233835e-01   1.3141232e-01
   6.9772964e-03  -1.0741345e-01   1.3720527e-01
   4.9016784e-03  -1.0484172e-01   1.4027481e-01
  -7.5683522e-03  -1.1832643e-01   1.2425947e-01
   1.5342044e-02  -1.1173523e-01   1.3200221e-01
   8.7592251e-03  -1.0394857e-01   1.4131756e-01
  -1.8475952e-03  -1.1921240e-01   1.2317743e-01
  -4.4329887e-03  -1.0790368e-01   1.3668167e-01
  -8.8799471e-05  -1.1252646e-01   1.3115115e-01
  -4.5766676e-03  -1.0457925e-01   1.4063888e-01
  -4.7118738e-03  -1.1084415e-01   1.3317898e-01
   7.4914608e-03  -1.1580955e-01   1.2719238e-01
  -4.1369939e-03  -1.1388434e-01   1.2955323e-01
  -4.2099153e-03  -1.1648889e-01   1.2644133e-01
  -8.2659660e-03  -1.1533832e-01   1.2783226e-01
   3.1591732e-03  -1.1024972e-01   1.3384780e-01
   2.7152882e-03  -1.1696478e-01   1.2583949e-01
   1.1413904e-02  -1.1302042e-01   1.3049458e-01
  -9.6685811e-03  -1.0911755e-01   1.3525576e-01
   2.0280216e-03  -1.0069520e-01   1.4522571e-01
   3.4133328e-03  -1.1356776e-01   1.2989066e-01
  -1.4480970e-02  -1.0896981e-01   1.3544661e-01
   7.2929526e-03  -1.1136617e-01   1.3249469e-01
  -5.9213144e-03  -1.2028932e-01   1.2190532e-01
  -2.8734552e-03  -1.0114457e-01   1.4471942e-01
  -1.1560942e-02  -1.1669111e-01   1.2622650e-01
   1.1501470e-02  -1.0969073e-01   1.3446520e-01
   1.1635490e-03  -1.0706674e-01   1.3765323e-01
   1.4820869e-02  -1.1455026e-01   1.2864941e-01
   9.4373500e-03  -1.1859775e-01   1.2384933e-01
   4.6157579e-03  -1.1958894e-01   1.2269309e-01
  -1.2868513e-02  -1.0665773e-01   1.3819952e-01
  -6.7586091e-03  -1.0238095e-01   1.4326592e-01
  -1.0000698e-02  -1.0372830e-01   1.4167429e-01
   1.5774728e-02  -1.0843376e-01   1.3593452e-01
  -4.3102242e-03  -1.1803428e-02   9.8367785e-03
  -1.0125855e-02  -6.1455258e-03   7.9959516e-03
  -3.7629817e-03  -3.4425815e-03   1.2092972e-02
   5.4099167e-03   3.6609270e-03   1.0162900e-02
   7.7287348e-03   3.7925442e-03   1.8451034e-02
  -4.6216699e-03   7.0723747e-04   1.0282809e-02
  -5.6859671e-03   3.0853448e-03   1.7352014e-02
  -1.6374030e-03   3.5794017e-03   1.7932428e-02
  -2.1480744e-03  -2.4908470e-03   2.3856263e-02
   5.5197356e-03  -3.5029463e-03   9.5766998e-03
   4.1133458e-03  -5.3566445e-03   1.5414995e-02
  -3.3110200e-04   1.0019770e-02   4.3439216e-03
  -7.2925482e-04   6.2254690e-03   3.5997158e-03
  -7.3017582e-05   5.2806722e-03   8.0653000e-03
   6.0656402e-03  -3.0693388e-05   2.6236129e-02
  -1.1727976e-02   2.7834311e-03   4.2763306e-03
  -1.1717954e-02   2.5428271e-03   8.1567567e-03
  -1.2271362e-02  -7.2406681e-03   1.8104766e-02
  -7.7758902e-03  -9.8559817e-04   2.6712931e-02
  -3.6196527e-03  -6.3185968e-03   1.8490670e-02
  -1.0787484e-02  -8.8547295e-03   2.2952470e-02
  -8.5409869e-03  -1.3109160e-02   2.9014250e-02
  -1.8035125e-03  -4.4316902e-03   4.2219030e-03
  -4.8392896e-04  -5.3427954e-03   7.7291095e-03
  -7.5028119e-03  -1.2666939e-02   1.6018784e-02
   3.3948204e-03  -4.9457642e-03   4.1614092e-03
   3.3970341e-03  -1.2839073e-02   4.0222187e-03
   5.7773278e-03  -1.4973428e-02   2.1000220e-02
   5.9019336e-03  -1.8371873e-02   2.9482581e-02
   3.3541876e-03  -8.8421653e-03   4.0234057e-03
  -5.7240721e-04  -8.8001820e-03   4.0889154e-03
  -5.6190195e-03   5.2252312e-03   4.4228611e-03
  -7.2720751e-03   9.7627970e-03   5.2379177e-03
  -4.0754683e-03   5.8178447e-03   8.3008918e-03
  -5.8427222e-03   7.2165753e-04   5.2115229e-03
   7.5784165e-03  -1.6777539e-03   4.7278947e-03
   3.4138046e-03   2.6735722e-03   4.2717175e-03
   3.4024469e-03  -1.1252123e-03   4.1989404e-03
  -2.4059168e-03  -1.5587711e-03   5.0651699e-03
   3.4175740e-03  -1.4731042e-03   7.9067254e-03
  -3.9135431e-04   1.9206071e-03   4.8776553e-03
   1.1120210e-02  -9.3335459e-04   4.1502061e-03
   6.2781682e-03  -1.0504647e-01   1.2255179e-01
  -1.6006013e-04  -1.0100900e-01   1.3045416e-01
  -2.4737552e-03  -9.6453698e-02   1.2655507e-01
   6.3322642e-03  -1.0006860e-01   1.3183345e-01
   6.8974854e-03  -9.4436653e-02   1.2750547e-01
  -5.8057665e-04  -1.0534256e-01   1.2579393e-01
  -5.4790707e-04  -9.9074147e-02   1.2110060e-01
   3.0089359e-03  -1.0144360e-01   1.4002153e-01
   4.4877023e-03  -9.9134932e-02   1.3718253e-01
   9.3876705e-03  -1.0057563e-01   1.1885944e-01
   6.3911665e-03  -8.8928025e-02   1.2259334e-01
  -9.4831491e-03  -1.0551782e-01   1.2592693e-01
  -8.3272041e-03  -1.0018186e-01   1.2341276e-01
  -2.0702907e-03  -1.1048563e-01   1.1997688e-01
   1.0114582e-04  -1.0598738e-01   1.1367442e-01
  -1.7052778e-03  -9.2798424e-02   1.1454292e-01
  -7.3644575e-03  -1.0381970e-01   1.3679243e-01
  -7.3746379e-03  -1.0090888e-01   1.3435588e-01
  -9.3339624e-03  -9.4801571e-02   1.2686099e-01
  -1.7849698e-03  -8.9039443e-02   1.2185435e-01
  -9.3478770e-03  -8.8939410e-02   1.2199629e-01
  -3.6546816e-03  -1.0630585e-01   1.3382062e-01
  -1.0776086e-03  -1.1078174e-01   1.2913963e-01
  -1.0670086e-03  -1.0919976e-01   1.2654151e-01
  -2.9052133e-03  -1.1253996e-01   1.2523587e-01
  -7.6154740e-03  -1.1113222e-01   1.2808516e-01
  -7.6243306e-03  -1.0821791e-01   1.2565469e-01
   1.1502979e-02  -1.0647206e-01   1.3353729e-01
  -9.5215422e-03  -9.3823340e-02   1.1621443e-01
  -7.7001640e-03  -1.1356649e-01   1.2517932e-01
  -9.4144428e-03  -1.1167284e-01   1.2102514e-01
   3.9861167e-03  -1.0726446e-01   1.3049171e-01
   3.6767027e-03  -1.1370085e-01   1.2496690e-01
   5.0497929e-03  -9.2317341e-02   1.0699845e-01
  -1.1859936e-02  -1.0537492e-01   1.3251552e-01
   1.0264433e-02  -1.0985391e-01   1.2846587e-01
   1.5884398e-02  -1.9015418e-03   7.4311333e-03
   1.1324841e-02  -1.3984465e-03   7.8236052e-03
   1.5130037e-02  -1.9698621e-03   1.1607838e-02
   4.6603459e-03  -7.2971601e-03   2.1992463e-02
   7.7864509e-03  -1.2675940e-02   2.9671800e-02
   1.5569064e-02  -9.9169211e-04   3.1996712e-03
   4.7322437e-03   1.0928141e-02   1.4822648e-02
  -2.5011740e-04   1.2152060e-02   1.2886280e-02
  -2.3703775e-04   8.8109050e-03   1.2545814e-02
  -2.6459172e-04   1.2921061e-02   8.5459448e-03
   3.2983522e-03   1.3962094e-02   7.8502542e-03
   3.3991048e-03   9.3799317e-03   8.4562446e-03
   4.4368078e-03  -9.6469546e-02   1.4142336e-01
   3.6590121e-04  -9.6119617e-02   1.4002048e-01
   7.6526682e-03  -5.1398916e-03   3.8516650e-02
   8.5604803e-03  -1.5157563e-02   3.6468027e-02
   8.0950769e-03  -1.5437794e-03   3.3365763e-02
  -2.5205396e-03  -4.2477217e-03   3.1757700e-02
  -1.3726409e-03  -9.9010754e-03   2.9800769e-02
  -2.4459517e-03  -6.3214943e-03   3.8997908e-02
  -1.1162957e-03  -1.3047212e-02   3.6771520e-02
   8.3016006e-03  -1.2351209e-02   4.9139656e-02
   4.1414927e-03  -9.3245608e-02   1.3751149e-01
   4.1279575e-03  -9.0327204e-02   1.3507011e-01
  -8.8665449e-03   4.0969142e-04   3.3070978e-02
  -2.8568647e-03  -1.6897768e-02   2.6771108e-02
  -1.9808532e-04   2.4418971e-03   3.6440934e-02
  -6.7997354e-05   7.1313341e-03   2.9757015e-02
  -6.0308397e-04  -1.0203963e-02   2.4244123e-02
   1.4837908e-02  -7.5255284e-03   2.9197079e-02
   1.5597423e-02  -6.0495900e-03   2.5677454e-02
   5.5687858e-04  -9.8732721e-02   1.4308159e-01
   1.5212727e-02  -1.0894942e-01   1.3056215e-01
   1.4296862e-02  -1.0626928e-01   1.2767527e-01
   7.7938511e-03  -1.0399224e-01   1.3650798e-01
   3.5357924e-04  -9.3206249e-02   1.3758333e-01
   1.5181926e-02  -1.0312269e-01   1.2569500e-01
   1.5169436e-02  -1.0020224e-01   1.2326504e-01
   5.7801016e-03  -7.0294398e-02   1.0680531e-01
  -5.9261179e-04  -6.8837560e-02   1.0954112e-01
  -2.0184171e-03  -7.6362784e-02   1.0147999e-01
  -3.2916559e-03  -7.4142274e-02   1.1905026e-01
   3.3097267e-03  -7.6096104e-02   1.0263280e-01
   6.5371898e-03  -8.2987666e-02   1.0308215e-01
   5.5489541e-03  -7.8080831e-02   1.1015005e-01
   5.6742270e-03  -6.5643721e-02   1.0213021e-01
  -8.9859461e-03  -7.0043333e-02   1.0825499e-01
  -1.0228264e-02  -7.6698576e-02   1.0042662e-01
  -1.0412003e-02  -7.7950645e-02   1.1308383e-01
  -9.6958828e-03  -6.8022595e-02   1.0298346e-01
   8.3184076e-06  -7.6223841e-02   1.1378790e-01
  -8.4919430e-04  -6.5106682e-02   1.0057422e-01
  -2.6537058e-03  -8.2394292e-02   1.0397713e-01
  -2.9310440e-03  -8.3136228e-02   1.1578878e-01
   2.6756381e-04  -6.6771014e-02   1.1552222e-01
  -2.0444560e-03  -7.0547972e-02   9.6579885e-02
  -3.0617914e-03  -6.4849079e-02   9.0628526e-02
  -1.6965344e-03  -5.9078590e-02   9.7068785e-02
   4.5907148e-03  -8.7116710e-02   1.1161393e-01
   5.5129420e-03  -8.2885335e-02   1.1680606e-01
   1.2205753e-02  -7.4409221e-02   1.0421525e-01
   5.8983435e-03  -7.3440361e-02   9.2109243e-02
   4.5573658e-03  -5.8698507e-02   9.8573674e-02
   6.8127886e-03  -6.6658298e-02   1.1178917e-01
   1.1303586e-02  -7.0091492e-02   1.0873518e-01
   5.6129762e-03  -5.3975277e-02   9.2124758e-02
  -4.0946703e-04  -5.7212005e-02   1.0847481e-01
   1.9663891e-04  -5.4927241e-02   1.0547193e-01
   2.1680220e-03  -6.2394552e-02   1.0588726e-01
   3.6409183e-03  -6.4392157e-02   9.2682498e-02
   4.5474603e-03  -5.5742210e-02   1.0556464e-01
   1.5902596e-02  -6.5409019e-02   9.9052830e-02
   1.3548539e-02  -6.8843990e-02   9.7745618e-02
   4.4844903e-03  -5.9060597e-02   8.5055572e-02
   1.5701766e-02  -6.2213823e-02   9.8073849e-02
   4.0916623e-03  -8.1548549e-02   1.2774643e-01
   8.9656042e-03  -9.5158540e-02   1.1793042e-01
   1.2920304e-02  -8.7666335e-02   1.1732201e-01
   3.8642297e-03  -4.6174065e-02   9.7642587e-02
  -5.3727318e-04  -5.3208134e-02   9.0687886e-02
  -8.8721949e-03  -5.4190488e-02   9.0746015e-02
  -2.3359874e-03  -6.0367192e-02   8.6567986e-02
  -9.8696702e-04  -4.7363922e-02   8.5477988e-02
   5.5649982e-03  -4.8253635e-02   8.6960782e-02
   5.5240114e-03  -4.2547269e-02   8.1624592e-02
  -1.0250754e-02  -6.1313145e-02   8.4725116e-02
  -7.1434417e-03  -6.2703897e-02   9.9872232e-02
  -6.5501848e-03  -4.7534186e-02   8.3805979e-02
  -1.0382419e-03  -4.6367214e-02   9.6987226e-02
   1.2801499e-04  -4.3173288e-02   9.5046700e-02
  -1.9321372e-03  -4.2463846e-02   8.1738539e-02
   3.6342691e-03  -1.2481018e-02   6.2800047e-02
  -2.2747676e-03  -1.5353316e-02   6.2311486e-02
  -1.0024150e-02  -2.2470415e-02   5.8484676e-02
  -2.0431229e-03  -2.0865286e-02   5.9074182e-02
   6.0656320e-03  -1.8622092e-02   6.0043886e-02
  -1.3775643e-03  -2.6454017e-02   6.6674890e-02
  -2.5942020e-03  -1.7774966e-02   5.1575768e-02
   4.4772572e-03  -1.6966129e-02   5.2161040e-02
   5.8116396e-03  -2.2077784e-02   4.9775875e-02
  -7.0636237e-03  -2.8231025e-02   6.3604149e-02
  -7.2501221e-03  -1.5570441e-02   5.2327559e-02
  -9.0011948e-04  -1.1633838e-02   6.3539478e-02
  -9.8795121e-04  -8.5018415e-03   6.0370149e-02
  -1.2439252e-04  -2.4168882e-02   4.6845533e-02
  -2.0514432e-03  -1.2949932e-02   4.5810378e-02
   6.1641379e-03  -2.3889792e-02   6.4468713e-02
   4.2675366e-03  -1.4750928e-02   6.5328066e-02
   4.1019238e-03  -1.6224793e-02   6.9353267e-02
   9.7901632e-03  -2.9885822e-02   7.1145145e-02
   1.1022290e-02  -2.1207835e-02   5.6316485e-02
   4.6672576e-03  -2.5344142e-02   5.6413409e-02
   1.3668036e-02  -7.7183110e-02   1.1396050e-01
   5.5753742e-03  -1.7504600e-02   4.3546944e-02
  -1.0629292e-02  -7.6178694e-03   3.9382417e-02
  -9.8931387e-03  -1.1423759e-02   3.5682595e-02
  -7.8472994e-03  -1.1517938e-02   4.6483351e-02
  -1.7330653e-03  -8.6179840e-04   4.3276917e-02
  -9.5726570e-04  -2.6273263e-03   4.7794538e-02
   3.5518164e-03  -5.0489508e-04   4.5394360e-02
   1.2851393e-02  -1.1869090e-02   3.8049586e-02
   1.3254772e-02  -1.8098410e-02   4.2349449e-02
   1.3158032e-02  -1.1061556e-02   4.5763351e-02
  -1.2468831e-03  -3.1170583e-02   7.0653582e-02
  -1.7152591e-03  -3.6576043e-02   6.7267251e-02
   7.1102091e-03  -3.5650056e-02   7.7130008e-02
   1.4905765e-02  -3.1670458e-02   6.2766696e-02
   4.4694785e-03  -3.0496113e-02   5.8683213e-02
   6.2277197e-03  -3.7848050e-02   6.6309666e-02
   1.1579178e-04  -1.7901606e-02   7.0736771e-02
   3.6957297e-03  -2.0465634e-02   7.2382676e-02
   3.8370890e-03  -4.3242377e-02   9.4978217e-02
   7.5431419e-03  -4.5804802e-02   9.2314895e-02
   7.2870048e-03  -5.4161316e-02   8.1771917e-02
  -2.4495299e-03  -5.3506997e-02   8.0822262e-02
   3.4705888e-03  -5.5739931e-02   7.6507462e-02
   5.4751133e-03  -4.7846137e-02   7.7669436e-02
   1.1926043e-02  -5.0422076e-02   9.0537515e-02
   1.1109748e-02  -2.6204837e-02   6.2373544e-02
   1.4754290e-02  -2.9733305e-02   5.9707605e-02
   2.9346158e-04  -1.5522965e-02   6.7361578e-02
   5.0468697e-03  -1.9439423e-02   6.6190016e-02
   8.1966228e-03  -5.6472638e-02   1.0202878e-01
   1.1333595e-02  -6.0051475e-02   9.9721908e-02
  -2.0977919e-04   1.1159359e-02   1.7236641e-02
   3.4245100e-04  -9.0286915e-02   1.3514560e-01
   2.5902717e-04  -9.2724257e-02   1.3224888e-01
   3.3275679e-04  -8.7362901e-02   1.3270479e-01
   1.1638449e-02  -9.8002431e-02   1.2789467e-01
   1.5210003e-02  -9.5136156e-02   1.2396779e-01
  -2.5994709e-04   8.9978766e-03   2.5820449e-02
   4.2158427e-03   8.6692434e-03   2.7668841e-02
   4.7809252e-03   3.7482170e-03   3.1766360e-02
   1.4095800e-02   1.5545308e-03   2.2489095e-02
   1.2023022e-02  -6.6795873e-04   2.6731801e-02
  -9.5007391e-03  -3.1245485e-02   7.1010886e-02
  -9.7819686e-03  -3.6879893e-02   6.5978665e-02
   6.1400576e-05  -2.3151541e-02   7.5444539e-02
  -2.6340021e-03  -3.5464935e-02   7.6812007e-02
  -9.3545265e-03  -8.3067180e-02   1.1712252e-01
  -1.3705235e-03  -8.5288375e-02   1.2886614e-01
   4.1159560e-03  -8.7402332e-02   1.3263497e-01
   1.5215855e-02  -9.1913246e-02   1.2130734e-01
  -2.8636641e-03  -5.3390950e-02   1.0181367e-01
  -1.0768588e-03  -5.0278100e-02   9.9654907e-02
   1.5026326e-02  -5.9675307e-02   9.4368107e-02
   5.3952604e-03  -6.4288636e-02   8.0926313e-02
   1.5054512e-02  -1.9643721e-02   4.8402990e-02
   4.5826972e-03  -2.9241507e-02   4.5462621e-02
  -2.2871645e-03  -1.7922792e-02   4.2670280e-02
  -1.0524765e-02  -1.9677004e-02   4.3708673e-02
  -2.4810563e-03  -4.7550366e-03   5.1400288e-02
   4.2499156e-04  -9.9847724e-03   5.0830812e-02
   4.6208543e-03  -7.6036751e-03   5.5300794e-02
   3.5575617e-03  -9.8658968e-03   5.9529311e-02
  -1.0046363e-02  -8.6891470e-02   1.1117210e-01
  -4.4849455e-03  -8.7353655e-02   1.1078588e-01
  -2.6089488e-03  -8.1002311e-02   1.2407346e-01
   3.6102237e-03  -8.0336360e-02   1.2463720e-01
   1.5114973e-02  -8.8485777e-02   1.1356498e-01
   8.0210804e-03  -1.2360846e-02   5.7100192e-02
   9.5312143e-03  -1.6827989e-02   5.7101628e-02
   1.2694839e-02  -1.4842708e-02   5.3833751e-02
   2.0899373e-05  -6.3815406e-02   1.1385608e-01
   1.5940105e-02  -7.1475097e-02   1.0551900e-01
   1.4954609e-02  -3.9669569e-02   7.1056479e-02
   4.6455006e-03  -4.2470306e-02   7.0979857e-02
   5.5456917e-05  -2.8735611e-02   8.1376916e-02
   1.5079484e-02  -6.8427135e-02   1.0180146e-01
  -2.1051923e-04  -6.2162241e-02   1.1093137e-01
   3.9329167e-03  -5.2010620e-02   1.0286419e-01
   1.4028923e-02  -5.5060288e-02   9.1481531e-02
   8.0055884e-03  -6.1766891e-02   1.0688757e-01
   1.1354477e-02  -6.2971859e-02   1.0222585e-01
   7.5054103e-03  -4.2941755e-02   8.9608902e-02
   7.9224619e-03  -7.1091967e-02   1.1623175e-01
   4.6077999e-03  -7.2648207e-02   1.1267343e-01
   1.1910044e-02  -7.3977715e-02   1.1203132e-01
   1.1968915e-02  -7.8148703e-02   1.0576690e-01
   9.4373627e-03  -7.3987755e-02   1.1844299e-01
   2.9744347e-03  -7.4648444e-02   1.1815282e-01
   8.4677704e-03  -7.7309118e-02   1.1433371e-01
   7.8952943e-03  -8.0073608e-02   1.1822251e-01
   8.6614980e-03  -7.6954447e-02   1.2047383e-01
   1.1624725e-02  -8.0840042e-02   1.0957079e-01
   1.1456675e-02  -8.0630878e-02   1.1696489e-01
   3.3237449e-03   1.0071244e-02   2.1444916e-02
   3.2410720e-03  -7.5428661e-02   1.2325978e-01
  -3.1116286e-03  -7.7090461e-02   1.2192891e-01
   2.5471790e-03  -8.1385447e-02   1.2072376e-01
   8.5639127e-03  -8.1442069e-02   1.2386243e-01
   1.1213140e-02  -8.3027689e-02   1.1332814e-01
   1.2614522e-02  -8.6351055e-02   1.0825425e-01
   1.2411355e-02  -8.3982320e-02   1.2065957e-01
   1.1057584e-02  -3.6553693e-02   8.2160399e-02
  -8.5245422e-03  -4.0766168e-02   8.1051978e-02
  -1.6041533e-03  -4.7603855e-02   7.3356281e-02
   4.4177858e-03  -5.2144875e-02   7.1194313e-02
  -1.5987521e-05   9.7269882e-03   2.2222283e-02
   3.8030143e-03   5.3187606e-03   2.4542507e-02
   7.3030404e-04  -6.0248533e-03   4.4979198e-02
   3.8395660e-03  -1.7265686e-03   4.9898792e-02
   6.0737146e-03  -3.9688423e-03   4.7441619e-02
   5.8484182e-03  -9.1738294e-03   4.3703060e-02
   3.5396788e-03  -4.9227162e-03   5.2691665e-02
   1.0861796e-02  -5.6690516e-02   9.5683418e-02
  -2.8880744e-04   1.3577203e-02   4.4650657e-03
   3.4092687e-03   9.9183008e-03   4.4203535e-03
   1.0992451e-02   2.8326996e-03   4.2537642e-03
  -4.4781228e-04  -3.9298931e-02   9.0433264e-02
   1.5756640e-02  -4.2840042e-02   7.4050222e-02
   1.4945819e-02  -4.7941010e-02   7.8935758e-02
   1.4983289e-02  -5.0742426e-02   8.1488463e-02
   1.1140673e-02  -4.2450360e-02   7.8927945e-02
   1.4932947e-02  -4.5173154e-02   7.6318934e-02
   1.4941340e-02  -5.6428706e-02   8.6545519e-02
   1.1055754e-02  -5.6627116e-02   8.5050351e-02
  -4.5816015e-03  -6.4942804e-02   8.0428059e-02
   1.4971394e-02  -5.9325235e-02   8.9057156e-02
   1.2733855e-02  -4.5089903e-02   8.8362873e-02
   5.2202300e-03  -4.5359851e-02   8.5173540e-02
   1.1205312e-02  -4.8100969e-02   8.4245020e-02
   1.2426150e-02  -4.2351649e-02   8.4157750e-02
  -1.5129113e-02  -1.0276504e-01   1.2626620e-01
  -1.1240319e-02  -5.3943788e-02   9.5050533e-02
  -5.4295718e-03  -5.6011735e-02   9.3404439e-02
  -9.6660924e-03  -6.4660580e-02   9.1805239e-02
  -9.1530505e-03  -6.8465837e-02   9.6253057e-02
  -1.0481151e-02  -5.5348772e-02   7.9064814e-02
  -1.1842443e-02  -2.5170074e-02   6.8269530e-02
  -7.5106877e-03  -2.5882716e-02   6.7817636e-02
  -1.4562499e-03  -3.0192264e-02   6.1612473e-02
  -9.4618030e-03  -3.1754366e-02   6.1182852e-02
  -9.4770512e-03  -3.6676716e-02   7.6548465e-02
  -8.9126191e-03   7.5360127e-03   1.5142136e-02
  -1.1393649e-02   7.5619615e-04   1.4755557e-02
  -1.0589020e-02   4.3509664e-03   2.0628173e-02
  -7.3689182e-03  -5.4413340e-02   1.0029607e-01
  -1.2221113e-02  -5.5833538e-02   9.8447524e-02
  -1.1182342e-02  -9.5020689e-02   1.2956210e-01
  -1.1828144e-02  -5.6940992e-02   8.6215058e-02
  -5.7108597e-03  -5.9805462e-02   7.5774842e-02
  -8.1484026e-03  -4.7517394e-02   7.5391421e-02
  -1.0737174e-02  -4.2182345e-02   7.2786319e-02
  -1.2669278e-02  -6.7394745e-03   3.1083787e-02
  -2.5848740e-03  -1.4916036e-02   2.1258115e-02
  -7.3922654e-03  -5.1088929e-02   9.7869088e-02
  -9.5146005e-03  -2.0989951e-02   4.7999676e-02
  -1.1384123e-02  -1.3062068e-02   5.2563608e-02
  -4.5863122e-03  -4.9255228e-02   9.5755002e-02
  -1.2645942e-02  -4.5824689e-02   8.6241801e-02
  -1.2474937e-02  -4.1984829e-02   8.4059354e-02
  -7.3838008e-03  -4.2753625e-02   8.9846819e-02
  -6.3007865e-03  -4.0200302e-02   8.7218797e-02
  -6.6127159e-03  -8.5225415e-02   1.0489988e-01
  -9.9057497e-03  -7.5649477e-02   1.0630286e-01
  -4.7114641e-03  -7.8855856e-02   9.4865370e-02
  -5.7684927e-03  -6.7920789e-02   1.1257740e-01
  -1.2974901e-02  -7.0349105e-02   1.1079912e-01
  -6.7259526e-03  -1.0053521e-02   5.4306064e-02
  -1.2362293e-02  -6.3826796e-02   1.0356218e-01
  -1.1236699e-02  -5.9794614e-02   1.0013111e-01
  -5.0020520e-03  -5.4733212e-02   1.0576233e-01
  -4.6669516e-03  -5.7611754e-02   1.0235669e-01
  -5.5808901e-03  -6.2534932e-02   1.0660895e-01
  -4.5137609e-03  -7.4757530e-02   9.0329450e-02
  -1.1247187e-02  -4.8136507e-02   8.9924454e-02
  -1.2090448e-02  -1.6607383e-02   5.9728340e-02
  -6.6642872e-03  -1.7065414e-02   5.7657050e-02
  -2.0524356e-03  -2.4856339e-02   5.4152729e-02
  -1.0100893e-02  -2.6921862e-02   5.5409479e-02
  -3.3436604e-03  -3.2286072e-02   5.0936969e-02
  -1.1665619e-02  -1.4715254e-02   5.6273812e-02
  -7.4039740e-03  -3.6995577e-02   8.4434711e-02
  -7.0073323e-03   3.7064268e-04   3.9812121e-02
  -1.3168932e-02  -4.1693203e-03   3.8744015e-02
  -2.1115216e-04  -2.0905275e-02   3.3371371e-02
  -1.1436966e-02   2.5155600e-03   2.4148262e-02
  -1.2854206e-02  -3.0686312e-02   7.3851082e-02
  -6.4008587e-03  -2.9566673e-02   7.7791162e-02
   4.7974337e-04  -2.5222963e-02   7.9074372e-02
   2.8520967e-03  -2.9133179e-02   7.6014707e-02
  -1.1440779e-02  -2.5916633e-02   6.2630656e-02
  -1.1243625e-02  -1.9634036e-03   2.1004345e-02
  -1.3530210e-02  -1.5802339e-03   2.7290820e-02
  -2.6591645e-03   3.0575104e-03   2.9473638e-02
  -5.5205032e-03   6.2216648e-03   2.4006157e-02
  -1.1500270e-02  -8.6648866e-02   1.1636601e-01
  -4.2072551e-04  -9.2135302e-02   1.0531285e-01
  -1.3172196e-03  -6.9274042e-03   5.5967566e-02
  -1.0084123e-02  -5.1931102e-02   8.6591418e-02
   8.9976875e-04  -4.5762799e-02   9.0457693e-02
  -5.3033936e-03  -4.5846246e-02   9.2540942e-02
  -7.2929814e-03  -5.7207334e-02   9.7873552e-02
  -1.0679290e-02  -6.0025847e-02   9.2927228e-02
  -6.4281011e-03  -6.8855866e-02   8.4786189e-02
  -1.0286851e-02  -2.2274381e-02   6.5794599e-02
  -1.3844184e-04  -1.2723127e-02   5.7508701e-02
  -5.7140282e-03  -2.6515604e-02   4.3470384e-02
  -1.2114856e-02  -2.0863614e-02   5.2998402e-02
  -7.4033783e-03  -2.5802077e-02   7.3107685e-02
  -1.6885999e-03  -2.5720768e-02   7.2347748e-02
  -7.5608462e-03  -2.8576392e-02   7.0708273e-02
  -7.4178819e-03  -2.3056158e-02   7.0149722e-02
  -7.4147841e-03  -2.0357509e-02   6.7145081e-02
  -1.2115303e-02  -3.3081134e-02   7.8081119e-02
  -6.7868885e-03  -7.4218245e-02   1.1517702e-01
  -1.1832676e-02  -7.3713228e-02   1.1307417e-01
  -4.0180073e-03  -6.8318097e-02   1.1821275e-01
  -1.1898331e-02  -2.7485160e-02   7.1864621e-02
  -1.2563041e-02  -3.1051758e-02   6.7197083e-02
  -2.5243050e-03  -1.9995047e-02   6.7811807e-02
  -5.5763823e-03  -2.3319478e-02   6.1883443e-02
  -7.2711209e-03  -1.6971750e-02   6.4233943e-02
  -1.1328619e-02  -2.0439673e-02   6.1988552e-02
  -8.6273607e-03  -9.0002582e-02   1.2802158e-01
  -3.4926183e-03  -1.0142888e-01   1.3962410e-01
  -1.4959299e-02  -1.2062258e-02   4.3128536e-02
  -1.1777872e-02  -1.4833152e-02   4.2387019e-02
  -4.9977686e-03  -2.5533106e-02   3.7116807e-02
  -1.5012987e-02  -9.9422791e-02   1.2408424e-01
  -6.5200613e-03  -5.3544736e-03   4.6007095e-02
  -1.2068253e-02  -8.0913192e-03   4.6743157e-02
  -2.7453920e-03  -9.9228843e-02   1.0942887e-01
  -3.5352584e-04  -1.5923401e-02   8.3184551e-03
  -9.9019261e-03  -1.2102351e-02   1.1093968e-02
  -8.7943974e-03  -3.6797854e-02   5.7965589e-02
  -3.1883832e-03  -3.6624697e-02   5.7848492e-02
  -1.4320927e-03  -4.1912638e-02   6.1901782e-02
  -2.7383685e-03  -8.8208958e-02   9.9615152e-02
  -7.8255414e-03  -1.0433254e-01   1.1256038e-01
  -4.4244523e-03  -1.0536916e-01   1.1104893e-01
  -5.2859820e-03  -1.0866235e-01   1.1676798e-01
  -1.2615433e-02  -7.1073801e-03   1.3999240e-02
  -8.9895588e-04  -5.3201220e-02   7.2875347e-02
  -4.5985352e-03  -2.1674130e-02   3.0587400e-02
  -2.3665961e-03  -4.7851238e-02   6.5983499e-02
  -4.4061530e-03  -4.1588786e-02   7.0963581e-02
  -4.4670104e-03  -4.9031369e-02   6.2125744e-02
  -1.5176129e-02  -8.2252674e-02   1.0927539e-01
  -8.5104684e-03  -8.2090773e-02   1.0917849e-01
  -1.1440162e-02  -8.5733116e-02   1.0357088e-01
  -1.5192539e-02  -7.9321322e-02   1.0684183e-01
   2.9305773e-03  -3.3739731e-02   5.2182397e-02
   6.0683485e-04  -3.1246776e-02   4.7385087e-02
  -3.2719341e-03  -2.5382761e-02   3.3500744e-02
  -3.6844453e-04  -7.2558417e-02   8.5760321e-02
  -1.0749892e-02  -9.3946837e-02   1.1196131e-01
  -1.2348251e-02  -8.0882903e-02   1.0118467e-01
  -3.3333217e-04  -8.4039588e-02   9.5485210e-02
  -7.4111953e-03  -8.3779160e-02   9.6618888e-02
  -8.2573737e-03  -4.5314808e-02   6.0856811e-02
  -1.1394739e-02  -3.6918578e-02   7.0575828e-02
  -9.2877941e-03  -3.6577876e-02   4.9899038e-02
  -6.4692825e-04  -3.8863082e-02   4.7738955e-02
  -6.0918955e-04  -1.1825711e-02   1.3353487e-02
  -1.5143663e-02  -9.6917014e-02   1.2140825e-01
  -1.5183916e-03  -1.7787692e-02   1.5321857e-02
  -1.1930816e-02  -4.5926645e-02   7.9887748e-02
  -4.8859091e-04  -6.1242633e-02   7.0669706e-02
  -6.2562459e-03  -5.7011799e-02   7.1905920e-02
  -4.6031719e-04  -5.8567107e-02   6.8149158e-02
  -5.1062440e-04  -5.5928661e-02   6.5627229e-02
  -4.3777042e-03  -3.1283744e-02   4.4755112e-02
  -1.9348869e-03  -9.2997604e-02   1.0016430e-01
  -4.8945542e-03  -4.2932962e-02   5.7592786e-02
  -1.0025564e-02  -4.0831771e-02   5.9443664e-02
  -1.2986325e-02  -3.6035610e-02   6.2792443e-02
  -4.4823536e-03  -3.8042964e-02   5.2885637e-02
  -9.8094101e-03  -3.3666591e-02   5.3815096e-02
  -1.4223140e-02  -3.1309137e-02   5.7983787e-02
  -1.1451285e-02  -9.6482428e-02   1.1601492e-01
  -1.1441507e-02  -9.9410315e-02   1.1843490e-01
  -5.4172909e-03  -1.0169467e-01   1.1761201e-01
  -7.9556355e-03  -9.5993725e-02   1.2147347e-01
  -1.1267575e-02  -1.0490404e-01   1.1994266e-01
  -8.6909602e-03  -2.1403152e-02   3.8338950e-02
  -8.9587592e-03  -2.9363278e-02   4.9351520e-02
  -1.3826683e-02  -2.7688648e-02   5.1992530e-02
  -5.3437522e-03  -3.5185815e-02   4.6491997e-02
  -8.1235559e-03  -4.2442896e-02   6.3415778e-02
  -1.3678778e-02  -4.1063715e-02   6.6365719e-02
  -8.8331660e-03  -1.9475693e-02   3.3612538e-02
  -1.4293473e-02  -1.6145934e-02   3.6856350e-02
  -4.6448863e-03  -5.2304832e-02   6.4053033e-02
  -8.1832998e-03  -4.7682536e-02   6.7829394e-02
  -1.3446568e-02  -4.6203349e-02   7.2224824e-02
  -1.1984136e-02  -1.8118419e-02   4.0460956e-02
  -1.1921191e-02  -9.0814024e-02   1.1109620e-01
  -7.8272421e-03  -9.2209395e-02   1.0539468e-01
  -1.1488658e-02  -8.7699091e-02   1.0874370e-01
  -1.1162325e-02  -7.4506500e-02   9.5615509e-02
  -4.5119431e-03  -5.3251282e-02   6.7627264e-02
  -8.7731653e-03  -5.2090918e-02   7.2671745e-02
  -1.4098201e-02  -4.9985991e-02   7.5850584e-02
  -5.8092083e-04  -1.2704760e-02   3.9812506e-03
  -1.2254217e-02  -2.9133156e-03   3.7222702e-03
  -1.3453004e-02  -1.1822511e-03   9.5904599e-03
  -6.9106433e-03  -1.1396082e-02   5.3725105e-03
  -4.1381499e-04  -6.1350490e-02   7.5936067e-02
  -3.7085666e-03  -1.1587549e-01   1.2126669e-01
  -1.1407139e-02  -1.1108408e-01   1.2815346e-01
   8.6183752e-03  -2.2062990e-02   2.8729487e-02
   4.0287398e-03  -1.6663019e-02   1.3040575e-02
   8.5168382e-03  -9.8941125e-03   1.3951596e-02
   9.2210604e-03  -1.4418276e-02   1.6216851e-02
   1.0780585e-02  -5.8571785e-03   9.7201047e-03
   8.3995222e-03  -3.0556322e-02   4.1304560e-02
   8.7920018e-03  -9.7356345e-02   1.1025077e-01
   1.5123876e-02  -9.1419130e-02   1.1598515e-01
   7.7934130e-03  -9.1581800e-02   1.0376282e-01
   8.7929618e-03  -5.3937458e-02   7.2675028e-02
   8.2840957e-03  -2.8066191e-02   4.9302753e-02
   7.6957255e-03  -3.2367556e-02   4.3349006e-02
   1.1113019e-02  -6.4679867e-02   8.8825227e-02
   1.5641497e-02  -6.3097401e-02   8.9900862e-02
   2.2218577e-03  -6.9430061e-02   8.2456374e-02
   7.6130136e-03  -2.7631893e-02   3.8544126e-02
   1.1617251e-02  -4.6875581e-02   7.1120643e-02
   5.6805807e-03  -4.6855575e-02   6.9910742e-02
   2.5037273e-03  -4.9867142e-02   6.5020061e-02
   7.1472586e-03  -5.3326020e-02   6.7095456e-02
   8.4759850e-03  -4.9772564e-02   6.3294439e-02
   1.5431892e-02  -2.8330041e-03   1.5146878e-02
   1.5594843e-02  -5.5818020e-03   2.2435621e-02
   1.0750514e-02  -9.5098910e-03   2.4852894e-02
   1.2121260e-02  -1.1226172e-02   1.9965992e-02
  -5.4313225e-04  -2.0028828e-02   1.7608099e-02
   2.9020515e-03  -1.8389106e-02   2.3262119e-02
   8.3280635e-03  -9.5992062e-02   1.0567022e-01
   1.4878968e-02  -8.2815405e-02   1.0665198e-01
   8.9790568e-03  -6.0881354e-02   7.7714068e-02
   1.5662249e-02  -2.6672048e-02   5.7644351e-02
   1.1072003e-02  -2.6673179e-02   5.7152260e-02
   1.4952594e-02  -2.4317549e-02   5.4277563e-02
   3.3694894e-03  -3.8259599e-02   5.2786563e-02
   6.1624022e-03  -8.8001986e-02   9.9485224e-02
   8.7416826e-03  -5.7812319e-02   7.3971832e-02
   7.2686151e-03  -3.8342763e-02   5.2744064e-02
   7.0769838e-03  -6.8144610e-02   7.9151335e-02
   6.9491988e-03  -2.1489759e-02   3.5892900e-02
   1.0198983e-02  -4.8024309e-02   6.5975085e-02
   7.3138659e-03  -6.7255433e-02   8.6021916e-02
   1.1230579e-02  -6.9764135e-02   9.2335068e-02
   1.5000016e-02  -6.5092598e-02   9.4049658e-02
   1.1541388e-02  -3.7318254e-03   1.9838120e-02
   3.1072984e-03  -1.4088474e-02   1.8178624e-02
   7.3721380e-03  -3.5976963e-02   5.0122266e-02
   3.3425653e-03  -4.0619301e-02   5.5433848e-02
   8.0359601e-03  -3.9407479e-02   5.7408779e-02
   6.7150205e-03  -3.4442450e-02   6.0011304e-02
  -5.6698043e-04  -4.0489752e-02   5.5460188e-02
   1.6950173e-03  -3.6880302e-02   5.9684240e-02
   2.5579331e-03  -4.5842948e-02   5.8902551e-02
   7.9801915e-03  -4.2678774e-02   6.2549271e-02
   1.2115813e-02  -3.5666962e-02   6.0353158e-02
   3.2988443e-03  -8.0877138e-02   9.3820081e-02
   7.9772480e-03  -7.9979614e-02   9.5646120e-02
   1.0198881e-02  -7.4991646e-02   9.8412786e-02
   1.3441525e-02  -7.1988833e-02   1.0151863e-01
   1.2280650e-02  -1.0678344e-01   1.2178006e-01
   6.8397382e-03  -3.3885519e-02   4.5830229e-02
   9.1181434e-03  -1.7289918e-02   2.3202155e-02
   1.6395952e-03  -2.5594015e-02   3.8861255e-02
   7.4165630e-03  -2.4131947e-02   4.1199310e-02
   2.0942305e-03  -3.0853628e-02   4.1794338e-02
   7.3058951e-03  -2.6282516e-02   4.4077828e-02
   5.3601151e-03  -1.2487181e-02   8.7111858e-03
   3.5946482e-03  -1.1613446e-01   1.2205936e-01
   2.9363912e-03   1.6846000e-04   1.4943390e-02
   4.5645524e-03  -1.0243277e-01   1.1449684e-01
   4.5087679e-03  -6.4126156e-03   3.0159722e-02
  -3.7743617e-03  -7.1153866e-02   1.0456433e-01
  -2.1804609e-03  -7.7874216e-02   1.0893945e-01
  -2.1284177e-03  -4.2954596e-02   7.6871630e-02
   4.8878079e-03  -3.0379859e-02   6.6240544e-02
  -5.8811547e-03  -3.4154053e-02   6.3850458e-02
   2.3546413e-03  -3.5970263e-02   7.2319657e-02
  -3.8731328e-03  -3.0919386e-02   5.7058293e-02
