v -3.43695 0.484132 4.33569
v 2.52026 -0.290468 6.60253
v -2.09072 -0.61704 4.49671
v -3.62323 0.441531 4.18039
v -2.34401 -0.557519 4.75843
v 1.81717 0.505514 6.5679
v -0.583082 0.293454 5.24172
v -1.26785 0.75612 4.77875
v -2.87581 -1.12914 4.68216
v 1.42476 0.668598 6.79095
v -2.75752 -0.386509 4.54478
v -1.31453 -1.45182 4.56587
v -2.80778 -0.367048 4.54969
v 0.699348 -0.480441 6.01527
v 0.280821 -1.22957 4.8976
v -3.10308 -0.179183 4.56079
v -3.59384 -0.0724725 4.31106
v 4.10184 -3.30866 5.84048
v -1.07166 -0.165299 4.9491
v -3.85132 -0.125321 4.51454
v -1.55519 0.199211 5.03322
v 1.12793 2.28041 3.80661
v -0.866503 0.813562 5.01976
v -3.08664 -0.181938 4.58947
v -0.256694 1.24498 5.13399
v -3.39438 -0.615937 4.50929
v -3.41868 -0.397236 4.45388
v -3.44575 0.148159 4.32987
v -1.70948 0.270922 4.89296
v -3.72743 -0.135112 4.29274
v -4.03588 -0.352727 4.42683
v 0.254652 0.852737 5.37514
v 2.23449 1.13265 6.14434
v -0.341763 0.310618 5.40808
v -1.72598 0.03474 4.69832
v -3.43016 0.0615175 4.64534
v 3.80498 -3.08029 5.58811
v -0.204737 -2.41678 4.36872
v -0.521598 -2.59112 4.53835
v 1.59287 -0.666706 6.01812
v 0.217237 1.69956 5.16011
v -0.767118 -0.824783 5.0321
v -0.288963 0.715524 5.38049
