T= 0
X= -0.499798 -2.57485 4.46493 -3.47416 0.0489182 4.39986 2.17597 0.443268 6.48127

T= 0.1
X= -0.483602 -2.54986 4.32909 -3.44712 0.0599995 4.24493 2.1829 0.471581 6.54862

T= 0.2
X= -0.467693 -2.54864 4.43069 -3.42747 0.0667537 4.29279 2.17561 0.492048 6.17602

T= 0.3
X= -0.461316 -2.55235 4.4948 -3.42314 0.0667495 4.39362 2.20026 0.472334 6.27052

T= 0.4
X= -0.459584 -2.55656 4.46583 -3.41731 0.061425 4.37083 2.21012 0.441892 6.17899

T= 0.5
X= -0.45872 -2.57334 4.4991 -3.41627 0.0478905 4.39846 2.22835 0.401636 6.19023

T= 0.6
X= -0.462524 -2.58706 4.50764 -3.41717 0.0366277 4.41976 2.24628 0.364817 6.15758

T= 0.7
X= -0.464949 -2.59512 4.48993 -3.41546 0.0292651 4.40353 2.27088 0.333273 6.18607

T= 0.8
X= -0.466938 -2.60325 4.47523 -3.41395 0.0188765 4.40748 2.29452 0.306927 6.42698

T= 0.9
X= -0.465794 -2.60873 4.44601 -3.41133 0.0110428 4.396 2.29338 0.296981 6.50772

T= 1
X= -0.457919 -2.60433 4.37061 -3.39537 0.00580986 4.27957 2.2876 0.301161 6.44852

T= 1.1
X= -0.442722 -2.59951 4.41745 -3.38816 0.0038224 4.37365 2.29489 0.325146 6.62618

T= 1.2
X= -0.436375 -2.58923 4.55371 -3.39199 0.0182985 4.51026 2.28577 0.369762 6.68169

T= 1.3
X= -0.442432 -2.57529 4.5724 -3.39618 0.0359094 4.5154 2.26432 0.408605 6.64343

T= 1.4
X= -0.448252 -2.56813 4.52423 -3.39687 0.0401158 4.44342 2.24583 0.431847 6.5593

T= 1.5
X= -0.449044 -2.56566 4.47569 -3.39268 0.0378544 4.38788 2.2377 0.457349 6.59977

T= 1.6
X= -0.442913 -2.55867 4.36243 -3.37525 0.0402536 4.27732 2.22084 0.4803 6.47353

T= 1.7
X= -0.418458 -2.54456 3.9993 -3.33375 0.0282548 4.01714 2.21384 0.488559 6.2846

T= 1.8
X= -0.383281 -2.58499 4.34785 -3.33225 0.00252409 4.37457 2.23176 0.499783 6.49575

T= 1.9
X= -0.384276 -2.60802 4.63885 -3.35347 -0.000227261 4.63028 2.2224 0.507822 6.47604

T= 2
X= -0.399693 -2.59465 4.4739 -3.35809 0.00644751 4.49805 2.21456 0.51042 6.48492

T= 2.1
X= -0.40116 -2.59264 4.34496 -3.35384 0.00212057 4.39262 2.20721 0.517022 6.4248

T= 2.2
X= -0.396752 -2.61029 4.4208 -3.3533 -0.0105966 4.41656 2.20734 0.522762 6.41189

T= 2.3
X= -0.398535 -2.61958 4.48549 -3.35939 -0.0158499 4.49135 2.21038 0.534045 6.47988

T= 2.4
X= -0.404954 -2.61747 4.53779 -3.36938 -0.00953751 4.5567 2.20548 0.547008 6.51765

T= 2.5
X= -0.414749 -2.60874 4.5621 -3.38031 0.00060637 4.56274 2.1924 0.557344 6.46728

T= 2.6
X= -0.424321 -2.60083 4.56306 -3.38802 0.00930161 4.52351 2.18389 0.564581 6.40168

T= 2.7
X= -0.430567 -2.5855 4.44813 -3.38703 0.0145801 4.44537 2.18265 0.566294 6.36484

T= 2.8
X= -0.421859 -2.56298 4.28357 -3.36986 0.0217378 4.29722 2.18509 0.56858 6.32721

T= 2.9
X= -0.405674 -2.56065 4.36721 -3.35357 0.0281817 4.33503 2.19038 0.572301 6.28825

T= 3
X= -0.399992 -2.56075 4.42448 -3.34773 0.0330626 4.41128 2.19968 0.571145 6.29768

T= 3.1
X= -0.399179 -2.56215 4.42076 -3.34551 0.0322142 4.41995 2.20537 0.563458 6.31891

T= 3.2
X= -0.400612 -2.57142 4.40441 -3.34358 0.0224109 4.40144 2.20718 0.551717 6.34315

T= 3.3
X= -0.402686 -2.58435 4.43581 -3.34472 0.0132112 4.4315 2.20464 0.536481 6.28107

T= 3.4
X= -0.406826 -2.59203 4.43359 -3.34658 0.00724823 4.44545 2.20866 0.520864 6.28046

T= 3.5
X= -0.410421 -2.5993 4.40837 -3.34524 -0.00120037 4.41359 2.21314 0.507601 6.29653

T= 3.6
X= -0.409998 -2.60574 4.38122 -3.34182 -0.0102011 4.39692 2.21464 0.497165 6.25191

T= 3.7
X= -0.405141 -2.60554 4.30858 -3.32712 -0.018879 4.29078 2.21974 0.485003 6.23347

T= 3.8
X= -0.39042 -2.60156 4.279 -3.3135 -0.0245173 4.30523 2.23299 0.484855 6.2494

T= 3.9
X= -0.38055 -2.59971 4.44333 -3.31314 -0.0182189 4.4348 2.24402 0.494131 6.30922

T= 4
X= -0.38448 -2.58906 4.51246 -3.31985 -0.00343149 4.51139 2.24631 0.505731 6.34315

T= 4.1
X= -0.389988 -2.57659 4.42602 -3.31761 0.00642974 4.41228 2.24293 0.512118 6.30535

T= 4.2
X= -0.388039 -2.57455 4.35258 -3.31002 0.00122614 4.33106 2.24299 0.513105 6.33873

T= 4.3
X= -0.382126 -2.57465 4.29948 -3.29414 -0.0020849 4.27411 2.23797 0.511661 6.24078

T= 4.4
X= -0.358582 -2.55843 3.91902 -3.25205 -0.0109114 4.02403 2.23692 0.499949 6.0048

T= 4.5
X= -0.319657 -2.59162 4.14199 -3.23649 -0.0388939 4.24696 2.26669 0.489364 6.17882

T= 4.6
X= -0.307578 -2.62038 4.5025 -3.25106 -0.0475569 4.58498 2.27621 0.488951 6.19483

T= 4.7
X= -0.324411 -2.61843 4.49988 -3.26229 -0.0406509 4.55418 2.28257 0.485851 6.08472

T= 4.8
X= -0.336606 -2.6149 4.37914 -3.27102 -0.0423924 4.51259 2.30403 0.48916 6.20573

T= 4.9
X= -0.34513 -2.63476 4.41724 -3.28482 -0.0543849 4.53896 2.31192 0.50526 6.13266

T= 5
X= -0.358808 -2.65339 4.46788 -3.29916 -0.064945 4.55198 2.32898 0.522944 6.12894

T= 5.1
X= -0.374342 -2.65716 4.54461 -3.31874 -0.0603545 4.64076 2.34622 0.547164 6.09535

T= 5.2
X= -0.392983 -2.65111 4.61544 -3.34357 -0.0452151 4.70977 2.36651 0.579741 6.11538

T= 5.3
X= -0.416215 -2.63996 4.63203 -3.36387 -0.0300311 4.67739 2.38308 0.617195 5.9133

T= 5.4
X= -0.436607 -2.62581 4.55408 -3.37925 -0.0179389 4.62377 2.43029 0.660769 6.13009

T= 5.5
X= -0.444365 -2.608 4.44449 -3.38087 -0.00594263 4.50217 2.45138 0.702798 6.13239

T= 5.6
X= -0.443094 -2.59435 4.43482 -3.3766 0.0101606 4.46238 2.46393 0.728611 6.01701

T= 5.7
X= -0.445164 -2.5894 4.50079 -3.37772 0.0248547 4.51737 2.48887 0.74884 6.00202

T= 5.8
X= -0.453516 -2.58539 4.51578 -3.38888 0.0340803 4.58501 2.51689 0.772885 6.0871

T= 5.9
X= -0.466641 -2.58635 4.52924 -3.39787 0.0383477 4.57373 2.53122 0.789723 6.03839

T= 6
X= -0.478148 -2.58713 4.53257 -3.40717 0.0416446 4.58296 2.5468 0.797434 5.9437

T= 6.1
X= -0.491159 -2.59056 4.57253 -3.41932 0.0471898 4.61179 2.5699 0.804913 5.86974

T= 6.2
X= -0.505788 -2.59257 4.56807 -3.42911 0.0502314 4.59872 2.59959 0.809014 5.8032

T= 6.3
X= -0.521485 -2.59784 4.57117 -3.44307 0.0493855 4.63239 2.63977 0.810202 5.92113

T= 6.4
X= -0.531029 -2.59557 4.49106 -3.44758 0.0482833 4.55779 2.66613 0.815965 5.94114

T= 6.5
X= -0.529612 -2.58893 4.41692 -3.44617 0.0473047 4.4995 2.68853 0.825002 5.89833

T= 6.6
X= -0.527286 -2.58319 4.54999 -3.45301 0.0585131 4.614 2.71766 0.835408 5.90583

T= 6.7
X= -0.535035 -2.56938 4.67426 -3.46972 0.0843515 4.73873 2.74561 0.847203 5.89481

T= 6.8
X= -0.556725 -2.55863 4.70644 -3.48959 0.106613 4.76886 2.77692 0.858746 5.92994

T= 6.9
X= -0.57867 -2.55278 4.63852 -3.50525 0.114589 4.70405 2.8017 0.863397 5.93394

T= 7
X= -0.592809 -2.55105 4.539 -3.50939 0.11476 4.59475 2.82542 0.864238 5.95894

T= 7.1
X= -0.591193 -2.54932 4.35313 -3.49911 0.109861 4.45708 2.84412 0.867559 5.96519

T= 7.2
X= -0.574868 -2.55813 4.293 -3.49065 0.0960932 4.46774 2.86589 0.873166 5.98868

T= 7.3
X= -0.565771 -2.58016 4.60805 -3.50912 0.0961172 4.73983 2.88517 0.877457 6.0677

T= 7.4
X= -0.583025 -2.58491 4.75973 -3.53483 0.111294 4.85386 2.89507 0.880008 6.0715

T= 7.5
X= -0.602634 -2.57278 4.562 -3.54406 0.11491 4.69628 2.90444 0.884962 6.06545

T= 7.6
X= -0.606705 -2.57851 4.49929 -3.54553 0.10629 4.58585 2.91293 0.891681 6.09039

T= 7.7
X= -0.607119 -2.58665 4.55109 -3.54848 0.103178 4.61864 2.91963 0.896177 6.09799

T= 7.8
X= -0.608872 -2.58443 4.57095 -3.55257 0.108078 4.64713 2.92775 0.902592 6.0792

T= 7.9
X= -0.609875 -2.57367 4.52975 -3.55017 0.116679 4.60057 2.93804 0.911816 6.0422

T= 8
X= -0.60643 -2.56375 4.50704 -3.54258 0.124343 4.54699 2.95221 0.924477 5.88038

T= 8.1
X= -0.601028 -2.55525 4.45509 -3.52632 0.128273 4.46914 2.98962 0.944913 5.71437

T= 8.2
X= -0.58537 -2.54008 4.33946 -3.48763 0.132205 4.28054 3.04464 0.977007 5.2732

T= 8.3
X= -0.559741 -2.52921 4.29735 -3.44394 0.134963 4.2338 3.16214 1.0182 5.28653

T= 8.4
X= -0.536292 -2.52634 4.34918 -3.39915 0.138561 4.22633 3.27693 1.0593 5.28277

T= 8.5
X= -0.517555 -2.52338 4.35344 -3.36754 0.1384 4.35833 3.40728 1.10707 5.66599

T= 8.6
X= -0.504199 -2.52935 4.39215 -3.33967 0.132549 4.37974 3.48113 1.14871 5.69807

T= 8.7
X= -0.493956 -2.53867 4.39486 -3.31585 0.124181 4.41371 3.54905 1.16943 5.7405

T= 8.8
X= -0.48398 -2.54871 4.38591 -3.29238 0.115325 4.41925 3.60767 1.17618 5.70019

T= 8.9
X= -0.47387 -2.55927 4.40131 -3.26425 0.105595 4.38557 3.67229 1.17798 5.63877

T= 9
X= -0.462302 -2.56516 4.361 -3.23155 0.0975258 4.352 3.74549 1.17934 5.57435

T= 9.1
X= -0.446996 -2.57024 4.30687 -3.19458 0.0889524 4.32188 3.83447 1.18668 5.61653

T= 9.2
X= -0.41752 -2.55892 4.10431 -3.13644 0.0795125 4.15127 3.92308 1.19799 5.64409

T= 9.3
X= -0.374621 -2.56089 4.2109 -3.08451 0.0748982 4.23383 4.02324 1.21977 5.87909

T= 9.4
X= -0.343548 -2.55924 4.36287 -3.04657 0.0824893 4.41318 4.0961 1.2426 5.99339

T= 9.5
X= -0.329415 -2.55991 4.47353 -3.02033 0.093012 4.53303 4.16849 1.2748 6.1913

T= 9.6
X= -0.320652 -2.55774 4.39896 -2.99091 0.0940666 4.46848 4.2192 1.30768 6.29588

T= 9.7
X= -0.304889 -2.56029 4.30162 -2.95994 0.0824983 4.43639 4.26557 1.33196 6.49778

T= 9.8
X= -0.279417 -2.56459 4.21164 -2.92261 0.0692874 4.39199 4.29081 1.34741 6.62885

T= 9.9
X= -0.243701 -2.57402 4.15675 -2.89072 0.0495163 4.44959 4.30125 1.35302 6.70836

T= 10
X= -0.20899 -2.59588 4.37131 -2.87387 0.0333523 4.62427 4.30391 1.34847 6.75881

T= 10.1
X= -0.194972 -2.60748 4.56086 -2.87099 0.0324167 4.78391 4.31109 1.33022 6.95208

T= 10.2
X= -0.196293 -2.611 4.51543 -2.87333 0.0260125 4.80168 4.29534 1.30003 6.99447

T= 10.3
X= -0.191902 -2.61822 4.41417 -2.86582 0.00839694 4.70015 4.27592 1.263 6.93499

T= 10.4
X= -0.179662 -2.63858 4.47871 -2.85976 -0.0104986 4.74134 4.27044 1.21697 6.95768

T= 10.5
X= -0.171637 -2.64715 4.49492 -2.85496 -0.0220539 4.77183 4.27037 1.16377 7.02195

T= 10.6
X= -0.165762 -2.65268 4.51055 -2.84909 -0.0294996 4.77282 4.26658 1.10836 7.04687

T= 10.7
X= -0.159658 -2.65908 4.52676 -2.84222 -0.0363019 4.778 4.26517 1.05501 7.02611

T= 10.8
X= -0.150659 -2.66046 4.44797 -2.83026 -0.0459304 4.72808 4.2754 1.00464 7.04797

T= 10.9
X= -0.13357 -2.66273 4.35201 -2.80695 -0.0587571 4.64366 4.28729 0.954808 7.01612

T= 11
X= -0.104359 -2.66746 4.30689 -2.77624 -0.0728235 4.59765 4.30051 0.906843 6.84877

T= 11.1
X= -0.0719134 -2.67725 4.31052 -2.74183 -0.0840602 4.60604 4.34895 0.861985 6.87975

T= 11.2
X= -0.0433953 -2.6958 4.3546 -2.71066 -0.100163 4.64357 4.3943 0.811024 6.83161

T= 11.3
X= -0.0138457 -2.71538 4.32307 -2.67455 -0.122436 4.59228 4.44288 0.75063 6.65097

T= 11.4
X= 0.016167 -2.73954 4.31795 -2.63418 -0.146441 4.58266 4.51158 0.682667 6.4617

T= 11.5
X= 0.0507217 -2.76234 4.28215 -2.58832 -0.170445 4.57358 4.61141 0.606296 6.41946

T= 11.6
X= 0.0864144 -2.79512 4.32824 -2.54527 -0.200395 4.6283 4.73015 0.521247 6.56995

T= 11.7
X= 0.117438 -2.82715 4.36908 -2.50636 -0.231036 4.69033 4.82719 0.42527 6.60274

T= 11.8
X= 0.147339 -2.85366 4.38895 -2.47109 -0.261656 4.75555 4.92533 0.322289 6.68794

T= 11.9
X= 0.182356 -2.86748 4.24348 -2.42229 -0.292386 4.6294 5.00947 0.215943 6.62579

T= 12
X= 0.231993 -2.88734 4.23853 -2.36673 -0.322042 4.62202 5.10901 0.115259 6.59789

T= 12.1
X= 0.278531 -2.90977 4.35547 -2.31871 -0.343702 4.77065 5.22598 0.0248274 6.69279

T= 12.2
X= 0.312563 -2.93477 4.45304 -2.27921 -0.363546 4.90011 5.34593 -0.0616029 6.89167

T= 12.3
X= 0.337697 -2.95642 4.43655 -2.243 -0.385267 4.91326 5.43714 -0.143487 6.97178

T= 12.4
X= 0.365276 -2.97776 4.3964 -2.20657 -0.413605 4.89085 5.5317 -0.233255 7.17698

T= 12.5
X= 0.395464 -3.0068 4.38899 -2.17115 -0.448969 4.93303 5.59494 -0.322022 7.2216

T= 12.6
X= 0.43297 -3.01825 4.18651 -2.12648 -0.485565 4.82511 5.65718 -0.403038 7.22917

T= 12.7
X= 0.485934 -3.05257 4.36492 -2.08615 -0.518704 4.94272 5.71763 -0.481458 7.16556

T= 12.8
X= 0.519821 -3.09037 4.60468 -2.06631 -0.547407 5.21765 5.81762 -0.569552 7.46586

T= 12.9
X= 0.531805 -3.10754 4.51134 -2.0454 -0.571163 5.13562 5.85311 -0.643869 7.3147

T= 13
X= 0.556567 -3.12675 4.44012 -2.01486 -0.598844 5.06686 5.93301 -0.720702 7.4283

T= 13.1
X= 0.588799 -3.1534 4.50105 -1.98313 -0.62563 5.13242 5.99725 -0.791848 7.44058

T= 13.2
X= 0.615041 -3.17626 4.56443 -1.95722 -0.64898 5.19228 6.06916 -0.870575 7.51228

T= 13.3
X= 0.635844 -3.19487 4.55111 -1.93029 -0.670797 5.18614 6.12722 -0.94529 7.47077

T= 13.4
X= 0.660695 -3.21478 4.53638 -1.89811 -0.690742 5.16737 6.17958 -1.01933 7.304

T= 13.5
X= 0.686816 -3.2332 4.49871 -1.8623 -0.714334 5.1497 6.2694 -1.1065 7.35888

T= 13.6
X= 0.719729 -3.24853 4.42658 -1.81764 -0.738754 5.08005 6.34663 -1.1904 7.31319

T= 13.7
X= 0.762328 -3.26027 4.33708 -1.75961 -0.75998 4.95634 6.40718 -1.27104 7.0364

T= 13.8
X= 0.813047 -3.28839 4.38032 -1.69855 -0.787219 4.99408 6.52844 -1.36618 7.09289

T= 13.9
X= 0.857878 -3.32015 4.42298 -1.6403 -0.818457 5.03475 6.63495 -1.46144 7.05551

T= 14
X= 0.895222 -3.34924 4.40756 -1.5849 -0.852977 5.08036 6.74345 -1.56726 7.04947

T= 14.1
X= 0.935381 -3.37851 4.38269 -1.52875 -0.887921 5.09127 6.84608 -1.66473 6.95227

T= 14.2
X= 0.977802 -3.41905 4.51469 -1.47836 -0.922792 5.23967 7.00955 -1.77064 7.27497

T= 14.3
X= 1.00978 -3.44111 4.47481 -1.42939 -0.946805 5.20156 7.08415 -1.846 7.10468

T= 14.4
X= 1.04615 -3.46865 4.53526 -1.38133 -0.972931 5.29819 7.21301 -1.93181 7.23254

T= 14.5
X= 1.07855 -3.47829 4.44138 -1.33487 -0.993491 5.28344 7.32771 -1.99449 7.29569

T= 14.6
X= 1.12088 -3.49176 4.40743 -1.27909 -1.00847 5.2122 7.42374 -2.04404 7.25965

T= 14.7
X= 1.17025 -3.50103 4.43491 -1.22309 -1.02357 5.30866 7.54851 -2.09632 7.40589

T= 14.8
X= 1.21668 -3.51359 4.54543 -1.17585 -1.0356 5.41315 7.64373 -2.1391 7.45097

T= 14.9
X= 1.25213 -3.5228 4.58695 -1.13892 -1.04857 5.51147 7.7318 -2.19024 7.48795

T= 15
X= 1.2848 -3.52791 4.56364 -1.10262 -1.06282 5.45451 7.80658 -2.24882 7.49182

T= 15.1
X= 1.31563 -3.55404 4.65792 -1.0693 -1.0888 5.53964 7.87987 -2.31632 7.4863

T= 15.2
X= 1.33372 -3.58236 4.68595 -1.04368 -1.1156 5.57149 7.96519 -2.3961 7.59787

T= 15.3
X= 1.35165 -3.58584 4.49418 -1.01254 -1.13912 5.46418 8.00005 -2.46803 7.44802

T= 15.4
X= 1.39419 -3.62093 4.7052 -0.985985 -1.16867 5.66935 8.10331 -2.56887 7.69961

T= 15.5
X= 1.41271 -3.65242 4.88368 -0.97517 -1.19426 5.7677 8.14869 -2.65628 7.71972

T= 15.6
X= 1.40954 -3.66293 4.78516 -0.966759 -1.21809 5.70913 8.20322 -2.74903 7.82861

T= 15.7
X= 1.41711 -3.67202 4.72683 -0.95344 -1.24013 5.69961 8.23354 -2.82177 7.81889

T= 15.8
X= 1.43288 -3.69334 4.83088 -0.945077 -1.26425 5.81872 8.30196 -2.90677 8.05911

T= 15.9
X= 1.434 -3.69897 4.80284 -0.942784 -1.28216 5.83526 8.32309 -2.9748 8.1318

T= 16
X= 1.43513 -3.70171 4.76464 -0.941481 -1.297 5.83486 8.31926 -3.03788 8.09675

T= 16.1
X= 1.43741 -3.71125 4.76862 -0.941258 -1.31601 5.84013 8.3256 -3.1104 8.11165

T= 16.2
X= 1.43848 -3.72391 4.78011 -0.939175 -1.33602 5.81894 8.34053 -3.18249 8.19043

T= 16.3
X= 1.43746 -3.72806 4.72978 -0.933582 -1.34849 5.81748 8.34989 -3.22899 8.23674

T= 16.4
X= 1.44147 -3.72377 4.6542 -0.924054 -1.35163 5.7519 8.35663 -3.2469 8.25009

T= 16.5
X= 1.45358 -3.73058 4.69032 -0.911119 -1.3575 5.77045 8.35811 -3.25291 8.22918

T= 16.6
X= 1.46296 -3.73701 4.72674 -0.901829 -1.36381 5.822 8.37806 -3.26378 8.31243

T= 16.7
X= 1.46413 -3.74766 4.77262 -0.900555 -1.37165 5.88724 8.37882 -3.26456 8.31622

T= 16.8
X= 1.46129 -3.76006 4.82378 -0.910756 -1.38395 6.00565 8.3765 -3.2657 8.29985

T= 16.9
X= 1.44422 -3.77004 4.83427 -0.926807 -1.39267 6.02205 8.38467 -3.27401 8.3532

T= 17
X= 1.42816 -3.77872 4.82923 -0.94246 -1.39875 6.01801 8.38168 -3.27566 8.36276

T= 17.1
X= 1.41171 -3.78301 4.81254 -0.956344 -1.40303 6.00137 8.3748 -3.27544 8.34722

T= 17.2
X= 1.40007 -3.79076 4.84178 -0.972266 -1.41058 6.06679 8.37714 -3.28007 8.3793

T= 17.3
X= 1.38459 -3.78824 4.78154 -0.984631 -1.40854 5.95832 8.37625 -3.27913 8.39585

T= 17.4
X= 1.38052 -3.78941 4.80538 -0.990636 -1.40746 5.97469 8.36828 -3.26848 8.34877

T= 17.5
X= 1.37438 -3.78615 4.84197 -1.0021 -1.40796 6.081 8.36867 -3.26005 8.33649

T= 17.6
X= 1.36823 -3.78641 4.93747 -1.01868 -1.40548 6.12388 8.38002 -3.25794 8.3866

T= 17.7
X= 1.34532 -3.77437 4.85865 -1.035 -1.40024 6.09861 8.37872 -3.25081 8.37289

T= 17.8
X= 1.32964 -3.76637 4.80573 -1.04848 -1.39826 6.05415 8.3825 -3.24762 8.39055

T= 17.9
X= 1.31499 -3.7703 4.805 -1.06014 -1.40361 6.05003 8.38761 -3.24124 8.4244

T= 18
X= 1.30326 -3.75668 4.60891 -1.06822 -1.40834 6.03374 8.40507 -3.23352 8.5428

T= 18.1
X= 1.31694 -3.80238 4.98306 -1.0864 -1.41091 6.2304 8.42822 -3.21907 8.7697

T= 18.2
X= 1.28313 -3.81523 5.09748 -1.12753 -1.4106 6.50365 8.41948 -3.18761 8.92179

T= 18.3
X= 1.23929 -3.81153 5.04961 -1.17724 -1.39557 6.39665 8.38714 -3.14133 8.99736

T= 18.4
X= 1.19704 -3.79708 4.90292 -1.21525 -1.37961 6.30505 8.35083 -3.0829 9.06253

T= 18.5
X= 1.17083 -3.8005 4.99385 -1.25756 -1.36872 6.48218 8.33549 -3.02027 9.30619

T= 18.6
X= 1.13946 -3.78918 5.0811 -1.31676 -1.35304 6.63065 8.31221 -2.94788 9.63443

T= 18.7
X= 1.09892 -3.76325 5.09352 -1.3796 -1.3241 6.6039 8.20352 -2.83686 9.54451

T= 18.8
X= 1.05477 -3.72236 5.00826 -1.44147 -1.29256 6.60809 8.14446 -2.73674 9.69701

T= 18.9
X= 1.0112 -3.69694 5.0298 -1.50415 -1.26494 6.6051 8.05403 -2.62888 9.70004

T= 19
X= 0.959899 -3.67166 5.02553 -1.56609 -1.23792 6.58283 7.99599 -2.5317 9.92305

T= 19.1
X= 0.914963 -3.63864 4.90822 -1.61862 -1.20259 6.45926 7.87918 -2.39574 9.79906

T= 19.2
X= 0.880997 -3.61745 4.91785 -1.66935 -1.17364 6.50638 7.81678 -2.2777 9.96503

T= 19.3
X= 0.842334 -3.59416 4.91232 -1.72061 -1.14074 6.50129 7.72482 -2.14214 9.97391

T= 19.4
X= 0.806188 -3.5701 4.90861 -1.77013 -1.10532 6.45224 7.63863 -2.00298 9.98712

T= 19.5
X= 0.769687 -3.55059 4.82262 -1.80983 -1.06998 6.3205 7.54575 -1.86259 9.93513

T= 19.6
X= 0.744614 -3.53909 4.80194 -1.84124 -1.03994 6.2312 7.4636 -1.72448 9.88805

T= 19.7
X= 0.724093 -3.52362 4.79171 -1.87217 -1.0142 6.27621 7.39713 -1.59236 9.88754

T= 19.8
X= 0.703173 -3.50627 4.82221 -1.90144 -0.9815 6.23009 7.33291 -1.46401 9.89608

T= 19.9
X= 0.68381 -3.47854 4.75723 -1.91923 -0.946237 6.08129 7.24209 -1.3378 9.66937

T= 20
X= 0.672706 -3.43557 4.54897 -1.92007 -0.912517 5.89159 7.18158 -1.22468 9.53262

T= 20.1
X= 0.685613 -3.39338 4.43951 -1.90856 -0.884727 5.78524 7.15475 -1.12393 9.58311

T= 20.2
X= 0.702726 -3.3663 4.56388 -1.9045 -0.857597 5.93631 7.12459 -1.02409 9.68156

T= 20.3
X= 0.703255 -3.3403 4.70605 -1.91632 -0.823052 6.05231 7.09382 -0.918899 9.88049

T= 20.4
X= 0.686163 -3.30769 4.68731 -1.93593 -0.786919 6.02773 7.0116 -0.7976 9.789

T= 20.5
X= 0.668593 -3.27448 4.60331 -1.95289 -0.755412 5.95401 6.96039 -0.674627 9.89117

T= 20.6
X= 0.657781 -3.2483 4.58361 -1.97032 -0.733762 5.96984 6.9231 -0.531727 10.2124

T= 20.7
X= 0.651775 -3.20879 4.43651 -1.9778 -0.707133 5.82938 6.81127 -0.353761 10.0848

T= 20.8
X= 0.662733 -3.16559 4.36764 -1.98112 -0.679212 5.82789 6.74842 -0.165414 10.3061

T= 20.9
X= 0.683271 -3.14501 4.66552 -2.00225 -0.640255 6.0627 6.65173 0.0444765 10.3747

T= 21
X= 0.667911 -3.09981 4.77427 -2.03994 -0.5848 6.17893 6.5537 0.281071 10.4517

T= 21.1
X= 0.647395 -3.03881 4.65467 -2.07168 -0.525911 6.00484 6.44779 0.545456 10.4774

T= 21.2
X= 0.641075 -2.97733 4.55001 -2.08839 -0.468475 5.87606 6.3321 0.815475 10.3724

T= 21.3
X= 0.643296 -2.92552 4.66413 -2.109 -0.410437 5.97766 6.24467 1.08678 10.4774

T= 21.4
X= 0.63737 -2.86568 4.72705 -2.13675 -0.344695 6.0055 6.13501 1.36065 10.4512

T= 21.5
X= 0.625974 -2.8027 4.77652 -2.16778 -0.278052 6.01467 6.04023 1.62463 10.5661

T= 21.6
X= 0.608608 -2.74246 4.82717 -2.20027 -0.211369 6.01593 5.89439 1.8531 10.2185

T= 21.7
X= 0.585322 -2.6767 4.72465 -2.22865 -0.151241 5.90999 5.83909 2.0836 10.556

T= 21.8
X= 0.573907 -2.62258 4.6618 -2.24891 -0.100482 5.78896 5.69082 2.27545 10.2096

T= 21.9
X= 0.566172 -2.57765 4.68967 -2.26614 -0.0569036 5.76857 5.59109 2.43587 10.0832

T= 22
X= 0.550994 -2.54151 4.71481 -2.28761 -0.0201898 5.75589 5.52236 2.59053 10.2292

T= 22.1
X= 0.53306 -2.51076 4.71848 -2.30968 0.00949509 5.72488 5.39501 2.70436 9.84347

T= 22.2
X= 0.51456 -2.48005 4.68801 -2.33072 0.0357502 5.67915 5.34781 2.84658 10.1304

T= 22.3
X= 0.496984 -2.45223 4.72741 -2.355 0.0625771 5.69562 5.22563 2.9679 9.82644

T= 22.4
X= 0.473549 -2.42254 4.76233 -2.38363 0.0926862 5.71937 5.15873 3.11637 9.94656

T= 22.5
X= 0.447955 -2.38469 4.72082 -2.41331 0.125304 5.69651 5.0778 3.28834 10.0598

T= 22.6
X= 0.424687 -2.34723 4.78605 -2.44427 0.164398 5.7107 4.94536 3.43312 9.62436

T= 22.7
X= 0.399627 -2.29129 4.69636 -2.46911 0.211585 5.63361 4.89316 3.63577 9.83949

T= 22.8
X= 0.390239 -2.225 4.54243 -2.47693 0.260412 5.43928 4.7976 3.836 9.73546

T= 22.9
X= 0.393345 -2.16471 4.63146 -2.48505 0.317371 5.50087 4.71497 4.04904 9.75163

T= 23
X= 0.385404 -2.09705 4.75585 -2.50385 0.388858 5.60695 4.62854 4.2795 9.70819

T= 23.1
X= 0.3622 -2.02709 4.77118 -2.53208 0.46141 5.65375 4.54842 4.51974 9.76077

T= 23.2
X= 0.340442 -1.95276 4.67726 -2.55196 0.529524 5.51246 4.44561 4.72869 9.49906

T= 23.3
X= 0.33374 -1.87079 4.56416 -2.55685 0.600679 5.34576 4.37292 4.9496 9.40815

T= 23.4
X= 0.337847 -1.79003 4.43838 -2.55325 0.670397 5.27525 4.30881 5.18002 9.42797

T= 23.5
X= 0.353745 -1.72039 4.29863 -2.53988 0.728046 5.13474 4.22028 5.36928 9.10338

T= 23.6
X= 0.376514 -1.66505 4.4573 -2.5303 0.784079 5.2038 4.15823 5.53219 8.83075

T= 23.7
X= 0.381452 -1.61237 4.73545 -2.54681 0.849001 5.46329 4.1377 5.72745 9.05112

T= 23.8
X= 0.361335 -1.54572 4.66684 -2.56265 0.915747 5.38287 4.05423 5.82975 8.55346

T= 23.9
X= 0.347864 -1.48468 4.4786 -2.56332 0.968516 5.17893 4.03836 5.98111 8.62256

T= 24
X= 0.347983 -1.43733 4.46817 -2.56051 1.01208 5.133 3.99028 6.07592 8.31829

T= 24.1
X= 0.345747 -1.39332 4.56388 -2.56461 1.06261 5.22548 3.98176 6.20647 8.40333

T= 24.2
X= 0.335933 -1.34264 4.5855 -2.57135 1.11807 5.22959 3.9509 6.3156 8.24197

T= 24.3
X= 0.325046 -1.2873 4.57754 -2.57451 1.17582 5.19242 3.92929 6.42166 8.09649

T= 24.4
X= 0.316487 -1.2237 4.50893 -2.57319 1.23608 5.12761 3.92725 6.5586 8.18248

T= 24.5
X= 0.317296 -1.15575 4.41033 -2.56177 1.29776 5.02533 3.8975 6.66262 7.99346

T= 24.6
X= 0.327551 -1.09195 4.34302 -2.53964 1.35763 4.93128 3.88137 6.76904 7.88002

T= 24.7
X= 0.340089 -1.03856 4.36297 -2.51997 1.4127 4.93463 3.87002 6.86886 7.76492

T= 24.8
X= 0.347644 -0.989247 4.40347 -2.50591 1.46777 4.97952 3.86139 6.95659 7.6397

T= 24.9
X= 0.35138 -0.938976 4.39664 -2.49716 1.5199 4.99979 3.86648 7.06648 7.66547

T= 25
X= 0.355587 -0.886231 4.36922 -2.48326 1.57317 4.94744 3.85321 7.14562 7.48722

T= 25.1
X= 0.361466 -0.832366 4.36199 -2.47034 1.6298 4.95182 3.86093 7.25248 7.52697

T= 25.2
X= 0.367081 -0.775125 4.36486 -2.45639 1.69075 4.94483 3.85129 7.33734 7.38255

T= 25.3
X= 0.371822 -0.718258 4.40417 -2.44761 1.75229 4.97869 3.85687 7.44514 7.43316

T= 25.4
X= 0.371906 -0.663098 4.38452 -2.44202 1.80631 4.97306 3.84787 7.54394 7.46948

T= 25.5
X= 0.377775 -0.59862 4.22341 -2.42312 1.8576 4.8162 3.82195 7.61726 7.29522

T= 25.6
X= 0.395288 -0.534965 4.28311 -2.40424 1.9205 4.86261 3.81337 7.71449 7.28589

T= 25.7
X= 0.403415 -0.473877 4.37613 -2.39608 1.98498 4.9617 3.79417 7.79033 7.18542

T= 25.8
X= 0.398138 -0.425002 4.38905 -2.39367 2.0378 4.94921 3.77709 7.85607 7.11591

T= 25.9
X= 0.388983 -0.385948 4.32688 -2.38947 2.0772 4.88752 3.75615 7.89551 7.01604

T= 26
X= 0.384802 -0.354337 4.23344 -2.37755 2.1025 4.77422 3.73305 7.90111 6.82745

T= 26.1
X= 0.386642 -0.34291 4.10886 -2.3597 2.10683 4.65005 3.7229 7.89938 6.74667

T= 26.2
X= 0.395953 -0.355426 3.97717 -2.34122 2.08926 4.58157 3.71735 7.89717 6.75372

T= 26.3
X= 0.408765 -0.389344 4.10115 -2.33546 2.06131 4.67201 3.69371 7.85689 6.61463

T= 26.4
X= 0.403618 -0.42412 4.34048 -2.3476 2.04075 4.85102 3.67742 7.81296 6.54834

T= 26.5
X= 0.378749 -0.445168 4.32145 -2.36163 2.02617 4.82957 3.66163 7.75921 6.409

T= 26.6
X= 0.360548 -0.459539 4.17771 -2.36379 2.00817 4.69981 3.66685 7.7517 6.47725

T= 26.7
X= 0.35425 -0.472654 4.18081 -2.36308 1.99777 4.70824 3.65593 7.73312 6.39702

T= 26.8
X= 0.346249 -0.476908 4.23769 -2.36366 2.00209 4.74401 3.64965 7.71627 6.27385

T= 26.9
X= 0.337928 -0.466244 4.27596 -2.36528 2.02152 4.77566 3.65737 7.73379 6.2947

T= 27
X= 0.324088 -0.448906 4.25183 -2.3659 2.04372 4.75097 3.64991 7.72077 6.1486

T= 27.1
X= 0.30914 -0.44348 4.20738 -2.36745 2.05049 4.71029 3.65611 7.71323 6.1652

T= 27.2
X= 0.296084 -0.456334 4.12172 -2.37054 2.03378 4.65311 3.6596 7.7178 6.39572

T= 27.3
X= 0.27932 -0.495114 4.14931 -2.39215 1.99337 4.75858 3.64249 7.77453 7.0603

T= 27.4
X= 0.250537 -0.556364 4.29237 -2.44286 1.92931 4.93381 3.5286 7.75221 7.26745

T= 27.5
X= 0.206288 -0.610605 4.35917 -2.50478 1.86898 5.01384 3.38683 7.7095 7.30386

T= 27.6
X= 0.156776 -0.649503 4.34036 -2.56337 1.82023 4.98999 3.23573 7.64835 7.14705

T= 27.7
X= 0.115745 -0.672935 4.2262 -2.60459 1.78074 4.8272 3.09935 7.57765 6.84285

T= 27.8
X= 0.0919373 -0.681863 4.08648 -2.61862 1.76025 4.6245 2.99483 7.50172 6.44134

T= 27.9
X= 0.081497 -0.689688 4.04723 -2.62467 1.75242 4.60809 2.94099 7.47674 6.36889

T= 28
X= 0.0666558 -0.712725 4.123 -2.64221 1.7358 4.68343 2.89283 7.47501 6.49305

T= 28.1
X= 0.0468546 -0.736026 4.10473 -2.6647 1.71051 4.69351 2.82357 7.42917 6.35599

T= 28.2
X= 0.0333412 -0.747427 3.9315 -2.66502 1.68412 4.469 2.76477 7.35423 6.04354

T= 28.3
X= 0.0354133 -0.761752 3.91074 -2.65381 1.66651 4.40868 2.73828 7.28778 5.84634

T= 28.4
X= 0.0347069 -0.778068 3.98281 -2.65172 1.65668 4.49678 2.73209 7.22764 5.70118

T= 28.5
X= 0.0251095 -0.800502 4.00565 -2.65552 1.6454 4.52839 2.73907 7.18307 5.69024

T= 28.6
X= 0.0144095 -0.820089 3.91924 -2.65402 1.62755 4.4462 2.74405 7.13184 5.61386

T= 28.7
X= 0.0142793 -0.832795 3.9035 -2.64462 1.61367 4.39383 2.76007 7.09765 5.58606

T= 28.8
X= 0.0166815 -0.843139 3.84883 -2.63182 1.60921 4.40014 2.77667 7.06409 5.53998

T= 28.9
X= 0.0256093 -0.862047 3.69497 -2.61806 1.59445 4.341 2.80267 7.06209 5.64807

T= 29
X= 0.042621 -0.892157 3.81617 -2.61177 1.57312 4.40611 2.81715 7.05674 5.67085

T= 29.1
X= 0.0452533 -0.912558 4.12681 -2.62797 1.575 4.70829 2.82985 7.06247 5.75722

T= 29.2
X= 0.0272322 -0.911382 4.21823 -2.65161 1.59201 4.76224 2.83452 7.06658 5.78656

T= 29.3
X= 0.00437756 -0.903414 4.09323 -2.66317 1.60047 4.60601 2.83752 7.07374 5.81055

T= 29.4
X= -0.00518982 -0.9032 4.08937 -2.67388 1.6062 4.61357 2.83722 7.07812 5.8054

T= 29.5
X= -0.0181576 -0.904341 4.16954 -2.69103 1.6162 4.69193 2.83764 7.08405 5.80668

T= 29.6
X= -0.037359 -0.901237 4.24704 -2.71179 1.63148 4.74016 2.83927 7.09257 5.82421

T= 29.7
X= -0.0618051 -0.892546 4.2822 -2.73688 1.65076 4.76934 2.83982 7.10481 5.84908

T= 29.8
X= -0.0863837 -0.87825 4.24669 -2.75818 1.6702 4.75635 2.83977 7.12905 5.92384

T= 29.9
X= -0.105946 -0.867838 4.20511 -2.77491 1.68006 4.68895 2.83255 7.15647 6.01633

T= 30
X= -0.118394 -0.859067 4.12531 -2.78694 1.68493 4.63514 2.81976 7.2092 6.25903

T= 30.1
X= -0.126942 -0.851994 4.165 -2.80517 1.69335 4.70466 2.78367 7.28182 6.56941

T= 30.2
X= -0.145821 -0.844727 4.29624 -2.84184 1.70433 4.87276 2.71369 7.34568 6.76721

T= 30.3
X= -0.17784 -0.839978 4.45057 -2.89629 1.71308 5.02111 2.62234 7.4223 7.01591

T= 30.4
X= -0.220601 -0.828879 4.4492 -2.95216 1.71724 5.01609 2.50023 7.46248 7.01461

T= 30.5
X= -0.262654 -0.818376 4.46272 -3.00709 1.7236 4.99924 2.37922 7.51459 7.10507

T= 30.6
X= -0.306343 -0.809594 4.46852 -3.06467 1.7279 5.01847 2.24435 7.55046 7.11657

T= 30.7
X= -0.353901 -0.808595 4.49019 -3.12726 1.72475 5.02777 2.10481 7.56642 7.05297

T= 30.8
X= -0.402327 -0.810481 4.46003 -3.18991 1.71739 5.01356 1.97086 7.59676 7.13715

T= 30.9
X= -0.443613 -0.810673 4.32362 -3.23708 1.70179 4.84403 1.8269 7.58994 7.01037

T= 31
X= -0.469739 -0.811686 4.25982 -3.27059 1.68679 4.72316 1.69526 7.59547 7.00105

T= 31.1
X= -0.496376 -0.818692 4.36759 -3.31348 1.6801 4.80878 1.56445 7.57759 6.87831

T= 31.2
X= -0.54038 -0.837613 4.47822 -3.37163 1.67076 4.90716 1.44333 7.54867 6.78474

T= 31.3
X= -0.59537 -0.865209 4.509 -3.43589 1.65446 4.94228 1.32997 7.51643 6.72062

T= 31.4
X= -0.645912 -0.888898 4.34414 -3.48553 1.62488 4.78914 1.22253 7.4905 6.72665

T= 31.5
X= -0.676815 -0.916254 4.16421 -3.51079 1.58305 4.53683 1.11123 7.45903 6.74345

T= 31.6
X= -0.682059 -0.944084 3.92218 -3.51532 1.53939 4.34098 1.00013 7.4009 6.62957

T= 31.7
X= -0.671033 -0.980757 3.94023 -3.52088 1.50053 4.33214 0.897021 7.37262 6.71984

T= 31.8
X= -0.66858 -1.01753 4.10244 -3.54336 1.47486 4.50167 0.783938 7.32459 6.68982

T= 31.9
X= -0.682009 -1.04961 4.26177 -3.58037 1.45445 4.63459 0.674722 7.29019 6.72747

T= 32
X= -0.700217 -1.06609 4.14302 -3.60224 1.42827 4.49303 0.561966 7.25963 6.74769

T= 32.1
X= -0.706553 -1.08271 4.12096 -3.61509 1.40421 4.40044 0.44821 7.22502 6.73387

T= 32.2
X= -0.712671 -1.09732 4.13995 -3.62994 1.38948 4.4268 0.340127 7.17498 6.60447

T= 32.3
X= -0.71878 -1.10217 4.12818 -3.64186 1.3797 4.39251 0.244627 7.14085 6.54219

T= 32.4
X= -0.724502 -1.10449 4.12068 -3.6527 1.37375 4.37224 0.161678 7.09626 6.39145

T= 32.5
X= -0.732786 -1.10871 4.16523 -3.66423 1.36911 4.37237 0.0868804 7.07547 6.41325

T= 32.6
X= -0.74001 -1.11114 4.12394 -3.67518 1.35959 4.33078 0.0108413 7.04675 6.37422

T= 32.7
X= -0.742657 -1.11289 4.08105 -3.67763 1.3464 4.24612 -0.0623601 7.02708 6.37937

T= 32.8
X= -0.741237 -1.11436 4.05779 -3.67808 1.33843 4.22437 -0.133384 6.99206 6.29073

T= 32.9
X= -0.741324 -1.11933 4.08081 -3.68163 1.33292 4.24679 -0.201736 6.96099 6.27932

T= 33
X= -0.745196 -1.13045 4.0794 -3.69089 1.31921 4.25489 -0.273833 6.93664 6.34491

T= 33.1
X= -0.751479 -1.14881 4.06873 -3.703 1.2994 4.25422 -0.352899 6.89316 6.33366

T= 33.2
X= -0.760698 -1.17296 4.07779 -3.71561 1.27813 4.24212 -0.437792 6.84852 6.38844

T= 33.3
X= -0.770727 -1.19915 4.08094 -3.73091 1.25605 4.24968 -0.531464 6.79974 6.46445

T= 33.4
X= -0.782854 -1.22578 4.13159 -3.75195 1.23475 4.28743 -0.639343 6.7587 6.60079

T= 33.5
X= -0.80075 -1.24905 4.17419 -3.77958 1.21629 4.33926 -0.763773 6.71907 6.75167

T= 33.6
X= -0.812399 -1.26129 4.07602 -3.79115 1.19576 4.19453 -0.894854 6.65517 6.72563

T= 33.7
X= -0.811398 -1.26221 4.00932 -3.78946 1.18095 4.06982 -1.02978 6.62015 6.83337

T= 33.8
X= -0.809962 -1.26024 4.09272 -3.80361 1.18199 4.21297 -1.1801 6.5923 6.97445

T= 33.9
X= -0.825083 -1.26119 4.28183 -3.84761 1.19051 4.45618 -1.34679 6.56181 7.10543

T= 34
X= -0.859475 -1.26159 4.37267 -3.89649 1.19326 4.48576 -1.52295 6.52746 7.17126

T= 34.1
X= -0.891441 -1.25738 4.25149 -3.93374 1.18332 4.35549 -1.67774 6.45458 6.88528

T= 34.2
X= -0.911759 -1.2525 4.14491 -3.94896 1.17343 4.15017 -1.80046 6.37568 6.52581

T= 34.3
X= -0.91473 -1.24724 3.95949 -3.94829 1.16464 3.99783 -1.88914 6.30105 6.17462

T= 34.4
X= -0.902403 -1.25093 3.86047 -3.94233 1.14761 3.91238 -1.94205 6.25023 5.89853

T= 34.5
X= -0.891852 -1.26165 4.03109 -3.94871 1.13811 4.01472 -1.96013 6.2076 5.5985

T= 34.6
X= -0.897866 -1.26451 4.16452 -3.96909 1.1429 4.15856 -1.96372 6.20105 5.53788

T= 34.7
X= -0.9064 -1.25471 4.05527 -3.96693 1.1459 3.99592 -1.94291 6.18493 5.30667

T= 34.8
X= -0.903132 -1.24726 3.95202 -3.95484 1.14525 3.89141 -1.90366 6.19007 5.18445

T= 34.9
X= -0.895475 -1.24376 3.9767 -3.94881 1.14724 3.92593 -1.85877 6.21309 5.174

T= 35
X= -0.892293 -1.23768 4.04692 -3.94778 1.15495 3.98237 -1.82046 6.24337 5.23661

T= 35.1
X= -0.894117 -1.22771 4.07193 -3.94816 1.16662 4.01634 -1.78834 6.26 5.26297

T= 35.2
X= -0.89753 -1.2202 4.06231 -3.94593 1.17397 3.9799 -1.75739 6.26252 5.24812

T= 35.3
X= -0.898625 -1.21548 3.99907 -3.94219 1.17569 3.9515 -1.73793 6.28038 5.38981

T= 35.4
X= -0.891971 -1.20912 3.911 -3.92512 1.17441 3.84163 -1.72802 6.28833 5.45659

T= 35.5
X= -0.880672 -1.20733 3.93735 -3.91539 1.17454 3.87729 -1.72196 6.28799 5.4739

T= 35.6
X= -0.875408 -1.20894 4.01335 -3.91451 1.17728 3.95586 -1.7188 6.29056 5.51603

T= 35.7
X= -0.875964 -1.2087 4.02115 -3.91496 1.17892 3.97727 -1.7182 6.29048 5.53304

T= 35.8
X= -0.877547 -1.21023 4.01122 -3.91367 1.17536 3.96183 -1.71767 6.28904 5.53286

T= 35.9
X= -0.878923 -1.21505 4.02483 -3.91491 1.17012 3.96532 -1.7172 6.28684 5.53267

T= 36
X= -0.881092 -1.21899 4.03316 -3.91616 1.16807 3.97562 -1.71689 6.28512 5.53274

T= 36.1
X= -0.884249 -1.22215 4.03831 -3.91804 1.16577 3.97865 -1.71667 6.28488 5.53908

T= 36.2
X= -0.887678 -1.22479 4.04617 -3.92077 1.16342 3.98063 -1.71675 6.28399 5.53474

T= 36.3
X= -0.88902 -1.22278 3.97412 -3.91572 1.15896 3.90826 -1.71504 6.28116 5.51885

T= 36.4
X= -0.876418 -1.21161 3.85069 -3.89717 1.15617 3.80715 -1.71147 6.27933 5.50107

T= 36.5
X= -0.864388 -1.20343 3.96114 -3.88944 1.16202 3.88628 -1.69751 6.27187 5.39397

T= 36.6
X= -0.86152 -1.19477 4.04845 -3.8929 1.17561 3.99113 -1.67891 6.28512 5.38895

T= 36.7
X= -0.866438 -1.18331 4.03427 -3.89324 1.18723 3.96614 -1.65639 6.30318 5.36557

T= 36.8
X= -0.867575 -1.17185 3.96504 -3.88752 1.18898 3.89648 -1.62194 6.31151 5.24035

T= 36.9
X= -0.86135 -1.16382 3.91444 -3.86377 1.18816 3.75124 -1.56215 6.29571 4.96161

T= 37
X= -0.83937 -1.15853 3.66028 -3.82438 1.18345 3.60508 -1.47655 6.27909 4.74241

T= 37.1
X= -0.796462 -1.17425 3.48947 -3.77113 1.15806 3.44224 -1.37156 6.27226 4.61743

T= 37.2
X= -0.755504 -1.20831 3.72146 -3.74529 1.13259 3.65026 -1.24821 6.26149 4.47172

T= 37.3
X= -0.740351 -1.23403 4.0042 -3.74505 1.1276 3.93878 -1.12113 6.27169 4.50913

T= 37.4
X= -0.73708 -1.24278 3.89944 -3.7299 1.12266 3.85011 -1.00922 6.29645 4.71873

T= 37.5
X= -0.725143 -1.26279 3.82203 -3.71261 1.10282 3.82325 -0.913234 6.30086 4.84768

T= 37.6
X= -0.713989 -1.29118 3.95261 -3.71319 1.0827 3.96056 -0.816662 6.28589 4.80121

T= 37.7
X= -0.710594 -1.30072 4.02806 -3.71251 1.07911 4.02185 -0.703336 6.28429 4.72291

T= 37.8
X= -0.708605 -1.29465 4.01112 -3.70327 1.08514 3.99031 -0.576267 6.29293 4.65349

T= 37.9
X= -0.704908 -1.28285 4.03181 -3.69368 1.09695 4.01118 -0.448237 6.33732 4.8084

T= 38
X= -0.700774 -1.26348 4.00874 -3.68422 1.10915 4.02007 -0.317927 6.35396 4.70502

T= 38.1
X= -0.684394 -1.23453 3.86526 -3.65458 1.12165 3.86912 -0.181914 6.40137 4.82616

T= 38.2
X= -0.655437 -1.20624 3.79228 -3.61488 1.138 3.8033 -0.0524669 6.4456 4.91008

T= 38.3
X= -0.626631 -1.18722 3.92548 -3.59104 1.1586 3.95309 0.0733765 6.48862 4.9874

T= 38.4
X= -0.612437 -1.16623 3.97984 -3.57548 1.18055 4.04997 0.197118 6.53171 5.02859

T= 38.5
X= -0.602548 -1.14829 3.98683 -3.56001 1.19692 4.04945 0.322763 6.55242 4.95265

T= 38.6
X= -0.590977 -1.13597 3.94394 -3.53951 1.20849 4.01492 0.453799 6.57944 5.0017

T= 38.7
X= -0.578049 -1.12423 3.92798 -3.5148 1.22127 3.99469 0.586861 6.57994 4.89684

T= 38.8
X= -0.563023 -1.1155 3.92935 -3.48958 1.23604 3.99876 0.731443 6.58463 4.87046

T= 38.9
X= -0.549362 -1.10936 3.93542 -3.46199 1.24892 3.99987 0.881018 6.57746 4.80209

T= 39
X= -0.528811 -1.09851 3.78717 -3.42044 1.25874 3.88857 1.04279 6.55205 4.66482

T= 39.1
X= -0.48911 -1.08549 3.6413 -3.3614 1.26854 3.77034 1.22176 6.53616 4.61317

T= 39.2
X= -0.44609 -1.07743 3.74411 -3.30718 1.28903 3.86756 1.41056 6.50661 4.46363

T= 39.3
X= -0.41047 -1.06385 3.83295 -3.2575 1.32009 3.9562 1.61712 6.48446 4.39514

T= 39.4
X= -0.38068 -1.0507 3.8116 -3.20289 1.35156 3.94266 1.8361 6.46058 4.32117

T= 39.5
X= -0.341086 -1.03598 3.65278 -3.13294 1.37348 3.80982 2.06346 6.42729 4.21841

T= 39.6
X= -0.285035 -1.01846 3.569 -3.04181 1.39954 3.67025 2.30535 6.40158 4.19126

T= 39.7
X= -0.214536 -1.00267 3.38454 -2.93445 1.42511 3.5377 2.5507 6.36183 4.09844

T= 39.8
X= -0.126955 -1.0011 3.28511 -2.82314 1.43944 3.51776 2.81654 6.36246 4.2616

T= 39.9
X= -0.0347699 -1.00252 3.40907 -2.71613 1.45901 3.61481 3.06244 6.32271 4.08675

T= 40
X= 0.0426987 -0.995495 3.65174 -2.62201 1.50072 3.81918 3.33416 6.31122 4.15694

T= 40.1
X= 0.109754 -0.963932 3.49688 -2.51418 1.54823 3.69981 3.60074 6.30099 4.16792

T= 40.2
X= 0.192867 -0.942844 3.44457 -2.39872 1.58732 3.66374 3.87288 6.3073 4.30819

T= 40.3
X= 0.280296 -0.92777 3.49906 -2.286 1.62241 3.7313 4.1303 6.30687 4.3952

T= 40.4
X= 0.362675 -0.911268 3.5915 -2.18115 1.6642 3.8645 4.38345 6.31464 4.57066

T= 40.5
X= 0.434068 -0.893007 3.66783 -2.08771 1.7042 3.98515 4.62678 6.33403 4.82244

T= 40.6
X= 0.50149 -0.876893 3.65805 -1.99251 1.73575 3.94595 4.81775 6.29073 4.65166

T= 40.7
X= 0.569268 -0.872172 3.70545 -1.9025 1.76162 4.0529 5.05761 6.30189 4.98469

T= 40.8
X= 0.632177 -0.871792 3.71411 -1.81643 1.77855 4.08466 5.22209 6.23764 4.77731

T= 40.9
X= 0.692639 -0.881141 3.66721 -1.72757 1.78325 4.0414 5.42306 6.18597 4.81923

T= 41
X= 0.754803 -0.902359 3.63933 -1.63638 1.77727 4.04073 5.61743 6.1264 4.86271

T= 41.1
X= 0.817432 -0.933252 3.82519 -1.55582 1.77453 4.21601 5.79767 6.04344 4.82568

T= 41.2
X= 0.863809 -0.96325 3.83059 -1.48456 1.764 4.26942 6.00159 5.98496 5.01139

T= 41.3
X= 0.907762 -0.995212 3.82468 -1.41014 1.7504 4.25112 6.14011 5.86336 4.7307

T= 41.4
X= 0.959628 -1.02229 3.78574 -1.32574 1.74373 4.21891 6.36088 5.80166 4.94968

T= 41.5
X= 1.01598 -1.04837 3.77782 -1.2375 1.73778 4.22484 6.52644 5.712 4.84234

T= 41.6
X= 1.07402 -1.07571 3.83757 -1.15224 1.73425 4.31483 6.73041 5.65096 4.98404

T= 41.7
X= 1.12788 -1.09168 3.78994 -1.06882 1.73328 4.32413 6.90402 5.58205 4.96346

T= 41.8
X= 1.18694 -1.1088 3.7271 -0.981177 1.72665 4.29373 7.08276 5.5149 4.97576

T= 41.9
X= 1.25399 -1.12895 3.78245 -0.895098 1.7226 4.38309 7.30013 5.4891 5.27713

T= 42
X= 1.31905 -1.14113 3.98177 -0.813378 1.73324 4.52128 7.42993 5.41902 5.13036

T= 42.1
X= 1.36499 -1.15062 4.06481 -0.743579 1.74927 4.64553 7.64592 5.4138 5.50977

T= 42.2
X= 1.40021 -1.16019 4.03714 -0.681715 1.75418 4.66904 7.76119 5.36469 5.43138

T= 42.3
X= 1.44371 -1.16937 3.995 -0.614484 1.75422 4.60431 7.88778 5.311 5.39489

T= 42.4
X= 1.49171 -1.18087 3.91282 -0.540807 1.74703 4.54097 8.03722 5.27384 5.49511

T= 42.5
X= 1.54688 -1.20567 3.88146 -0.465018 1.72992 4.56237 8.12761 5.19087 5.25916

T= 42.6
X= 1.60955 -1.23473 4.11796 -0.396326 1.72218 4.76126 8.32376 5.16448 5.60143

T= 42.7
X= 1.649 -1.25673 4.29661 -0.339236 1.72603 4.87414 8.39559 5.07302 5.34771

T= 42.8
X= 1.66772 -1.27151 4.17027 -0.287285 1.72233 4.81208 8.54722 5.01057 5.46628

T= 42.9
X= 1.70038 -1.29573 4.09076 -0.226565 1.70359 4.68932 8.67004 4.94883 5.45408

T= 43
X= 1.74641 -1.32773 4.1827 -0.15872 1.68751 4.72809 8.75757 4.84812 5.22742

T= 43.1
X= 1.78702 -1.35141 4.27211 -0.0931571 1.68029 4.84712 8.98167 4.81852 5.68444

T= 43.2
X= 1.81841 -1.36533 4.25243 -0.0302177 1.67166 4.7335 9.00635 4.69953 5.20192

T= 43.3
X= 1.85597 -1.38113 4.311 0.0400395 1.66739 4.85148 9.25019 4.66883 5.73952

T= 43.4
X= 1.89161 -1.39654 4.3649 0.101184 1.65648 4.86479 9.33646 4.59416 5.63999

T= 43.5
X= 1.92376 -1.40699 4.32619 0.162494 1.63864 4.82479 9.46356 4.52418 5.73585

T= 43.6
X= 1.96314 -1.41191 4.27011 0.227413 1.61783 4.77895 9.60447 4.47743 5.95004

T= 43.7
X= 2.01451 -1.42182 4.38768 0.29453 1.60644 4.84399 9.64288 4.38863 5.71071

T= 43.8
X= 2.04941 -1.4287 4.38456 0.35514 1.59844 4.91109 9.82202 4.35886 6.11139

T= 43.9
X= 2.08165 -1.44301 4.34645 0.408956 1.58103 4.89138 9.86547 4.295 5.97214

T= 44
X= 2.11921 -1.46347 4.37424 0.461801 1.56044 4.97852 10.0062 4.26939 6.29043

T= 44.1
X= 2.15046 -1.47831 4.37035 0.505244 1.54371 5.04445 10.0899 4.25392 6.44005

T= 44.2
X= 2.18407 -1.49876 4.50352 0.542425 1.53258 5.16989 10.1485 4.23736 6.52551

T= 44.3
X= 2.2028 -1.50908 4.53501 0.568007 1.52465 5.22946 10.226 4.23918 6.74968

T= 44.4
X= 2.21387 -1.51331 4.51183 0.585219 1.51808 5.2552 10.2384 4.23382 6.74157

T= 44.5
X= 2.22688 -1.51794 4.46335 0.601057 1.50546 5.21255 10.2637 4.231 6.80764

T= 44.6
X= 2.24546 -1.52156 4.49657 0.61691 1.49587 5.27137 10.2715 4.22722 6.81602

T= 44.7
X= 2.26137 -1.51708 4.56465 0.630416 1.49575 5.29811 10.2679 4.2212 6.78674

T= 44.8
X= 2.26836 -1.51379 4.59906 0.640332 1.49823 5.33286 10.2804 4.21973 6.82399

T= 44.9
X= 2.2684 -1.51316 4.59044 0.64477 1.49665 5.35146 10.2819 4.21712 6.82144

T= 45
X= 2.26643 -1.51317 4.49482 0.647989 1.48458 5.2473 10.2825 4.21318 6.80824

T= 45.1
X= 2.2743 -1.51963 4.45601 0.659102 1.47209 5.26439 10.2953 4.21376 6.84886

T= 45.2
X= 2.28554 -1.52924 4.44843 0.666382 1.46267 5.27715 10.2909 4.20974 6.81482

T= 45.3
X= 2.29992 -1.53184 4.45669 0.67311 1.45713 5.28064 10.2966 4.20844 6.82267

T= 45.4
X= 2.31537 -1.5387 4.62054 0.679747 1.4641 5.40392 10.311 4.20905 6.88535

T= 45.5
X= 2.30931 -1.53881 4.60953 0.673987 1.46804 5.40722 10.3106 4.2119 6.91796

T= 45.6
X= 2.30175 -1.54134 4.54636 0.663333 1.45659 5.33315 10.3042 4.21743 6.93193

T= 45.7
X= 2.30355 -1.54887 4.59125 0.659869 1.44837 5.37443 10.2981 4.22305 6.96454

T= 45.8
X= 2.30205 -1.54858 4.64112 0.655192 1.45265 5.42794 10.2802 4.22868 6.95581

T= 45.9
X= 2.29509 -1.53997 4.63189 0.647816 1.45906 5.40698 10.2589 4.23527 6.93278

T= 46
X= 2.28874 -1.53279 4.6224 0.641693 1.46159 5.36062 10.2417 4.24079 6.91438

T= 46.1
X= 2.28469 -1.52905 4.6382 0.637218 1.46253 5.39783 10.2436 4.25191 6.99249

T= 46.2
X= 2.277 -1.52466 4.59625 0.627762 1.45839 5.34939 10.2087 4.25288 6.92237

T= 46.3
X= 2.27335 -1.51975 4.5523 0.624087 1.45424 5.30299 10.1878 4.2577 6.89077

T= 46.4
X= 2.27476 -1.51518 4.5463 0.625882 1.45313 5.30736 10.1713 4.26172 6.86892

T= 46.5
X= 2.27428 -1.51379 4.53984 0.626435 1.45271 5.30378 10.1623 4.26624 6.86199

T= 46.6
X= 2.27305 -1.51448 4.51134 0.62642 1.44796 5.28362 10.1514 4.27128 6.84574

T= 46.7
X= 2.27458 -1.51873 4.50251 0.626757 1.4413 5.27149 10.1341 4.27136 6.79728

T= 46.8
X= 2.27547 -1.5236 4.49452 0.628742 1.4373 5.27412 10.1253 4.27149 6.78178

T= 46.9
X= 2.27754 -1.52776 4.49784 0.631157 1.43534 5.298 10.1412 4.28604 6.87572

T= 47
X= 2.28046 -1.53302 4.55684 0.630105 1.43571 5.35582 10.1369 4.29986 6.8903

T= 47.1
X= 2.27786 -1.53506 4.58517 0.624177 1.43618 5.39607 10.1284 4.31177 6.91936

T= 47.2
X= 2.27086 -1.53125 4.54858 0.613472 1.43364 5.38691 10.1344 4.33318 7.04651

T= 47.3
X= 2.26998 -1.52511 4.57484 0.60096 1.43344 5.401 10.0922 4.34034 6.97775

T= 47.4
X= 2.26846 -1.52614 4.82435 0.583594 1.43984 5.6865 10.1195 4.36744 7.27405

T= 47.5
X= 2.2371 -1.5343 4.96393 0.532252 1.43263 5.78523 10.0785 4.36569 7.39879

T= 47.6
X= 2.18257 -1.54312 4.8682 0.468612 1.40981 5.73952 10.0163 4.35591 7.51104

T= 47.7
X= 2.1396 -1.56941 4.95916 0.400848 1.37783 5.85405 9.96249 4.34606 7.76746

T= 47.8
X= 2.08244 -1.60911 5.05086 0.313408 1.33157 6.00185 9.85043 4.30567 7.8919

T= 47.9
X= 2.00592 -1.6549 4.98292 0.206033 1.26519 6.09421 9.69965 4.23301 7.91724

T= 48
X= 1.93999 -1.71429 5.14 0.0833618 1.19067 6.22269 9.58855 4.16895 8.23177

T= 48.1
X= 1.85829 -1.77686 5.4292 -0.062382 1.12425 6.58415 9.43204 4.08599 8.50361

T= 48.2
X= 1.73436 -1.81848 5.23856 -0.230543 1.05665 6.39705 9.16579 3.95693 8.25902

T= 48.3
X= 1.62801 -1.85586 4.96371 -0.37965 0.978046 6.14678 8.9805 3.8484 8.39125

T= 48.4
X= 1.55757 -1.90548 4.97182 -0.518698 0.895739 6.2591 8.84109 3.753 8.82361

T= 48.5
X= 1.48759 -1.94699 5.06516 -0.668021 0.825078 6.37288 8.59518 3.61678 8.77991

T= 48.6
X= 1.40328 -1.97406 5.09166 -0.816441 0.76793 6.29346 8.35235 3.46663 8.70193

T= 48.7
X= 1.31766 -1.9933 5.01417 -0.959573 0.705553 6.20969 8.1223 3.29893 8.64958

T= 48.8
X= 1.23856 -2.0151 4.9094 -1.09545 0.635803 6.06401 7.9251 3.13476 8.72554

T= 48.9
X= 1.1639 -2.03449 4.7044 -1.20998 0.569918 5.83309 7.73318 2.98258 8.78798

T= 49
X= 1.11159 -2.04916 4.47192 -1.29305 0.511835 5.52282 7.51088 2.81685 8.51978

T= 49.1
X= 1.07817 -2.08269 4.42873 -1.34766 0.45787 5.36586 7.34167 2.65118 8.37624

T= 49.2
X= 1.06038 -2.11593 4.53442 -1.40399 0.401713 5.45769 7.22036 2.48398 8.45389

T= 49.3
X= 1.02525 -2.16206 4.59934 -1.47114 0.338647 5.51991 7.05632 2.289 8.23398

T= 49.4
X= 0.971228 -2.21601 4.564 -1.53891 0.268469 5.46079 6.92362 2.07377 8.09285

T= 49.5
X= 0.918889 -2.27475 4.5456 -1.60016 0.196379 5.38509 6.79726 1.8318 7.91011

T= 49.6
X= 0.873229 -2.33006 4.5126 -1.65708 0.125998 5.34674 6.69971 1.57008 7.85128

T= 49.7
X= 0.833703 -2.3847 4.53853 -1.71153 0.0590338 5.32071 6.57571 1.27577 7.51902

T= 49.8
X= 0.792273 -2.43027 4.40564 -1.75808 -0.00845222 5.22695 6.50994 0.968947 7.44002

T= 49.9
X= 0.76896 -2.46564 4.2163 -1.78457 -0.0739388 4.98907 6.45379 0.65396 7.36379

T= 50
X= 0.770774 -2.49675 4.34354 -1.80727 -0.135804 5.07017 6.41961 0.329156 7.44584

T= 50.1
X= 0.759758 -2.51486 4.40586 -1.84033 -0.18728 5.20834 6.39699 0.00499899 7.66833

T= 50.2
X= 0.740004 -2.53901 4.44473 -1.88565 -0.236681 5.26712 6.36163 -0.311407 7.9214

T= 50.3
X= 0.711131 -2.57392 4.41954 -1.92822 -0.290887 5.19901 6.30897 -0.611677 8.13647

T= 50.4
X= 0.685118 -2.61331 4.30824 -1.95905 -0.348772 5.04633 6.2376 -0.896974 8.29058

T= 50.5
X= 0.681316 -2.65769 4.19036 -1.98653 -0.416089 5.06794 6.16917 -1.17987 8.5674

T= 50.6
X= 0.700606 -2.72009 4.32711 -2.01285 -0.478868 5.04251 6.07204 -1.44124 8.71326

T= 50.7
X= 0.706075 -2.77887 4.6334 -2.05404 -0.52841 5.29529 5.96931 -1.67783 8.81942

T= 50.8
X= 0.677912 -2.8273 4.68484 -2.11226 -0.566729 5.42316 5.87607 -1.89734 9.03004

T= 50.9
X= 0.637523 -2.84329 4.47642 -2.16269 -0.599944 5.25806 5.74901 -2.08062 8.95712

T= 51
X= 0.619219 -2.87211 4.44717 -2.19745 -0.633579 5.14697 5.64008 -2.2527 8.95224

T= 51.1
X= 0.604909 -2.8999 4.46235 -2.22863 -0.665832 5.16643 5.52674 -2.40654 8.82553

T= 51.2
X= 0.587508 -2.93029 4.54309 -2.26105 -0.689482 5.19292 5.41945 -2.5541 8.61787

T= 51.3
X= 0.565575 -2.94263 4.49979 -2.293 -0.710301 5.16415 5.34462 -2.72111 8.61415

T= 51.4
X= 0.549027 -2.95511 4.49294 -2.32091 -0.732664 5.12149 5.24981 -2.85704 8.33501

T= 51.5
X= 0.536604 -2.94921 4.39343 -2.33497 -0.750528 4.97226 5.19571 -2.97423 8.14956

T= 51.6
X= 0.533771 -2.94295 4.24442 -2.33225 -0.767775 4.8284 5.17192 -3.07972 8.06679

T= 51.7
X= 0.54531 -2.94719 4.19205 -2.31886 -0.785869 4.75098 5.16437 -3.17626 8.04352

T= 51.8
X= 0.55754 -2.96387 4.22996 -2.30657 -0.806496 4.78341 5.15682 -3.25959 7.9817

T= 51.9
X= 0.563899 -2.98209 4.25176 -2.29726 -0.830108 4.81066 5.15311 -3.33661 7.87831

T= 52
X= 0.566464 -3.00459 4.2541 -2.28979 -0.858332 4.81891 5.16086 -3.41479 7.80623

