0	0.02 0 0.3	
0.01	0.0201451 0.000169539 0.300423	
0.02	0.0202189 0.000260396 0.300852	
0.03	0.0202609 0.000316769 0.301281	
0.04	0.0202863 0.00035502 0.301709	
0.05	0.0203017 0.000382606 0.302137	
0.06	0.0203107 0.000403406 0.302563	
0.07	0.0203155 0.000419633 0.302988	
0.08	0.0203173 0.00043264 0.303411	
0.09	0.020317 0.000443305 0.303832	
0.1	0.0203149 0.000452207 0.304251	
0.11	0.0203116 0.00045976 0.304668	
0.12	0.0203073 0.000466256 0.305084	
0.13	0.0203023 0.000471912 0.305498	
0.14	0.0202966 0.000476888 0.30591	
0.15	0.0202903 0.000481308 0.30632	
0.16	0.0202837 0.000485268 0.306728	
0.17	0.0202767 0.000488842 0.307135	
0.18	0.0202694 0.000492091 0.30754	
0.19	0.0202619 0.000495063 0.307943	
0.2	0.0202542 0.000497796 0.308344	
0.21	0.0202462 0.000500324 0.308744	
0.22	0.0202382 0.000502672 0.309142	
0.23	0.02023 0.000504864 0.309538	
0.24	0.0202216 0.000506917 0.309933	
0.25	0.0202132 0.000508848 0.310326	
0.26	0.0202047 0.00051067 0.310717	
0.27	0.0201961 0.000512394 0.311107	
0.28	0.0201874 0.00051403 0.311495	
0.29	0.0201787 0.000515588 0.311882	
0.3	0.0201699 0.000517073 0.312267	
0.31	0.0201611 0.000518493 0.312651	
0.32	0.0201522 0.000519853 0.313033	
0.33	0.0201433 0.000521159 0.313413	
0.34	0.0201344 0.000522414 0.313792	
0.35	0.0201255 0.000523623 0.31417	
0.36	0.0201165 0.000524789 0.314546	
0.37	0.0201075 0.000525915 0.314921	
0.38	0.0200984 0.000527004 0.315294	
0.39	0.0200894 0.000528059 0.315666	
0.4	0.0200803 0.000529081 0.316036	
0.41	0.0200712 0.000530072 0.316405	
0.42	0.0200622 0.000531035 0.316773	
0.43	0.0200531 0.000531971 0.317139	
0.44	0.020044 0.000532881 0.317504	
0.45	0.0200348 0.000533767 0.317868	
0.46	0.0200257 0.000534631 0.31823	
0.47	0.0200166 0.000535472 0.318591	
0.48	0.0200075 0.000536293 0.318951	
0.49	0.0199983 0.000537095 0.319309	
0.5	0.0199892 0.000537877 0.319666	
0.51	0.01998 0.000538642 0.320022	
0.52	0.0199709 0.000539389 0.320377	
0.53	0.0199618 0.00054012 0.32073	
0.54	0.0199526 0.000540835 0.321083	
0.55	0.0199435 0.000541535 0.321434	
0.56	0.0199343 0.00054222 0.321783	
0.57	0.0199252 0.000542891 0.322132	
0.58	0.019916 0.000543548 0.322479	
0.59	0.0199069 0.000544192 0.322826	
0.6	0.0198978 0.000544823 0.323171	
0.61	0.0198886 0.000545442 0.323515	
0.62	0.0198795 0.000546049 0.323858	
0.63	0.0198704 0.000546645 0.324199	
0.64	0.0198612 0.000547229 0.32454	
0.65	0.0198521 0.000547802 0.324879	
0.66	0.019843 0.000548365 0.325218	
0.67	0.0198339 0.000548917 0.325555	
0.68	0.0198247 0.000549459 0.325891	
0.69	0.0198156 0.000549991 0.326226	
0.7	0.0198065 0.000550514 0.326561	
0.71	0.0197974 0.000551028 0.326894	
0.72	0.0197883 0.000551532 0.327226	
0.73	0.0197792 0.000552028 0.327557	
0.74	0.0197701 0.000552515 0.327887	
0.75	0.019761 0.000552993 0.328215	
0.76	0.019752 0.000553463 0.328543	
0.77	0.0197429 0.000553925 0.32887	
0.78	0.0197338 0.000554379 0.329196	
0.79	0.0197248 0.000554826 0.329521	
0.8	0.0197157 0.000555264 0.329845	
0.81	0.0197066 0.000555696 0.330168	
0.82	0.0196976 0.00055612 0.33049	
0.83	0.0196885 0.000556537 0.330811	
0.84	0.0196795 0.000556947 0.331132	
0.85	0.0196705 0.000557349 0.331451	
0.86	0.0196614 0.000557746 0.331769	
0.87	0.0196524 0.000558135 0.332086	
0.88	0.0196434 0.000558518 0.332403	
0.89	0.0196344 0.000558895 0.332718	
0.9	0.0196254 0.000559265 0.333033	
0.91	0.0196164 0.000559629 0.333347	
0.92	0.0196074 0.000559987 0.33366	
0.93	0.0195984 0.000560339 0.333972	
0.94	0.0195894 0.000560686 0.334283	
0.95	0.0195804 0.000561026 0.334593	
0.96	0.0195714 0.000561361 0.334902	
0.97	0.0195625 0.00056169 0.335211	
0.98	0.0195535 0.000562013 0.335519	
0.99	0.0195446 0.000562331 0.335825	
1	0.0195356 0.000562644 0.336131	
1.01	0.0195267 0.000562952 0.336437	
1.02	0.0195177 0.000563254 0.336741	
1.03	0.0195088 0.000563551 0.337044	
1.04	0.0194999 0.000563843 0.337347	
1.05	0.0194909 0.00056413 0.337649	
1.06	0.019482 0.000564412 0.33795	
1.07	0.0194731 0.00056469 0.33825	
1.08	0.0194642 0.000564962 0.33855	
1.09	0.0194553 0.00056523 0.338849	
1.1	0.0194464 0.000565493 0.339147	
1.11	0.0194375 0.000565752 0.339444	
1.12	0.0194286 0.000566006 0.33974	
1.13	0.0194198 0.000566256 0.340036	
1.14	0.0194109 0.000566501 0.340331	
1.15	0.019402 0.000566742 0.340625	
1.16	0.0193932 0.000566979 0.340918	
1.17	0.0193843 0.000567211 0.341211	
1.18	0.0193755 0.000567439 0.341503	
1.19	0.0193666 0.000567663 0.341794	
1.2	0.0193578 0.000567883 0.342084	
1.21	0.019349 0.000568099 0.342374	
1.22	0.0193401 0.000568311 0.342663	
1.23	0.0193313 0.000568519 0.342951	
1.24	0.0193225 0.000568724 0.343239	
1.25	0.0193137 0.000568924 0.343525	
1.26	0.0193049 0.00056912 0.343812	
1.27	0.0192961 0.000569313 0.344097	
1.28	0.0192873 0.000569502 0.344382	
1.29	0.0192785 0.000569688 0.344666	
1.3	0.0192697 0.000569869 0.344949	
1.31	0.019261 0.000570048 0.345232	
1.32	0.0192522 0.000570222 0.345514	
1.33	0.0192434 0.000570393 0.345795	
1.34	0.0192347 0.000570561 0.346076	
1.35	0.0192259 0.000570725 0.346356	
1.36	0.0192172 0.000570886 0.346635	
1.37	0.0192084 0.000571044 0.346914	
1.38	0.0191997 0.000571198 0.347192	
1.39	0.0191909 0.000571349 0.347469	
1.4	0.0191822 0.000571496 0.347746	
1.41	0.0191735 0.000571641 0.348022	
1.42	0.0191648 0.000571782 0.348298	
1.43	0.0191561 0.00057192 0.348573	
1.44	0.0191474 0.000572055 0.348847	
1.45	0.0191387 0.000572187 0.34912	
1.46	0.01913 0.000572316 0.349393	
1.47	0.0191213 0.000572442 0.349666	
1.48	0.0191126 0.000572565 0.349937	
1.49	0.0191039 0.000572685 0.350209	
1.5	0.0190952 0.000572802 0.350479	
1.51	0.0190866 0.000572916 0.350749	
1.52	0.0190779 0.000573027 0.351018	
1.53	0.0190692 0.000573135 0.351287	
1.54	0.0190606 0.000573241 0.351555	
1.55	0.0190519 0.000573344 0.351823	
1.56	0.0190433 0.000573444 0.35209	
1.57	0.0190346 0.000573541 0.352356	
1.58	0.019026 0.000573636 0.352622	
1.59	0.0190174 0.000573728 0.352887	
1.6	0.0190088 0.000573817 0.353152	
1.61	0.0190001 0.000573904 0.353416	
1.62	0.0189915 0.000573988 0.353679	
1.63	0.0189829 0.000574069 0.353942	
1.64	0.0189743 0.000574148 0.354205	
1.65	0.0189657 0.000574225 0.354466	
1.66	0.0189571 0.000574299 0.354728	
1.67	0.0189485 0.00057437 0.354988	
1.68	0.0189399 0.000574439 0.355249	
1.69	0.0189313 0.000574505 0.355508	
1.7	0.0189228 0.00057457 0.355767	
1.71	0.0189142 0.000574631 0.356026	
1.72	0.0189056 0.000574691 0.356284	
1.73	0.0188971 0.000574748 0.356541	
1.74	0.0188885 0.000574802 0.356798	
1.75	0.01888 0.000574855 0.357055	
1.76	0.0188714 0.000574905 0.35731	
1.77	0.0188629 0.000574953 0.357566	
1.78	0.0188543 0.000574998 0.357821	
1.79	0.0188458 0.000575042 0.358075	
1.8	0.0188373 0.000575083 0.358329	
1.81	0.0188287 0.000575122 0.358582	
1.82	0.0188202 0.000575159 0.358835	
1.83	0.0188117 0.000575193 0.359087	
1.84	0.0188032 0.000575226 0.359339	
1.85	0.0187947 0.000575256 0.35959	
1.86	0.0187862 0.000575285 0.359841	
1.87	0.0187777 0.000575311 0.360091	
1.88	0.0187692 0.000575335 0.360341	
1.89	0.0187607 0.000575357 0.36059	
1.9	0.0187522 0.000575378 0.360839	
1.91	0.0187437 0.000575396 0.361087	
1.92	0.0187353 0.000575412 0.361335	
1.93	0.0187268 0.000575426 0.361582	
1.94	0.0187183 0.000575438 0.361829	
1.95	0.0187098 0.000575449 0.362076	
1.96	0.0187014 0.000575457 0.362321	
1.97	0.0186929 0.000575464 0.362567	
1.98	0.0186845 0.000575468 0.362812	
1.99	0.018676 0.000575471 0.363056	
2	0.018676 0.000575471 0.363056	
2.01	0.018676 0.000575471 0.363056	
2.02	0.018676 0.000575471 0.363056	
2.03	0.018676 0.000575471 0.363056	
2.04	0.018676 0.000575471 0.363056	
2.05	0.018676 0.000575471 0.363056	
2.06	0.018676 0.000575471 0.363056	
2.07	0.018676 0.000575471 0.363056	
2.08	0.018676 0.000575471 0.363056	
2.09	0.018676 0.000575471 0.363056	
2.1	0.018676 0.000575471 0.363056	
2.11	0.018676 0.000575471 0.363056	
2.12	0.018676 0.000575471 0.363056	
2.13	0.018676 0.000575471 0.363056	
2.14	0.018676 0.000575471 0.363056	
2.15	0.018676 0.000575471 0.363056	
2.16	0.018676 0.000575471 0.363056	
2.17	0.018676 0.000575471 0.363056	
2.18	0.018676 0.000575471 0.363056	
2.19	0.018676 0.000575471 0.363056	
2.2	0.018676 0.000575471 0.363056	
2.21	0.018676 0.000575471 0.363056	
2.22	0.018676 0.000575471 0.363056	
2.23	0.018676 0.000575471 0.363056	
2.24	0.018676 0.000575471 0.363056	
2.25	0.018676 0.000575471 0.363056	
2.26	0.018676 0.000575471 0.363056	
2.27	0.018676 0.000575471 0.363056	
2.28	0.018676 0.000575471 0.363056	
2.29	0.018676 0.000575471 0.363056	
2.3	0.018676 0.000575471 0.363056	
2.31	0.018676 0.000575471 0.363056	
2.32	0.018676 0.000575471 0.363056	
2.33	0.018676 0.000575471 0.363056	
2.34	0.018676 0.000575471 0.363056	
2.35	0.018676 0.000575471 0.363056	
2.36	0.018676 0.000575471 0.363056	
2.37	0.018676 0.000575471 0.363056	
2.38	0.018676 0.000575471 0.363056	
2.39	0.018676 0.000575471 0.363056	
2.4	0.018676 0.000575471 0.363056	
2.41	0.018676 0.000575471 0.363056	
2.42	0.018676 0.000575471 0.363056	
2.43	0.018676 0.000575471 0.363056	
2.44	0.018676 0.000575471 0.363056	
2.45	0.018676 0.000575471 0.363056	
2.46	0.018676 0.000575471 0.363056	
2.47	0.018676 0.000575471 0.363056	
2.48	0.018676 0.000575471 0.363056	
2.49	0.018676 0.000575471 0.363056	
2.5	0.018676 0.000575471 0.363056	
2.51	0.018676 0.000575471 0.363056	
2.52	0.018676 0.000575471 0.363056	
2.53	0.018676 0.000575471 0.363056	
2.54	0.018676 0.000575471 0.363056	
2.55	0.018676 0.000575471 0.363056	
2.56	0.018676 0.000575471 0.363056	
2.57	0.018676 0.000575471 0.363056	
2.58	0.018676 0.000575471 0.363056	
2.59	0.018676 0.000575471 0.363056	
2.6	0.018676 0.000575471 0.363056	
2.61	0.018676 0.000575471 0.363056	
2.62	0.018676 0.000575471 0.363056	
2.63	0.018676 0.000575471 0.363056	
2.64	0.018676 0.000575471 0.363056	
2.65	0.018676 0.000575471 0.363056	
2.66	0.018676 0.000575471 0.363056	
2.67	0.018676 0.000575471 0.363056	
2.68	0.018676 0.000575471 0.363056	
2.69	0.018676 0.000575471 0.363056	
2.7	0.018676 0.000575471 0.363056	
2.71	0.018676 0.000575471 0.363056	
2.72	0.018676 0.000575471 0.363056	
2.73	0.018676 0.000575471 0.363056	
2.74	0.018676 0.000575471 0.363056	
2.75	0.018676 0.000575471 0.363056	
2.76	0.018676 0.000575471 0.363056	
2.77	0.018676 0.000575471 0.363056	
2.78	0.018676 0.000575471 0.363056	
2.79	0.018676 0.000575471 0.363056	
2.8	0.018676 0.000575471 0.363056	
2.81	0.018676 0.000575471 0.363056	
2.82	0.018676 0.000575471 0.363056	
2.83	0.018676 0.000575471 0.363056	
2.84	0.018676 0.000575471 0.363056	
2.85	0.018676 0.000575471 0.363056	
2.86	0.018676 0.000575471 0.363056	
2.87	0.018676 0.000575471 0.363056	
2.88	0.018676 0.000575471 0.363056	
2.89	0.018676 0.000575471 0.363056	
2.9	0.018676 0.000575471 0.363056	
2.91	0.018676 0.000575471 0.363056	
2.92	0.018676 0.000575471 0.363056	
2.93	0.018676 0.000575471 0.363056	
2.94	0.018676 0.000575471 0.363056	
2.95	0.018676 0.000575471 0.363056	
2.96	0.018676 0.000575471 0.363056	
2.97	0.018676 0.000575471 0.363056	
2.98	0.018676 0.000575471 0.363056	
2.99	0.018676 0.000575471 0.363056	
3	0.018676 0.000575471 0.363056	
3.01	0.018676 0.000575471 0.363056	
3.02	0.018676 0.000575471 0.363056	
3.03	0.018676 0.000575471 0.363056	
3.04	0.018676 0.000575471 0.363056	
3.05	0.018676 0.000575471 0.363056	
3.06	0.018676 0.000575471 0.363056	
3.07	0.018676 0.000575471 0.363056	
3.08	0.018676 0.000575471 0.363056	
3.09	0.018676 0.000575471 0.363056	
3.1	0.018676 0.000575471 0.363056	
3.11	0.018676 0.000575471 0.363056	
3.12	0.018676 0.000575471 0.363056	
3.13	0.018676 0.000575471 0.363056	
3.14	0.018676 0.000575471 0.363056	
3.15	0.018676 0.000575471 0.363056	
3.16	0.018676 0.000575471 0.363056	
3.17	0.018676 0.000575471 0.363056	
3.18	0.018676 0.000575471 0.363056	
3.19	0.018676 0.000575471 0.363056	
3.2	0.018676 0.000575471 0.363056	
3.21	0.018676 0.000575471 0.363056	
3.22	0.018676 0.000575471 0.363056	
3.23	0.018676 0.000575471 0.363056	
3.24	0.018676 0.000575471 0.363056	
3.25	0.018676 0.000575471 0.363056	
3.26	0.018676 0.000575471 0.363056	
3.27	0.018676 0.000575471 0.363056	
3.28	0.018676 0.000575471 0.363056	
3.29	0.018676 0.000575471 0.363056	
3.3	0.018676 0.000575471 0.363056	
3.31	0.018676 0.000575471 0.363056	
3.32	0.018676 0.000575471 0.363056	
3.33	0.018676 0.000575471 0.363056	
3.34	0.018676 0.000575471 0.363056	
3.35	0.018676 0.000575471 0.363056	
3.36	0.018676 0.000575471 0.363056	
3.37	0.018676 0.000575471 0.363056	
3.38	0.018676 0.000575471 0.363056	
3.39	0.018676 0.000575471 0.363056	
3.4	0.018676 0.000575471 0.363056	
3.41	0.018676 0.000575471 0.363056	
3.42	0.018676 0.000575471 0.363056	
3.43	0.018676 0.000575471 0.363056	
3.44	0.018676 0.000575471 0.363056	
3.45	0.018676 0.000575471 0.363056	
3.46	0.018676 0.000575471 0.363056	
3.47	0.018676 0.000575471 0.363056	
3.48	0.018676 0.000575471 0.363056	
3.49	0.018676 0.000575471 0.363056	
3.5	0.018676 0.000575471 0.363056	
3.51	0.018676 0.000575471 0.363056	
3.52	0.018676 0.000575471 0.363056	
3.53	0.018676 0.000575471 0.363056	
3.54	0.018676 0.000575471 0.363056	
