0	0.02 0 0.3	
0.01	0.0200084 4.71603e-05 0.300208	
0.02	0.0200138 8.61457e-05 0.300415	
0.03	0.0200168 0.000118955 0.300622	
0.04	0.0200179 0.000146986 0.300829	
0.05	0.0200176 0.000171247 0.301036	
0.06	0.0200162 0.000192482 0.301242	
0.07	0.0200138 0.000211253 0.301448	
0.08	0.0200107 0.00022799 0.301654	
0.09	0.0200069 0.000243033 0.301859	
0.1	0.0200025 0.000256647 0.302064	
0.11	0.0199977 0.000269048 0.302268	
0.12	0.0199926 0.000280409 0.302472	
0.13	0.0199871 0.000290876 0.302676	
0.14	0.0199814 0.00030056 0.302879	
0.15	0.0199754 0.000309564 0.303082	
0.16	0.0199692 0.00031797 0.303284	
0.17	0.0199629 0.000325848 0.303486	
0.18	0.0199564 0.000333258 0.303687	
0.19	0.0199497 0.000340252 0.303888	
0.2	0.019943 0.000346872 0.304089	
0.21	0.0199362 0.000353158 0.304289	
0.22	0.0199293 0.000359143 0.304489	
0.23	0.0199223 0.000364855 0.304688	
0.24	0.0199153 0.000370321 0.304887	
0.25	0.0199082 0.000375562 0.305086	
0.26	0.0199011 0.000380599 0.305284	
0.27	0.0198939 0.000385448 0.305482	
0.28	0.0198867 0.000390127 0.305679	
0.29	0.0198795 0.000394648 0.305876	
0.3	0.0198723 0.000399025 0.306073	
0.31	0.019865 0.000403268 0.306269	
0.32	0.0198578 0.000407387 0.306464	
0.33	0.0198505 0.000411393 0.30666	
0.34	0.0198432 0.000415292 0.306855	
0.35	0.0198359 0.000419093 0.307049	
0.36	0.0198286 0.000422802 0.307243	
0.37	0.0198214 0.000426426 0.307437	
0.38	0.0198141 0.000429969 0.30763	
0.39	0.0198068 0.000433438 0.307823	
0.4	0.0197995 0.000436837 0.308016	
0.41	0.0197923 0.00044017 0.308208	
0.42	0.019785 0.000443441 0.3084	
0.43	0.0197778 0.000446654 0.308591	
0.44	0.0197705 0.000449812 0.308782	
0.45	0.0197633 0.000452918 0.308973	
0.46	0.0197561 0.000455976 0.309163	
0.47	0.0197489 0.000458987 0.309353	
0.48	0.0197417 0.000461954 0.309542	
0.49	0.0197345 0.000464879 0.309732	
0.5	0.0197273 0.000467766 0.30992	
0.51	0.0197202 0.000470614 0.310109	
0.52	0.019713 0.000473427 0.310297	
0.53	0.0197059 0.000476206 0.310484	
0.54	0.0196988 0.000478952 0.310672	
0.55	0.0196917 0.000481667 0.310859	
0.56	0.0196846 0.000484353 0.311045	
0.57	0.0196776 0.00048701 0.311232	
0.58	0.0196705 0.00048964 0.311417	
0.59	0.0196635 0.000492244 0.311603	
0.6	0.0196565 0.000494822 0.311788	
0.61	0.0196495 0.000497377 0.311973	
0.62	0.0196425 0.000499909 0.312157	
0.63	0.0196355 0.000502418 0.312342	
0.64	0.0196286 0.000504906 0.312525	
0.65	0.0196216 0.000507373 0.312709	
0.66	0.0196147 0.00050982 0.312892	
0.67	0.0196078 0.000512248 0.313075	
0.68	0.0196009 0.000514657 0.313257	
0.69	0.0195941 0.000517048 0.313439	
0.7	0.0195872 0.000519422 0.313621	
0.71	0.0195804 0.000521778 0.313802	
0.72	0.0195735 0.000524119 0.313983	
0.73	0.0195667 0.000526443 0.314164	
0.74	0.0195599 0.000528752 0.314344	
0.75	0.0195531 0.000531045 0.314525	
0.76	0.0195464 0.000533324 0.314704	
0.77	0.0195396 0.000535589 0.314884	
0.78	0.0195329 0.00053784 0.315063	
0.79	0.0195262 0.000540077 0.315242	
0.8	0.0195195 0.000542302 0.31542	
0.81	0.0195128 0.000544513 0.315598	
0.82	0.0195061 0.000546711 0.315776	
0.83	0.0194994 0.000548898 0.315954	
0.84	0.0194928 0.000551072 0.316131	
0.85	0.0194862 0.000553235 0.316308	
0.86	0.0194796 0.000555385 0.316484	
0.87	0.0194729 0.000557525 0.316661	
0.88	0.0194664 0.000559654 0.316836	
0.89	0.0194598 0.000561772 0.317012	
0.9	0.0194532 0.000563879 0.317187	
0.91	0.0194467 0.000565975 0.317363	
0.92	0.0194401 0.000568062 0.317537	
0.93	0.0194336 0.000570138 0.317712	
0.94	0.0194271 0.000572205 0.317886	
0.95	0.0194206 0.000574261 0.31806	
0.96	0.0194141 0.000576308 0.318233	
0.97	0.0194077 0.000578346 0.318406	
0.98	0.0194012 0.000580375 0.318579	
0.99	0.0193948 0.000582394 0.318752	
1	0.0193884 0.000584404 0.318924	
1.01	0.0193819 0.000586405 0.319097	
1.02	0.0193755 0.000588398 0.319268	
1.03	0.0193691 0.000590382 0.31944	
1.04	0.0193628 0.000592358 0.319611	
1.05	0.0193564 0.000594325 0.319782	
1.06	0.01935 0.000596284 0.319953	
1.07	0.0193437 0.000598234 0.320123	
1.08	0.0193374 0.000600177 0.320293	
1.09	0.0193311 0.000602111 0.320463	
1.1	0.0193248 0.000604038 0.320632	
1.11	0.0193185 0.000605957 0.320802	
1.12	0.0193122 0.000607868 0.32097	
1.13	0.0193059 0.000609771 0.321139	
1.14	0.0192996 0.000611667 0.321308	
1.15	0.0192934 0.000613555 0.321476	
1.16	0.0192872 0.000615436 0.321644	
1.17	0.0192809 0.00061731 0.321811	
1.18	0.0192747 0.000619176 0.321978	
1.19	0.0192685 0.000621035 0.322145	
1.2	0.0192623 0.000622887 0.322312	
1.21	0.0192561 0.000624732 0.322479	
1.22	0.01925 0.00062657 0.322645	
1.23	0.0192438 0.000628401 0.322811	
1.24	0.0192376 0.000630225 0.322977	
1.25	0.0192315 0.000632043 0.323142	
1.26	0.0192254 0.000633853 0.323307	
1.27	0.0192193 0.000635657 0.323472	
1.28	0.0192131 0.000637454 0.323637	
1.29	0.019207 0.000639244 0.323801	
1.3	0.0192009 0.000641028 0.323966	
1.31	0.0191949 0.000642806 0.324129	
1.32	0.0191888 0.000644577 0.324293	
1.33	0.0191827 0.000646341 0.324456	
1.34	0.0191767 0.0006481 0.32462	
1.35	0.0191706 0.000649851 0.324782	
1.36	0.0191646 0.000651597 0.324945	
1.37	0.0191586 0.000653336 0.325107	
1.38	0.0191526 0.000655069 0.32527	
1.39	0.0191466 0.000656796 0.325432	
1.4	0.0191406 0.000658517 0.325593	
1.41	0.0191346 0.000660232 0.325755	
1.42	0.0191286 0.000661941 0.325916	
1.43	0.0191226 0.000663643 0.326077	
1.44	0.0191167 0.00066534 0.326237	
1.45	0.0191107 0.000667031 0.326398	
1.46	0.0191048 0.000668716 0.326558	
1.47	0.0190988 0.000670395 0.326718	
1.48	0.0190929 0.000672068 0.326878	
1.49	0.019087 0.000673735 0.327037	
1.5	0.0190811 0.000675397 0.327196	
1.51	0.0190752 0.000677053 0.327355	
1.52	0.0190693 0.000678703 0.327514	
1.53	0.0190634 0.000680347 0.327672	
1.54	0.0190575 0.000681986 0.327831	
1.55	0.0190517 0.000683619 0.327989	
1.56	0.0190458 0.000685247 0.328147	
1.57	0.01904 0.000686869 0.328304	
1.58	0.0190341 0.000688485 0.328462	
1.59	0.0190283 0.000690096 0.328619	
1.6	0.0190225 0.000691702 0.328776	
1.61	0.0190166 0.000693302 0.328932	
1.62	0.0190108 0.000694896 0.329089	
1.63	0.019005 0.000696485 0.329245	
1.64	0.0189992 0.000698069 0.329401	
1.65	0.0189934 0.000699648 0.329557	
1.66	0.0189877 0.000701221 0.329712	
1.67	0.0189819 0.000702789 0.329868	
1.68	0.0189761 0.000704351 0.330023	
1.69	0.0189704 0.000705909 0.330178	
1.7	0.0189646 0.000707461 0.330332	
1.71	0.0189589 0.000709008 0.330487	
1.72	0.0189531 0.000710549 0.330641	
1.73	0.0189474 0.000712086 0.330795	
1.74	0.0189417 0.000713617 0.330949	
1.75	0.0189359 0.000715143 0.331102	
1.76	0.0189302 0.000716665 0.331256	
1.77	0.0189245 0.000718181 0.331409	
1.78	0.0189188 0.000719692 0.331562	
1.79	0.0189131 0.000721198 0.331714	
1.8	0.0189075 0.000722699 0.331867	
1.81	0.0189018 0.000724195 0.332019	
1.82	0.0188961 0.000725686 0.332171	
1.83	0.0188905 0.000727172 0.332323	
1.84	0.0188848 0.000728653 0.332475	
1.85	0.0188791 0.000730129 0.332626	
1.86	0.0188735 0.0007316 0.332777	
1.87	0.0188679 0.000733067 0.332928	
1.88	0.0188622 0.000734529 0.333079	
1.89	0.0188566 0.000735985 0.33323	
1.9	0.018851 0.000737437 0.33338	
1.91	0.0188454 0.000738884 0.333531	
1.92	0.0188398 0.000740327 0.333681	
1.93	0.0188342 0.000741764 0.33383	
1.94	0.0188286 0.000743197 0.33398	
1.95	0.018823 0.000744625 0.334129	
1.96	0.0188174 0.000746049 0.334279	
1.97	0.0188118 0.000747467 0.334428	
1.98	0.0188063 0.000748881 0.334576	
1.99	0.0188007 0.000750291 0.334725	
2	0.0187952 0.000751696 0.334873	
2.01	0.0187896 0.000753096 0.335022	
2.02	0.0187841 0.000754491 0.33517	
2.03	0.0187785 0.000755882 0.335317	
2.04	0.018773 0.000757268 0.335465	
2.05	0.0187675 0.00075865 0.335613	
2.06	0.0187619 0.000760027 0.33576	
2.07	0.0187564 0.0007614 0.335907	
2.08	0.0187509 0.000762768 0.336054	
2.09	0.0187454 0.000764132 0.3362	
2.1	0.0187399 0.000765491 0.336347	
2.11	0.0187344 0.000766846 0.336493	
2.12	0.0187289 0.000768196 0.336639	
2.13	0.0187234 0.000769542 0.336785	
2.14	0.018718 0.000770884 0.336931	
2.15	0.0187125 0.000772221 0.337076	
2.16	0.018707 0.000773554 0.337222	
2.17	0.0187016 0.000774882 0.337367	
2.18	0.0186961 0.000776206 0.337512	
2.19	0.0186907 0.000777526 0.337657	
2.2	0.0186852 0.000778841 0.337801	
2.21	0.0186798 0.000780152 0.337946	
2.22	0.0186743 0.000781459 0.33809	
2.23	0.0186689 0.000782761 0.338234	
2.24	0.0186635 0.000784059 0.338378	
2.25	0.0186581 0.000785353 0.338521	
2.26	0.0186526 0.000786643 0.338665	
2.27	0.0186472 0.000787928 0.338808	
2.28	0.0186418 0.000789209 0.338951	
2.29	0.0186364 0.000790486 0.339094	
2.3	0.018631 0.000791759 0.339237	
2.31	0.0186256 0.000793028 0.33938	
2.32	0.0186202 0.000794292 0.339522	
2.33	0.0186149 0.000795553 0.339664	
2.34	0.0186095 0.000796809 0.339806	
2.35	0.0186041 0.000798061 0.339948	
2.36	0.0185987 0.000799309 0.34009	
2.37	0.0185934 0.000800553 0.340231	
2.38	0.018588 0.000801793 0.340373	
2.39	0.0185827 0.000803029 0.340514	
2.4	0.0185773 0.000804261 0.340655	
2.41	0.018572 0.000805489 0.340796	
2.42	0.0185666 0.000806712 0.340937	
2.43	0.0185613 0.000807932 0.341077	
2.44	0.018556 0.000809148 0.341217	
2.45	0.0185507 0.000810359 0.341358	
2.46	0.0185453 0.000811567 0.341498	
2.47	0.01854 0.000812771 0.341637	
2.48	0.0185347 0.000813971 0.341777	
2.49	0.0185294 0.000815167 0.341916	
2.5	0.0185241 0.000816359 0.342056	
2.51	0.0185188 0.000817547 0.342195	
2.52	0.0185135 0.000818731 0.342334	
2.53	0.0185082 0.000819911 0.342473	
2.54	0.0185029 0.000821088 0.342611	
2.55	0.0184976 0.000822261 0.34275	
2.56	0.0184924 0.000823429 0.342888	
2.57	0.0184871 0.000824594 0.343026	
2.58	0.0184818 0.000825755 0.343164	
2.59	0.0184765 0.000826913 0.343302	
2.6	0.0184713 0.000828066 0.34344	
2.61	0.018466 0.000829216 0.343577	
2.62	0.0184608 0.000830362 0.343715	
2.63	0.0184555 0.000831504 0.343852	
2.64	0.0184503 0.000832642 0.343989	
2.65	0.018445 0.000833777 0.344126	
2.66	0.0184398 0.000834908 0.344262	
2.67	0.0184346 0.000836035 0.344399	
2.68	0.0184293 0.000837159 0.344535	
2.69	0.0184241 0.000838279 0.344671	
2.7	0.0184189 0.000839395 0.344808	
2.71	0.0184137 0.000840507 0.344943	
2.72	0.0184085 0.000841616 0.345079	
2.73	0.0184033 0.000842721 0.345215	
2.74	0.018398 0.000843823 0.34535	
2.75	0.0183928 0.000844921 0.345485	
2.76	0.0183876 0.000846015 0.345621	
2.77	0.0183824 0.000847106 0.345756	
2.78	0.0183773 0.000848193 0.34589	
2.79	0.0183721 0.000849277 0.346025	
2.8	0.0183669 0.000850356 0.346159	
2.81	0.0183617 0.000851433 0.346294	
2.82	0.0183565 0.000852506 0.346428	
2.83	0.0183514 0.000853575 0.346562	
2.84	0.0183462 0.000854641 0.346696	
2.85	0.018341 0.000855703 0.34683	
2.86	0.0183359 0.000856762 0.346963	
2.87	0.0183307 0.000857817 0.347097	
2.88	0.0183256 0.000858869 0.34723	
2.89	0.0183204 0.000859917 0.347363	
2.9	0.0183153 0.000860962 0.347496	
2.91	0.0183101 0.000862004 0.347629	
2.92	0.018305 0.000863042 0.347762	
2.93	0.0182998 0.000864076 0.347894	
2.94	0.0182947 0.000865107 0.348027	
2.95	0.0182896 0.000866135 0.348159	
2.96	0.0182844 0.000867159 0.348291	
2.97	0.0182793 0.00086818 0.348423	
2.98	0.0182742 0.000869198 0.348555	
2.99	0.0182691 0.000870212 0.348686	
3	0.018264 0.000871223 0.348818	
3.01	0.0182589 0.00087223 0.348949	
3.02	0.0182538 0.000873234 0.34908	
3.03	0.0182487 0.000874235 0.349212	
3.04	0.0182436 0.000875232 0.349342	
3.05	0.0182385 0.000876226 0.349473	
3.06	0.0182334 0.000877217 0.349604	
3.07	0.0182283 0.000878205 0.349734	
3.08	0.0182232 0.000879189 0.349865	
3.09	0.0182181 0.00088017 0.349995	
3.1	0.018213 0.000881148 0.350125	
3.11	0.0182079 0.000882122 0.350255	
3.12	0.0182029 0.000883094 0.350385	
3.13	0.0181978 0.000884062 0.350515	
3.14	0.0181927 0.000885026 0.350644	
3.15	0.0181877 0.000885988 0.350773	
3.16	0.0181826 0.000886946 0.350903	
3.17	0.0181775 0.000887901 0.351032	
3.18	0.0181725 0.000888853 0.351161	
3.19	0.0181674 0.000889802 0.35129	
3.2	0.0181624 0.000890748 0.351418	
3.21	0.0181573 0.00089169 0.351547	
3.22	0.0181523 0.00089263 0.351675	
3.23	0.0181473 0.000893566 0.351804	
3.24	0.0181422 0.000894499 0.351932	
3.25	0.0181372 0.000895429 0.35206	
3.26	0.0181322 0.000896356 0.352188	
3.27	0.0181271 0.000897279 0.352315	
3.28	0.0181221 0.0008982 0.352443	
3.29	0.0181171 0.000899117 0.35257	
3.3	0.0181121 0.000900032 0.352698	
3.31	0.018107 0.000900943 0.352825	
3.32	0.018102 0.000901852 0.352952	
3.33	0.018097 0.000902757 0.353079	
3.34	0.018092 0.000903659 0.353206	
3.35	0.018087 0.000904558 0.353332	
3.36	0.018082 0.000905455 0.353459	
3.37	0.018077 0.000906348 0.353585	
3.38	0.018072 0.000907238 0.353712	
3.39	0.018067 0.000908125 0.353838	
3.4	0.018062 0.000909009 0.353964	
3.41	0.018057 0.000909891 0.35409	
3.42	0.018052 0.000910769 0.354216	
3.43	0.0180471 0.000911644 0.354341	
3.44	0.0180421 0.000912516 0.354467	
3.45	0.0180371 0.000913386 0.354592	
3.46	0.0180321 0.000914252 0.354717	
3.47	0.0180272 0.000915116 0.354842	
3.48	0.0180222 0.000915976 0.354967	
3.49	0.0180172 0.000916834 0.355092	
3.5	0.0180123 0.000917689 0.355217	
3.51	0.0180073 0.000918541 0.355342	
3.52	0.0180023 0.00091939 0.355466	
3.53	0.0179974 0.000920236 0.355591	
3.54	0.0179924 0.000921079 0.355715	
3.55	0.0179875 0.000921919 0.355839	
3.56	0.0179825 0.000922757 0.355963	
3.57	0.0179776 0.000923592 0.356087	
3.58	0.0179726 0.000924424 0.35621	
3.59	0.0179677 0.000925253 0.356334	
3.6	0.0179628 0.000926079 0.356458	
3.61	0.0179578 0.000926902 0.356581	
3.62	0.0179529 0.000927723 0.356704	
3.63	0.017948 0.000928541 0.356827	
3.64	0.017943 0.000929356 0.35695	
3.65	0.0179381 0.000930168 0.357073	
3.66	0.0179332 0.000930977 0.357196	
3.67	0.0179283 0.000931784 0.357318	
3.68	0.0179233 0.000932588 0.357441	
3.69	0.0179184 0.000933389 0.357563	
3.7	0.0179135 0.000934188 0.357686	
3.71	0.0179086 0.000934983 0.357808	
3.72	0.0179037 0.000935776 0.35793	
3.73	0.0178988 0.000936567 0.358052	
3.74	0.0178939 0.000937354 0.358173	
3.75	0.017889 0.000938139 0.358295	
3.76	0.0178841 0.000938921 0.358417	
3.77	0.0178792 0.000939701 0.358538	
3.78	0.0178743 0.000940478 0.358659	
3.79	0.0178694 0.000941252 0.358781	
3.8	0.0178645 0.000942023 0.358902	
3.81	0.0178596 0.000942792 0.359023	
3.82	0.0178547 0.000943558 0.359144	
3.83	0.0178498 0.000944322 0.359264	
3.84	0.017845 0.000945083 0.359385	
3.85	0.0178401 0.000945841 0.359505	
3.86	0.0178352 0.000946596 0.359626	
3.87	0.0178303 0.00094735 0.359746	
3.88	0.0178255 0.0009481 0.359866	
3.89	0.0178206 0.000948848 0.359986	
3.9	0.0178157 0.000949593 0.360106	
3.91	0.0178109 0.000950336 0.360226	
3.92	0.017806 0.000951076 0.360345	
3.93	0.0178011 0.000951813 0.360465	
3.94	0.0177963 0.000952548 0.360585	
3.95	0.0177914 0.000953281 0.360704	
3.96	0.0177866 0.000954011 0.360823	
3.97	0.0177817 0.000954738 0.360942	
3.98	0.0177769 0.000955463 0.361061	
3.99	0.017772 0.000956185 0.36118	
4	0.017772 0.000956185 0.36118	
4.01	0.017772 0.000956185 0.36118	
4.02	0.017772 0.000956185 0.36118	
4.03	0.017772 0.000956185 0.36118	
4.04	0.017772 0.000956185 0.36118	
4.05	0.017772 0.000956185 0.36118	
4.06	0.017772 0.000956185 0.36118	
4.07	0.017772 0.000956185 0.36118	
4.08	0.017772 0.000956185 0.36118	
4.09	0.017772 0.000956185 0.36118	
4.1	0.017772 0.000956185 0.36118	
4.11	0.017772 0.000956185 0.36118	
4.12	0.017772 0.000956185 0.36118	
4.13	0.017772 0.000956185 0.36118	
4.14	0.017772 0.000956185 0.36118	
4.15	0.017772 0.000956185 0.36118	
4.16	0.017772 0.000956185 0.36118	
4.17	0.017772 0.000956185 0.36118	
4.18	0.017772 0.000956185 0.36118	
4.19	0.017772 0.000956185 0.36118	
4.2	0.017772 0.000956185 0.36118	
4.21	0.017772 0.000956185 0.36118	
4.22	0.017772 0.000956185 0.36118	
4.23	0.017772 0.000956185 0.36118	
4.24	0.017772 0.000956185 0.36118	
4.25	0.017772 0.000956185 0.36118	
4.26	0.017772 0.000956185 0.36118	
4.27	0.017772 0.000956185 0.36118	
4.28	0.017772 0.000956185 0.36118	
4.29	0.017772 0.000956185 0.36118	
4.3	0.017772 0.000956185 0.36118	
4.31	0.017772 0.000956185 0.36118	
4.32	0.017772 0.000956185 0.36118	
4.33	0.017772 0.000956185 0.36118	
4.34	0.017772 0.000956185 0.36118	
4.35	0.017772 0.000956185 0.36118	
4.36	0.017772 0.000956185 0.36118	
4.37	0.017772 0.000956185 0.36118	
4.38	0.017772 0.000956185 0.36118	
4.39	0.017772 0.000956185 0.36118	
4.4	0.017772 0.000956185 0.36118	
4.41	0.017772 0.000956185 0.36118	
4.42	0.017772 0.000956185 0.36118	
4.43	0.017772 0.000956185 0.36118	
4.44	0.017772 0.000956185 0.36118	
4.45	0.017772 0.000956185 0.36118	
4.46	0.017772 0.000956185 0.36118	
4.47	0.017772 0.000956185 0.36118	
4.48	0.017772 0.000956185 0.36118	
4.49	0.017772 0.000956185 0.36118	
4.5	0.017772 0.000956185 0.36118	
4.51	0.017772 0.000956185 0.36118	
4.52	0.017772 0.000956185 0.36118	
4.53	0.017772 0.000956185 0.36118	
4.54	0.017772 0.000956185 0.36118	
4.55	0.017772 0.000956185 0.36118	
4.56	0.017772 0.000956185 0.36118	
4.57	0.017772 0.000956185 0.36118	
4.58	0.017772 0.000956185 0.36118	
4.59	0.017772 0.000956185 0.36118	
4.6	0.017772 0.000956185 0.36118	
4.61	0.017772 0.000956185 0.36118	
4.62	0.017772 0.000956185 0.36118	
4.63	0.017772 0.000956185 0.36118	
4.64	0.017772 0.000956185 0.36118	
4.65	0.017772 0.000956185 0.36118	
4.66	0.017772 0.000956185 0.36118	
4.67	0.017772 0.000956185 0.36118	
4.68	0.017772 0.000956185 0.36118	
4.69	0.017772 0.000956185 0.36118	
4.7	0.017772 0.000956185 0.36118	
4.71	0.017772 0.000956185 0.36118	
4.72	0.017772 0.000956185 0.36118	
4.73	0.017772 0.000956185 0.36118	
4.74	0.017772 0.000956185 0.36118	
4.75	0.017772 0.000956185 0.36118	
4.76	0.017772 0.000956185 0.36118	
4.77	0.017772 0.000956185 0.36118	
4.78	0.017772 0.000956185 0.36118	
4.79	0.017772 0.000956185 0.36118	
4.8	0.017772 0.000956185 0.36118	
4.81	0.017772 0.000956185 0.36118	
4.82	0.017772 0.000956185 0.36118	
4.83	0.017772 0.000956185 0.36118	
4.84	0.017772 0.000956185 0.36118	
4.85	0.017772 0.000956185 0.36118	
4.86	0.017772 0.000956185 0.36118	
4.87	0.017772 0.000956185 0.36118	
4.88	0.017772 0.000956185 0.36118	
4.89	0.017772 0.000956185 0.36118	
4.9	0.017772 0.000956185 0.36118	
4.91	0.017772 0.000956185 0.36118	
4.92	0.017772 0.000956185 0.36118	
4.93	0.017772 0.000956185 0.36118	
4.94	0.017772 0.000956185 0.36118	
4.95	0.017772 0.000956185 0.36118	
4.96	0.017772 0.000956185 0.36118	
4.97	0.017772 0.000956185 0.36118	
4.98	0.017772 0.000956185 0.36118	
4.99	0.017772 0.000956185 0.36118	
5	0.017772 0.000956185 0.36118	
5.01	0.017772 0.000956185 0.36118	
5.02	0.017772 0.000956185 0.36118	
5.03	0.017772 0.000956185 0.36118	
5.04	0.017772 0.000956185 0.36118	
5.05	0.017772 0.000956185 0.36118	
5.06	0.017772 0.000956185 0.36118	
5.07	0.017772 0.000956185 0.36118	
5.08	0.017772 0.000956185 0.36118	
5.09	0.017772 0.000956185 0.36118	
5.1	0.017772 0.000956185 0.36118	
5.11	0.017772 0.000956185 0.36118	
5.12	0.017772 0.000956185 0.36118	
5.13	0.017772 0.000956185 0.36118	
5.14	0.017772 0.000956185 0.36118	
5.15	0.017772 0.000956185 0.36118	
5.16	0.017772 0.000956185 0.36118	
5.17	0.017772 0.000956185 0.36118	
5.18	0.017772 0.000956185 0.36118	
5.19	0.017772 0.000956185 0.36118	
5.2	0.017772 0.000956185 0.36118	
5.21	0.017772 0.000956185 0.36118	
5.22	0.017772 0.000956185 0.36118	
5.23	0.017772 0.000956185 0.36118	
5.24	0.017772 0.000956185 0.36118	
5.25	0.017772 0.000956185 0.36118	
5.26	0.017772 0.000956185 0.36118	
5.27	0.017772 0.000956185 0.36118	
5.28	0.017772 0.000956185 0.36118	
5.29	0.017772 0.000956185 0.36118	
5.3	0.017772 0.000956185 0.36118	
5.31	0.017772 0.000956185 0.36118	
5.32	0.017772 0.000956185 0.36118	
5.33	0.017772 0.000956185 0.36118	
5.34	0.017772 0.000956185 0.36118	
5.35	0.017772 0.000956185 0.36118	
5.36	0.017772 0.000956185 0.36118	
5.37	0.017772 0.000956185 0.36118	
5.38	0.017772 0.000956185 0.36118	
5.39	0.017772 0.000956185 0.36118	
5.4	0.017772 0.000956185 0.36118	
5.41	0.017772 0.000956185 0.36118	
5.42	0.017772 0.000956185 0.36118	
5.43	0.017772 0.000956185 0.36118	
5.44	0.017772 0.000956185 0.36118	
5.45	0.017772 0.000956185 0.36118	
5.46	0.017772 0.000956185 0.36118	
5.47	0.017772 0.000956185 0.36118	
5.48	0.017772 0.000956185 0.36118	
5.49	0.017772 0.000956185 0.36118	
5.5	0.017772 0.000956185 0.36118	
5.51	0.017772 0.000956185 0.36118	
5.52	0.017772 0.000956185 0.36118	
5.53	0.017772 0.000956185 0.36118	
5.54	0.017772 0.000956185 0.36118	
5.55	0.017772 0.000956185 0.36118	
5.56	0.017772 0.000956185 0.36118	
5.57	0.017772 0.000956185 0.36118	
5.58	0.017772 0.000956185 0.36118	
5.59	0.017772 0.000956185 0.36118	
5.6	0.017772 0.000956185 0.36118	
5.61	0.017772 0.000956185 0.36118	
5.62	0.017772 0.000956185 0.36118	
5.63	0.017772 0.000956185 0.36118	
5.64	0.017772 0.000956185 0.36118	
5.65	0.017772 0.000956185 0.36118	
5.66	0.017772 0.000956185 0.36118	
5.67	0.017772 0.000956185 0.36118	
5.68	0.017772 0.000956185 0.36118	
5.69	0.017772 0.000956185 0.36118	
5.7	0.017772 0.000956185 0.36118	
5.71	0.017772 0.000956185 0.36118	
5.72	0.017772 0.000956185 0.36118	
5.73	0.017772 0.000956185 0.36118	
5.74	0.017772 0.000956185 0.36118	
5.75	0.017772 0.000956185 0.36118	
5.76	0.017772 0.000956185 0.36118	
5.77	0.017772 0.000956185 0.36118	
5.78	0.017772 0.000956185 0.36118	
5.79	0.017772 0.000956185 0.36118	
5.8	0.017772 0.000956185 0.36118	
5.81	0.017772 0.000956185 0.36118	
5.82	0.017772 0.000956185 0.36118	
5.83	0.017772 0.000956185 0.36118	
5.84	0.017772 0.000956185 0.36118	
5.85	0.017772 0.000956185 0.36118	
5.86	0.017772 0.000956185 0.36118	
5.87	0.017772 0.000956185 0.36118	
5.88	0.017772 0.000956185 0.36118	
5.89	0.017772 0.000956185 0.36118	
5.9	0.017772 0.000956185 0.36118	
5.91	0.017772 0.000956185 0.36118	
5.92	0.017772 0.000956185 0.36118	
5.93	0.017772 0.000956185 0.36118	
5.94	0.017772 0.000956185 0.36118	
5.95	0.017772 0.000956185 0.36118	
5.96	0.017772 0.000956185 0.36118	
5.97	0.017772 0.000956185 0.36118	
5.98	0.017772 0.000956185 0.36118	
5.99	0.017772 0.000956185 0.36118	
6	0.017772 0.000956185 0.36118	
6.01	0.017772 0.000956185 0.36118	
6.02	0.017772 0.000956185 0.36118	
6.03	0.017772 0.000956185 0.36118	
6.04	0.017772 0.000956185 0.36118	
6.05	0.017772 0.000956185 0.36118	
6.06	0.017772 0.000956185 0.36118	
6.07	0.017772 0.000956185 0.36118	
6.08	0.017772 0.000956185 0.36118	
6.09	0.017772 0.000956185 0.36118	
6.1	0.017772 0.000956185 0.36118	
6.11	0.017772 0.000956185 0.36118	
6.12	0.017772 0.000956185 0.36118	
6.13	0.017772 0.000956185 0.36118	
6.14	0.017772 0.000956185 0.36118	
6.15	0.017772 0.000956185 0.36118	
6.16	0.017772 0.000956185 0.36118	
6.17	0.017772 0.000956185 0.36118	
6.18	0.017772 0.000956185 0.36118	
6.19	0.017772 0.000956185 0.36118	
6.2	0.017772 0.000956185 0.36118	
6.21	0.017772 0.000956185 0.36118	
6.22	0.017772 0.000956185 0.36118	
6.23	0.017772 0.000956185 0.36118	
6.24	0.017772 0.000956185 0.36118	
6.25	0.017772 0.000956185 0.36118	
6.26	0.017772 0.000956185 0.36118	
6.27	0.017772 0.000956185 0.36118	
6.28	0.017772 0.000956185 0.36118	
6.29	0.017772 0.000956185 0.36118	
6.3	0.017772 0.000956185 0.36118	
6.31	0.017772 0.000956185 0.36118	
6.32	0.017772 0.000956185 0.36118	
6.33	0.017772 0.000956185 0.36118	
6.34	0.017772 0.000956185 0.36118	
6.35	0.017772 0.000956185 0.36118	
6.36	0.017772 0.000956185 0.36118	
6.37	0.017772 0.000956185 0.36118	
6.38	0.017772 0.000956185 0.36118	
6.39	0.017772 0.000956185 0.36118	
6.4	0.017772 0.000956185 0.36118	
6.41	0.017772 0.000956185 0.36118	
6.42	0.017772 0.000956185 0.36118	
6.43	0.017772 0.000956185 0.36118	
6.44	0.017772 0.000956185 0.36118	
6.45	0.017772 0.000956185 0.36118	
6.46	0.017772 0.000956185 0.36118	
6.47	0.017772 0.000956185 0.36118	
6.48	0.017772 0.000956185 0.36118	
6.49	0.017772 0.000956185 0.36118	
6.5	0.017772 0.000956185 0.36118	
6.51	0.017772 0.000956185 0.36118	
6.52	0.017772 0.000956185 0.36118	
6.53	0.017772 0.000956185 0.36118	
6.54	0.017772 0.000956185 0.36118	
6.55	0.017772 0.000956185 0.36118	
6.56	0.017772 0.000956185 0.36118	
6.57	0.017772 0.000956185 0.36118	
6.58	0.017772 0.000956185 0.36118	
6.59	0.017772 0.000956185 0.36118	
6.6	0.017772 0.000956185 0.36118	
6.61	0.017772 0.000956185 0.36118	
6.62	0.017772 0.000956185 0.36118	
6.63	0.017772 0.000956185 0.36118	
6.64	0.017772 0.000956185 0.36118	
6.65	0.017772 0.000956185 0.36118	
6.66	0.017772 0.000956185 0.36118	
6.67	0.017772 0.000956185 0.36118	
6.68	0.017772 0.000956185 0.36118	
6.69	0.017772 0.000956185 0.36118	
6.7	0.017772 0.000956185 0.36118	
6.71	0.017772 0.000956185 0.36118	
6.72	0.017772 0.000956185 0.36118	
6.73	0.017772 0.000956185 0.36118	
6.74	0.017772 0.000956185 0.36118	
6.75	0.017772 0.000956185 0.36118	
6.76	0.017772 0.000956185 0.36118	
6.77	0.017772 0.000956185 0.36118	
6.78	0.017772 0.000956185 0.36118	
6.79	0.017772 0.000956185 0.36118	
6.8	0.017772 0.000956185 0.36118	
6.81	0.017772 0.000956185 0.36118	
6.82	0.017772 0.000956185 0.36118	
6.83	0.017772 0.000956185 0.36118	
6.84	0.017772 0.000956185 0.36118	
6.85	0.017772 0.000956185 0.36118	
6.86	0.017772 0.000956185 0.36118	
6.87	0.017772 0.000956185 0.36118	
6.88	0.017772 0.000956185 0.36118	
6.89	0.017772 0.000956185 0.36118	
6.9	0.017772 0.000956185 0.36118	
6.91	0.017772 0.000956185 0.36118	
6.92	0.017772 0.000956185 0.36118	
6.93	0.017772 0.000956185 0.36118	
6.94	0.017772 0.000956185 0.36118	
6.95	0.017772 0.000956185 0.36118	
6.96	0.017772 0.000956185 0.36118	
6.97	0.017772 0.000956185 0.36118	
6.98	0.017772 0.000956185 0.36118	
6.99	0.017772 0.000956185 0.36118	
7	0.017772 0.000956185 0.36118	
7.01	0.017772 0.000956185 0.36118	
7.02	0.017772 0.000956185 0.36118	
7.03	0.017772 0.000956185 0.36118	
7.04	0.017772 0.000956185 0.36118	
7.05	0.017772 0.000956185 0.36118	
7.06	0.017772 0.000956185 0.36118	
7.07	0.017772 0.000956185 0.36118	
7.08	0.017772 0.000956185 0.36118	
7.09	0.017772 0.000956185 0.36118	
7.1	0.017772 0.000956185 0.36118	
7.11	0.017772 0.000956185 0.36118	
7.12	0.017772 0.000956185 0.36118	
7.13	0.017772 0.000956185 0.36118	
7.14	0.017772 0.000956185 0.36118	
7.15	0.017772 0.000956185 0.36118	
7.16	0.017772 0.000956185 0.36118	
7.17	0.017772 0.000956185 0.36118	
7.18	0.017772 0.000956185 0.36118	
7.19	0.017772 0.000956185 0.36118	
7.2	0.017772 0.000956185 0.36118	
7.21	0.017772 0.000956185 0.36118	
7.22	0.017772 0.000956185 0.36118	
7.23	0.017772 0.000956185 0.36118	
7.24	0.017772 0.000956185 0.36118	
7.25	0.017772 0.000956185 0.36118	
7.26	0.017772 0.000956185 0.36118	
7.27	0.017772 0.000956185 0.36118	
7.28	0.017772 0.000956185 0.36118	
7.29	0.017772 0.000956185 0.36118	
7.3	0.017772 0.000956185 0.36118	
7.31	0.017772 0.000956185 0.36118	
7.32	0.017772 0.000956185 0.36118	
7.33	0.017772 0.000956185 0.36118	
7.34	0.017772 0.000956185 0.36118	
7.35	0.017772 0.000956185 0.36118	
7.36	0.017772 0.000956185 0.36118	
7.37	0.017772 0.000956185 0.36118	
7.38	0.017772 0.000956185 0.36118	
7.39	0.017772 0.000956185 0.36118	
7.4	0.017772 0.000956185 0.36118	
7.41	0.017772 0.000956185 0.36118	
7.42	0.017772 0.000956185 0.36118	
7.43	0.017772 0.000956185 0.36118	
7.44	0.017772 0.000956185 0.36118	
7.45	0.017772 0.000956185 0.36118	
7.46	0.017772 0.000956185 0.36118	
7.47	0.017772 0.000956185 0.36118	
7.48	0.017772 0.000956185 0.36118	
7.49	0.017772 0.000956185 0.36118	
7.5	0.017772 0.000956185 0.36118	
7.51	0.017772 0.000956185 0.36118	
7.52	0.017772 0.000956185 0.36118	
7.53	0.017772 0.000956185 0.36118	
7.54	0.017772 0.000956185 0.36118	
7.55	0.017772 0.000956185 0.36118	
7.56	0.017772 0.000956185 0.36118	
7.57	0.017772 0.000956185 0.36118	
7.58	0.017772 0.000956185 0.36118	
7.59	0.017772 0.000956185 0.36118	
7.6	0.017772 0.000956185 0.36118	
7.61	0.017772 0.000956185 0.36118	
7.62	0.017772 0.000956185 0.36118	
7.63	0.017772 0.000956185 0.36118	
7.64	0.017772 0.000956185 0.36118	
7.65	0.017772 0.000956185 0.36118	
7.66	0.017772 0.000956185 0.36118	
7.67	0.017772 0.000956185 0.36118	
7.68	0.017772 0.000956185 0.36118	
7.69	0.017772 0.000956185 0.36118	
7.7	0.017772 0.000956185 0.36118	
7.71	0.017772 0.000956185 0.36118	
7.72	0.017772 0.000956185 0.36118	
7.73	0.017772 0.000956185 0.36118	
7.74	0.017772 0.000956185 0.36118	
7.75	0.017772 0.000956185 0.36118	
7.76	0.017772 0.000956185 0.36118	
7.77	0.017772 0.000956185 0.36118	
7.78	0.017772 0.000956185 0.36118	
7.79	0.017772 0.000956185 0.36118	
7.8	0.017772 0.000956185 0.36118	
7.81	0.017772 0.000956185 0.36118	
7.82	0.017772 0.000956185 0.36118	
7.83	0.017772 0.000956185 0.36118	
7.84	0.017772 0.000956185 0.36118	
7.85	0.017772 0.000956185 0.36118	
7.86	0.017772 0.000956185 0.36118	
7.87	0.017772 0.000956185 0.36118	
7.88	0.017772 0.000956185 0.36118	
7.89	0.017772 0.000956185 0.36118	
7.9	0.017772 0.000956185 0.36118	
7.91	0.017772 0.000956185 0.36118	
7.92	0.017772 0.000956185 0.36118	
7.93	0.017772 0.000956185 0.36118	
7.94	0.017772 0.000956185 0.36118	
7.95	0.017772 0.000956185 0.36118	
7.96	0.017772 0.000956185 0.36118	
7.97	0.017772 0.000956185 0.36118	
7.98	0.017772 0.000956185 0.36118	
7.99	0.017772 0.000956185 0.36118	
8	0.017772 0.000956185 0.36118	
8.01	0.017772 0.000956185 0.36118	
8.02	0.017772 0.000956185 0.36118	
8.03	0.017772 0.000956185 0.36118	
8.04	0.017772 0.000956185 0.36118	
8.05	0.017772 0.000956185 0.36118	
8.06	0.017772 0.000956185 0.36118	
8.07	0.017772 0.000956185 0.36118	
8.08	0.017772 0.000956185 0.36118	
8.09	0.017772 0.000956185 0.36118	
8.1	0.017772 0.000956185 0.36118	
8.11	0.017772 0.000956185 0.36118	
8.12	0.017772 0.000956185 0.36118	
8.13	0.017772 0.000956185 0.36118	
8.14	0.017772 0.000956185 0.36118	
8.15	0.017772 0.000956185 0.36118	
8.16	0.017772 0.000956185 0.36118	
8.17	0.017772 0.000956185 0.36118	
8.18	0.017772 0.000956185 0.36118	
8.19	0.017772 0.000956185 0.36118	
8.2	0.017772 0.000956185 0.36118	
8.21	0.017772 0.000956185 0.36118	
8.22	0.017772 0.000956185 0.36118	
8.23	0.017772 0.000956185 0.36118	
8.24	0.017772 0.000956185 0.36118	
8.25	0.017772 0.000956185 0.36118	
8.26	0.017772 0.000956185 0.36118	
8.27	0.017772 0.000956185 0.36118	
8.28	0.017772 0.000956185 0.36118	
8.29	0.017772 0.000956185 0.36118	
8.3	0.017772 0.000956185 0.36118	
8.31	0.017772 0.000956185 0.36118	
8.32	0.017772 0.000956185 0.36118	
8.33	0.017772 0.000956185 0.36118	
8.34	0.017772 0.000956185 0.36118	
8.35	0.017772 0.000956185 0.36118	
8.36	0.017772 0.000956185 0.36118	
8.37	0.017772 0.000956185 0.36118	
8.38	0.017772 0.000956185 0.36118	
8.39	0.017772 0.000956185 0.36118	
8.4	0.017772 0.000956185 0.36118	
8.41	0.017772 0.000956185 0.36118	
8.42	0.017772 0.000956185 0.36118	
8.43	0.017772 0.000956185 0.36118	
8.44	0.017772 0.000956185 0.36118	
8.45	0.017772 0.000956185 0.36118	
8.46	0.017772 0.000956185 0.36118	
8.47	0.017772 0.000956185 0.36118	
8.48	0.017772 0.000956185 0.36118	
8.49	0.017772 0.000956185 0.36118	
8.5	0.017772 0.000956185 0.36118	
8.51	0.017772 0.000956185 0.36118	
8.52	0.017772 0.000956185 0.36118	
8.53	0.017772 0.000956185 0.36118	
8.54	0.017772 0.000956185 0.36118	
8.55	0.017772 0.000956185 0.36118	
8.56	0.017772 0.000956185 0.36118	
8.57	0.017772 0.000956185 0.36118	
8.58	0.017772 0.000956185 0.36118	
8.59	0.017772 0.000956185 0.36118	
8.6	0.017772 0.000956185 0.36118	
8.61	0.017772 0.000956185 0.36118	
8.62	0.017772 0.000956185 0.36118	
8.63	0.017772 0.000956185 0.36118	
8.64	0.017772 0.000956185 0.36118	
8.65	0.017772 0.000956185 0.36118	
8.66	0.017772 0.000956185 0.36118	
8.67	0.017772 0.000956185 0.36118	
8.68	0.017772 0.000956185 0.36118	
8.69	0.017772 0.000956185 0.36118	
8.7	0.017772 0.000956185 0.36118	
8.71	0.017772 0.000956185 0.36118	
8.72	0.017772 0.000956185 0.36118	
8.73	0.017772 0.000956185 0.36118	
8.74	0.017772 0.000956185 0.36118	
8.75	0.017772 0.000956185 0.36118	
8.76	0.017772 0.000956185 0.36118	
8.77	0.017772 0.000956185 0.36118	
8.78	0.017772 0.000956185 0.36118	
8.79	0.017772 0.000956185 0.36118	
8.8	0.017772 0.000956185 0.36118	
8.81	0.017772 0.000956185 0.36118	
8.82	0.017772 0.000956185 0.36118	
8.83	0.017772 0.000956185 0.36118	
8.84	0.017772 0.000956185 0.36118	
8.85	0.017772 0.000956185 0.36118	
8.86	0.017772 0.000956185 0.36118	
8.87	0.017772 0.000956185 0.36118	
8.88	0.017772 0.000956185 0.36118	
8.89	0.017772 0.000956185 0.36118	
8.9	0.017772 0.000956185 0.36118	
8.91	0.017772 0.000956185 0.36118	
8.92	0.017772 0.000956185 0.36118	
8.93	0.017772 0.000956185 0.36118	
8.94	0.017772 0.000956185 0.36118	
8.95	0.017772 0.000956185 0.36118	
8.96	0.017772 0.000956185 0.36118	
8.97	0.017772 0.000956185 0.36118	
8.98	0.017772 0.000956185 0.36118	
8.99	0.017772 0.000956185 0.36118	
9	0.017772 0.000956185 0.36118	
9.01	0.017772 0.000956185 0.36118	
9.02	0.017772 0.000956185 0.36118	
9.03	0.017772 0.000956185 0.36118	
9.04	0.017772 0.000956185 0.36118	
9.05	0.017772 0.000956185 0.36118	
9.06	0.017772 0.000956185 0.36118	
9.07	0.017772 0.000956185 0.36118	
9.08	0.017772 0.000956185 0.36118	
9.09	0.017772 0.000956185 0.36118	
9.1	0.017772 0.000956185 0.36118	
9.11	0.017772 0.000956185 0.36118	
9.12	0.017772 0.000956185 0.36118	
9.13	0.017772 0.000956185 0.36118	
9.14	0.017772 0.000956185 0.36118	
9.15	0.017772 0.000956185 0.36118	
9.16	0.017772 0.000956185 0.36118	
9.17	0.017772 0.000956185 0.36118	
9.18	0.017772 0.000956185 0.36118	
9.19	0.017772 0.000956185 0.36118	
9.2	0.017772 0.000956185 0.36118	
9.21	0.017772 0.000956185 0.36118	
9.22	0.017772 0.000956185 0.36118	
9.23	0.017772 0.000956185 0.36118	
9.24	0.017772 0.000956185 0.36118	
9.25	0.017772 0.000956185 0.36118	
9.26	0.017772 0.000956185 0.36118	
9.27	0.017772 0.000956185 0.36118	
9.28	0.017772 0.000956185 0.36118	
9.29	0.017772 0.000956185 0.36118	
9.3	0.017772 0.000956185 0.36118	
9.31	0.017772 0.000956185 0.36118	
9.32	0.017772 0.000956185 0.36118	
9.33	0.017772 0.000956185 0.36118	
9.34	0.017772 0.000956185 0.36118	
9.35	0.017772 0.000956185 0.36118	
9.36	0.017772 0.000956185 0.36118	
9.37	0.017772 0.000956185 0.36118	
9.38	0.017772 0.000956185 0.36118	
9.39	0.017772 0.000956185 0.36118	
9.4	0.017772 0.000956185 0.36118	
9.41	0.017772 0.000956185 0.36118	
9.42	0.017772 0.000956185 0.36118	
9.43	0.017772 0.000956185 0.36118	
9.44	0.017772 0.000956185 0.36118	
9.45	0.017772 0.000956185 0.36118	
9.46	0.017772 0.000956185 0.36118	
9.47	0.017772 0.000956185 0.36118	
9.48	0.017772 0.000956185 0.36118	
9.49	0.017772 0.000956185 0.36118	
9.5	0.017772 0.000956185 0.36118	
9.51	0.017772 0.000956185 0.36118	
9.52	0.017772 0.000956185 0.36118	
9.53	0.017772 0.000956185 0.36118	
9.54	0.017772 0.000956185 0.36118	
9.55	0.017772 0.000956185 0.36118	
9.56	0.017772 0.000956185 0.36118	
9.57	0.017772 0.000956185 0.36118	
9.58	0.017772 0.000956185 0.36118	
9.59	0.017772 0.000956185 0.36118	
9.6	0.017772 0.000956185 0.36118	
9.61	0.017772 0.000956185 0.36118	
9.62	0.017772 0.000956185 0.36118	
9.63	0.017772 0.000956185 0.36118	
9.64	0.017772 0.000956185 0.36118	
9.65	0.017772 0.000956185 0.36118	
9.66	0.017772 0.000956185 0.36118	
9.67	0.017772 0.000956185 0.36118	
9.68	0.017772 0.000956185 0.36118	
9.69	0.017772 0.000956185 0.36118	
9.7	0.017772 0.000956185 0.36118	
9.71	0.017772 0.000956185 0.36118	
9.72	0.017772 0.000956185 0.36118	
9.73	0.017772 0.000956185 0.36118	
9.74	0.017772 0.000956185 0.36118	
9.75	0.017772 0.000956185 0.36118	
9.76	0.017772 0.000956185 0.36118	
9.77	0.017772 0.000956185 0.36118	
9.78	0.017772 0.000956185 0.36118	
9.79	0.017772 0.000956185 0.36118	
9.8	0.017772 0.000956185 0.36118	
9.81	0.017772 0.000956185 0.36118	
9.82	0.017772 0.000956185 0.36118	
9.83	0.017772 0.000956185 0.36118	
9.84	0.017772 0.000956185 0.36118	
9.85	0.017772 0.000956185 0.36118	
9.86	0.017772 0.000956185 0.36118	
9.87	0.017772 0.000956185 0.36118	
9.88	0.017772 0.000956185 0.36118	
9.89	0.017772 0.000956185 0.36118	
9.9	0.017772 0.000956185 0.36118	
9.91	0.017772 0.000956185 0.36118	
9.92	0.017772 0.000956185 0.36118	
9.93	0.017772 0.000956185 0.36118	
9.94	0.017772 0.000956185 0.36118	
9.95	0.017772 0.000956185 0.36118	
9.96	0.017772 0.000956185 0.36118	
9.97	0.017772 0.000956185 0.36118	
9.98	0.017772 0.000956185 0.36118	
9.99	0.017772 0.000956185 0.36118	
10	0.017772 0.000956185 0.36118	
