0	0.02 0 0.3	
0.01	0.0200066 4.84979e-05 0.300205	
0.02	0.0200106 8.83546e-05 0.300409	
0.03	0.0200126 0.000121751 0.300613	
0.04	0.020013 0.000150194 0.300817	
0.05	0.0200122 0.000174757 0.301021	
0.06	0.0200104 0.000196224 0.301224	
0.07	0.0200078 0.000215184 0.301427	
0.08	0.0200045 0.000232086 0.301629	
0.09	0.0200008 0.000247277 0.301831	
0.1	0.0199966 0.000261033 0.302033	
0.11	0.019992 0.000273573 0.302234	
0.12	0.0199871 0.000285073 0.302434	
0.13	0.019982 0.000295682 0.302635	
0.14	0.0199767 0.000305513 0.302834	
0.15	0.0199711 0.000314667 0.303034	
0.16	0.0199654 0.000323228 0.303233	
0.17	0.0199596 0.000331267 0.303431	
0.18	0.0199537 0.000338843 0.303629	
0.19	0.0199476 0.000346007 0.303827	
0.2	0.0199415 0.000352803 0.304024	
0.21	0.0199353 0.000359269 0.304221	
0.22	0.019929 0.000365438 0.304417	
0.23	0.0199227 0.000371338 0.304613	
0.24	0.0199164 0.000376995 0.304808	
0.25	0.01991 0.000382431 0.305003	
0.26	0.0199036 0.000387666 0.305198	
0.27	0.0198972 0.000392716 0.305392	
0.28	0.0198907 0.000397598 0.305586	
0.29	0.0198842 0.000402325 0.305779	
0.3	0.0198778 0.000406909 0.305972	
0.31	0.0198713 0.000411362 0.306165	
0.32	0.0198648 0.000415693 0.306357	
0.33	0.0198583 0.000419911 0.306549	
0.34	0.0198518 0.000424024 0.30674	
0.35	0.0198453 0.00042804 0.306931	
0.36	0.0198388 0.000431965 0.307121	
0.37	0.0198323 0.000435806 0.307311	
0.38	0.0198258 0.000439567 0.307501	
0.39	0.0198194 0.000443254 0.30769	
0.4	0.0198129 0.000446872 0.307879	
0.41	0.0198065 0.000450424 0.308068	
0.42	0.0198 0.000453915 0.308256	
0.43	0.0197936 0.000457347 0.308443	
0.44	0.0197872 0.000460725 0.308631	
0.45	0.0197807 0.000464051 0.308818	
0.46	0.0197744 0.000467328 0.309004	
0.47	0.019768 0.000470559 0.309191	
0.48	0.0197616 0.000473746 0.309376	
0.49	0.0197553 0.000476891 0.309562	
0.5	0.0197489 0.000479996 0.309747	
0.51	0.0197426 0.000483063 0.309932	
0.52	0.0197363 0.000486095 0.310116	
0.53	0.01973 0.000489091 0.3103	
0.54	0.0197237 0.000492055 0.310483	
0.55	0.0197174 0.000494987 0.310667	
0.56	0.0197112 0.000497889 0.310849	
0.57	0.019705 0.000500762 0.311032	
0.58	0.0196988 0.000503608 0.311214	
0.59	0.0196926 0.000506426 0.311396	
0.6	0.0196864 0.000509219 0.311577	
0.61	0.0196802 0.000511987 0.311758	
0.62	0.019674 0.000514732 0.311939	
0.63	0.0196679 0.000517453 0.312119	
0.64	0.0196618 0.000520153 0.3123	
0.65	0.0196557 0.00052283 0.312479	
0.66	0.0196496 0.000525488 0.312659	
0.67	0.0196435 0.000528125 0.312838	
0.68	0.0196375 0.000530742 0.313016	
0.69	0.0196314 0.000533341 0.313194	
0.7	0.0196254 0.000535922 0.313372	
0.71	0.0196194 0.000538485 0.31355	
0.72	0.0196134 0.00054103 0.313727	
0.73	0.0196074 0.000543559 0.313904	
0.74	0.0196014 0.000546072 0.314081	
0.75	0.0195955 0.000548569 0.314257	
0.76	0.0195895 0.00055105 0.314433	
0.77	0.0195836 0.000553516 0.314609	
0.78	0.0195777 0.000555967 0.314784	
0.79	0.0195718 0.000558404 0.314959	
0.8	0.0195659 0.000560827 0.315134	
0.81	0.01956 0.000563237 0.315308	
0.82	0.0195542 0.000565632 0.315482	
0.83	0.0195484 0.000568015 0.315656	
0.84	0.0195425 0.000570385 0.31583	
0.85	0.0195367 0.000572742 0.316003	
0.86	0.0195309 0.000575087 0.316176	
0.87	0.0195251 0.000577419 0.316348	
0.88	0.0195194 0.00057974 0.31652	
0.89	0.0195136 0.000582049 0.316692	
0.9	0.0195079 0.000584347 0.316864	
0.91	0.0195021 0.000586633 0.317035	
0.92	0.0194964 0.000588908 0.317206	
0.93	0.0194907 0.000591173 0.317377	
0.94	0.019485 0.000593426 0.317547	
0.95	0.0194793 0.000595669 0.317717	
0.96	0.0194737 0.000597902 0.317887	
0.97	0.019468 0.000600124 0.318056	
0.98	0.0194624 0.000602337 0.318225	
0.99	0.0194567 0.000604539 0.318394	
1	0.0194511 0.000606731 0.318563	
1.01	0.0194455 0.000608914 0.318731	
1.02	0.0194399 0.000611088 0.318899	
1.03	0.0194343 0.000613251 0.319067	
1.04	0.0194287 0.000615406 0.319234	
1.05	0.0194232 0.000617551 0.319401	
1.06	0.0194176 0.000619687 0.319568	
1.07	0.0194121 0.000621815 0.319735	
1.08	0.0194066 0.000623933 0.319901	
1.09	0.019401 0.000626043 0.320067	
1.1	0.0193955 0.000628143 0.320233	
1.11	0.01939 0.000630236 0.320398	
1.12	0.0193846 0.00063232 0.320564	
1.13	0.0193791 0.000634395 0.320729	
1.14	0.0193736 0.000636462 0.320893	
1.15	0.0193682 0.000638521 0.321058	
1.16	0.0193627 0.000640571 0.321222	
1.17	0.0193573 0.000642614 0.321386	
1.18	0.0193519 0.000644648 0.321549	
1.19	0.0193465 0.000646675 0.321712	
1.2	0.0193411 0.000648694 0.321875	
1.21	0.0193357 0.000650705 0.322038	
1.22	0.0193303 0.000652708 0.322201	
1.23	0.0193249 0.000654703 0.322363	
1.24	0.0193195 0.000656691 0.322525	
1.25	0.0193142 0.000658672 0.322687	
1.26	0.0193089 0.000660645 0.322848	
1.27	0.0193035 0.00066261 0.323009	
1.28	0.0192982 0.000664568 0.32317	
1.29	0.0192929 0.000666519 0.323331	
1.3	0.0192876 0.000668462 0.323491	
1.31	0.0192823 0.000670399 0.323652	
1.32	0.019277 0.000672328 0.323811	
1.33	0.0192717 0.00067425 0.323971	
1.34	0.0192664 0.000676165 0.324131	
1.35	0.0192612 0.000678073 0.32429	
1.36	0.0192559 0.000679974 0.324449	
1.37	0.0192507 0.000681868 0.324607	
1.38	0.0192454 0.000683756 0.324766	
1.39	0.0192402 0.000685636 0.324924	
1.4	0.019235 0.00068751 0.325082	
1.41	0.0192298 0.000689377 0.32524	
1.42	0.0192246 0.000691237 0.325397	
1.43	0.0192194 0.000693091 0.325554	
1.44	0.0192142 0.000694938 0.325711	
1.45	0.019209 0.000696778 0.325868	
1.46	0.0192038 0.000698612 0.326024	
1.47	0.0191987 0.000700439 0.326181	
1.48	0.0191935 0.00070226 0.326337	
1.49	0.0191884 0.000704075 0.326492	
1.5	0.0191832 0.000705883 0.326648	
1.51	0.0191781 0.000707685 0.326803	
1.52	0.019173 0.00070948 0.326958	
1.53	0.0191679 0.000711269 0.327113	
1.54	0.0191628 0.000713052 0.327268	
1.55	0.0191577 0.000714829 0.327422	
1.56	0.0191526 0.0007166 0.327576	
1.57	0.0191475 0.000718364 0.32773	
1.58	0.0191424 0.000720122 0.327884	
1.59	0.0191373 0.000721875 0.328037	
1.6	0.0191323 0.000723621 0.328191	
1.61	0.0191272 0.000725361 0.328344	
1.62	0.0191221 0.000727095 0.328496	
1.63	0.0191171 0.000728823 0.328649	
1.64	0.0191121 0.000730546 0.328801	
1.65	0.019107 0.000732262 0.328953	
1.66	0.019102 0.000733972 0.329105	
1.67	0.019097 0.000735677 0.329257	
1.68	0.019092 0.000737376 0.329408	
1.69	0.019087 0.000739069 0.32956	
1.7	0.019082 0.000740756 0.329711	
1.71	0.019077 0.000742438 0.329862	
1.72	0.019072 0.000744113 0.330012	
1.73	0.019067 0.000745783 0.330163	
1.74	0.0190621 0.000747448 0.330313	
1.75	0.0190571 0.000749107 0.330463	
1.76	0.0190521 0.00075076 0.330612	
1.77	0.0190472 0.000752407 0.330762	
1.78	0.0190422 0.000754049 0.330911	
1.79	0.0190373 0.000755686 0.33106	
1.8	0.0190324 0.000757317 0.331209	
1.81	0.0190274 0.000758942 0.331358	
1.82	0.0190225 0.000760562 0.331506	
1.83	0.0190176 0.000762177 0.331655	
1.84	0.0190127 0.000763786 0.331803	
1.85	0.0190078 0.00076539 0.331951	
1.86	0.0190029 0.000766988 0.332098	
1.87	0.018998 0.000768581 0.332246	
1.88	0.0189931 0.000770169 0.332393	
1.89	0.0189882 0.000771752 0.33254	
1.9	0.0189834 0.000773329 0.332687	
1.91	0.0189785 0.0007749 0.332834	
1.92	0.0189736 0.000776467 0.33298	
1.93	0.0189688 0.000778028 0.333126	
1.94	0.0189639 0.000779585 0.333272	
1.95	0.0189591 0.000781136 0.333418	
1.96	0.0189542 0.000782681 0.333564	
1.97	0.0189494 0.000784222 0.333709	
1.98	0.0189446 0.000785758 0.333854	
1.99	0.0189397 0.000787288 0.334	
2	0.0189349 0.000788814 0.334144	
2.01	0.0189301 0.000790334 0.334289	
2.02	0.0189253 0.000791849 0.334434	
2.03	0.0189205 0.00079336 0.334578	
2.04	0.0189157 0.000794865 0.334722	
2.05	0.0189109 0.000796365 0.334866	
2.06	0.0189061 0.000797861 0.33501	
2.07	0.0189013 0.000799351 0.335153	
2.08	0.0188965 0.000800836 0.335296	
2.09	0.0188918 0.000802317 0.33544	
2.1	0.018887 0.000803793 0.335582	
2.11	0.0188822 0.000805263 0.335725	
2.12	0.0188775 0.000806729 0.335868	
2.13	0.0188727 0.000808191 0.33601	
2.14	0.018868 0.000809647 0.336152	
2.15	0.0188632 0.000811098 0.336294	
2.16	0.0188585 0.000812545 0.336436	
2.17	0.0188538 0.000813987 0.336578	
2.18	0.018849 0.000815424 0.336719	
2.19	0.0188443 0.000816857 0.336861	
2.2	0.0188396 0.000818285 0.337002	
2.21	0.0188349 0.000819708 0.337143	
2.22	0.0188302 0.000821126 0.337283	
2.23	0.0188254 0.00082254 0.337424	
2.24	0.0188207 0.000823949 0.337564	
2.25	0.018816 0.000825354 0.337705	
2.26	0.0188114 0.000826754 0.337845	
2.27	0.0188067 0.000828149 0.337985	
2.28	0.018802 0.00082954 0.338124	
2.29	0.0187973 0.000830926 0.338264	
2.3	0.0187926 0.000832308 0.338403	
2.31	0.018788 0.000833685 0.338542	
2.32	0.0187833 0.000835057 0.338681	
2.33	0.0187786 0.000836425 0.33882	
2.34	0.018774 0.000837789 0.338959	
2.35	0.0187693 0.000839148 0.339097	
2.36	0.0187647 0.000840503 0.339235	
2.37	0.01876 0.000841853 0.339373	
2.38	0.0187554 0.000843199 0.339511	
2.39	0.0187507 0.000844541 0.339649	
2.4	0.0187461 0.000845878 0.339787	
2.41	0.0187415 0.000847211 0.339924	
2.42	0.0187369 0.000848539 0.340061	
2.43	0.0187322 0.000849863 0.340198	
2.44	0.0187276 0.000851183 0.340335	
2.45	0.018723 0.000852498 0.340472	
2.46	0.0187184 0.000853809 0.340609	
2.47	0.0187138 0.000855116 0.340745	
2.48	0.0187092 0.000856419 0.340881	
2.49	0.0187046 0.000857717 0.341017	
2.5	0.0187 0.000859011 0.341153	
2.51	0.0186954 0.000860301 0.341289	
2.52	0.0186908 0.000861587 0.341425	
2.53	0.0186862 0.000862868 0.34156	
2.54	0.0186817 0.000864146 0.341695	
2.55	0.0186771 0.000865419 0.34183	
2.56	0.0186725 0.000866688 0.341965	
2.57	0.018668 0.000867953 0.3421	
2.58	0.0186634 0.000869213 0.342235	
2.59	0.0186588 0.00087047 0.342369	
2.6	0.0186543 0.000871723 0.342504	
2.61	0.0186497 0.000872971 0.342638	
2.62	0.0186452 0.000874216 0.342772	
2.63	0.0186406 0.000875456 0.342905	
2.64	0.0186361 0.000876692 0.343039	
2.65	0.0186316 0.000877925 0.343173	
2.66	0.018627 0.000879153 0.343306	
2.67	0.0186225 0.000880377 0.343439	
2.68	0.018618 0.000881598 0.343572	
2.69	0.0186135 0.000882814 0.343705	
2.7	0.0186089 0.000884026 0.343838	
2.71	0.0186044 0.000885235 0.34397	
2.72	0.0185999 0.000886439 0.344103	
2.73	0.0185954 0.00088764 0.344235	
2.74	0.0185909 0.000888837 0.344367	
2.75	0.0185864 0.000890029 0.344499	
2.76	0.0185819 0.000891218 0.344631	
2.77	0.0185774 0.000892403 0.344762	
2.78	0.0185729 0.000893585 0.344894	
2.79	0.0185684 0.000894762 0.345025	
2.8	0.0185639 0.000895936 0.345156	
2.81	0.0185594 0.000897105 0.345288	
2.82	0.018555 0.000898271 0.345418	
2.83	0.0185505 0.000899433 0.345549	
2.84	0.018546 0.000900592 0.34568	
2.85	0.0185415 0.000901746 0.34581	
2.86	0.0185371 0.000902897 0.34594	
2.87	0.0185326 0.000904044 0.346071	
2.88	0.0185282 0.000905188 0.346201	
2.89	0.0185237 0.000906327 0.346331	
2.9	0.0185193 0.000907463 0.34646	
2.91	0.0185148 0.000908596 0.34659	
2.92	0.0185104 0.000909724 0.346719	
2.93	0.0185059 0.000910849 0.346848	
2.94	0.0185015 0.00091197 0.346978	
2.95	0.018497 0.000913088 0.347107	
2.96	0.0184926 0.000914202 0.347235	
2.97	0.0184882 0.000915312 0.347364	
2.98	0.0184837 0.000916419 0.347493	
2.99	0.0184793 0.000917522 0.347621	
3	0.0184749 0.000918622 0.347749	
3.01	0.0184705 0.000919718 0.347877	
3.02	0.0184661 0.00092081 0.348005	
3.03	0.0184616 0.000921899 0.348133	
3.04	0.0184572 0.000922984 0.348261	
3.05	0.0184528 0.000924066 0.348389	
3.06	0.0184484 0.000925145 0.348516	
3.07	0.018444 0.000926219 0.348643	
3.08	0.0184396 0.000927291 0.34877	
3.09	0.0184352 0.000928359 0.348897	
3.1	0.0184308 0.000929423 0.349024	
3.11	0.0184264 0.000930484 0.349151	
3.12	0.018422 0.000931541 0.349278	
3.13	0.0184177 0.000932595 0.349404	
3.14	0.0184133 0.000933646 0.34953	
3.15	0.0184089 0.000934693 0.349656	
3.16	0.0184045 0.000935737 0.349783	
3.17	0.0184001 0.000936777 0.349908	
3.18	0.0183958 0.000937814 0.350034	
3.19	0.0183914 0.000938848 0.35016	
3.2	0.018387 0.000939878 0.350285	
3.21	0.0183827 0.000940905 0.350411	
3.22	0.0183783 0.000941928 0.350536	
3.23	0.018374 0.000942948 0.350661	
3.24	0.0183696 0.000943965 0.350786	
3.25	0.0183652 0.000944979 0.350911	
3.26	0.0183609 0.000945989 0.351036	
3.27	0.0183565 0.000946996 0.35116	
3.28	0.0183522 0.000948 0.351285	
3.29	0.0183479 0.000949 0.351409	
3.3	0.0183435 0.000949998 0.351533	
3.31	0.0183392 0.000950991 0.351657	
3.32	0.0183348 0.000951982 0.351781	
3.33	0.0183305 0.00095297 0.351905	
3.34	0.0183262 0.000953954 0.352028	
3.35	0.0183219 0.000954935 0.352152	
3.36	0.0183175 0.000955913 0.352275	
3.37	0.0183132 0.000956887 0.352399	
3.38	0.0183089 0.000957859 0.352522	
3.39	0.0183046 0.000958827 0.352645	
3.4	0.0183003 0.000959792 0.352768	
3.41	0.0182959 0.000960754 0.35289	
3.42	0.0182916 0.000961713 0.353013	
3.43	0.0182873 0.000962669 0.353136	
3.44	0.018283 0.000963622 0.353258	
3.45	0.0182787 0.000964571 0.35338	
3.46	0.0182744 0.000965518 0.353502	
3.47	0.0182701 0.000966461 0.353624	
3.48	0.0182658 0.000967401 0.353746	
3.49	0.0182615 0.000968339 0.353868	
3.5	0.0182572 0.000969273 0.35399	
3.51	0.018253 0.000970204 0.354111	
3.52	0.0182487 0.000971132 0.354232	
3.53	0.0182444 0.000972057 0.354354	
3.54	0.0182401 0.000972979 0.354475	
3.55	0.0182358 0.000973898 0.354596	
3.56	0.0182315 0.000974814 0.354717	
3.57	0.0182273 0.000975727 0.354837	
3.58	0.018223 0.000976637 0.354958	
3.59	0.0182187 0.000977544 0.355079	
3.6	0.0182145 0.000978448 0.355199	
3.61	0.0182102 0.000979349 0.355319	
3.62	0.0182059 0.000980247 0.355439	
3.63	0.0182017 0.000981143 0.355559	
3.64	0.0181974 0.000982035 0.355679	
3.65	0.0181932 0.000982924 0.355799	
3.66	0.0181889 0.000983811 0.355919	
3.67	0.0181846 0.000984694 0.356038	
3.68	0.0181804 0.000985575 0.356158	
3.69	0.0181762 0.000986453 0.356277	
3.7	0.0181719 0.000987328 0.356396	
3.71	0.0181677 0.0009882 0.356515	
3.72	0.0181634 0.000989069 0.356634	
3.73	0.0181592 0.000989935 0.356753	
3.74	0.0181549 0.000990799 0.356872	
3.75	0.0181507 0.00099166 0.356991	
3.76	0.0181465 0.000992517 0.357109	
3.77	0.0181422 0.000993372 0.357227	
3.78	0.018138 0.000994225 0.357346	
3.79	0.0181338 0.000995074 0.357464	
3.8	0.0181296 0.000995921 0.357582	
3.81	0.0181253 0.000996765 0.3577	
3.82	0.0181211 0.000997606 0.357818	
3.83	0.0181169 0.000998444 0.357935	
3.84	0.0181127 0.00099928 0.358053	
3.85	0.0181085 0.00100011 0.35817	
3.86	0.0181042 0.00100094 0.358288	
3.87	0.0181 0.00100177 0.358405	
3.88	0.0180958 0.00100259 0.358522	
3.89	0.0180916 0.00100342 0.358639	
3.9	0.0180874 0.00100424 0.358756	
3.91	0.0180832 0.00100505 0.358873	
3.92	0.018079 0.00100587 0.358989	
3.93	0.0180748 0.00100668 0.359106	
3.94	0.0180706 0.00100749 0.359222	
3.95	0.0180664 0.00100829 0.359339	
3.96	0.0180622 0.0010091 0.359455	
3.97	0.018058 0.0010099 0.359571	
3.98	0.0180538 0.00101069 0.359687	
3.99	0.0180497 0.00101149 0.359803	
4	0.0180497 0.00101149 0.359803	
4.01	0.0180497 0.00101149 0.359803	
4.02	0.0180497 0.00101149 0.359803	
4.03	0.0180497 0.00101149 0.359803	
4.04	0.0180497 0.00101149 0.359803	
4.05	0.0180497 0.00101149 0.359803	
4.06	0.0180497 0.00101149 0.359803	
4.07	0.0180497 0.00101149 0.359803	
4.08	0.0180497 0.00101149 0.359803	
4.09	0.0180497 0.00101149 0.359803	
4.1	0.0180497 0.00101149 0.359803	
4.11	0.0180497 0.00101149 0.359803	
4.12	0.0180497 0.00101149 0.359803	
4.13	0.0180497 0.00101149 0.359803	
4.14	0.0180497 0.00101149 0.359803	
4.15	0.0180497 0.00101149 0.359803	
4.16	0.0180497 0.00101149 0.359803	
4.17	0.0180497 0.00101149 0.359803	
4.18	0.0180497 0.00101149 0.359803	
4.19	0.0180497 0.00101149 0.359803	
4.2	0.0180497 0.00101149 0.359803	
4.21	0.0180497 0.00101149 0.359803	
4.22	0.0180497 0.00101149 0.359803	
4.23	0.0180497 0.00101149 0.359803	
4.24	0.0180497 0.00101149 0.359803	
4.25	0.0180497 0.00101149 0.359803	
4.26	0.0180497 0.00101149 0.359803	
4.27	0.0180497 0.00101149 0.359803	
4.28	0.0180497 0.00101149 0.359803	
4.29	0.0180497 0.00101149 0.359803	
4.3	0.0180497 0.00101149 0.359803	
4.31	0.0180497 0.00101149 0.359803	
4.32	0.0180497 0.00101149 0.359803	
4.33	0.0180497 0.00101149 0.359803	
4.34	0.0180497 0.00101149 0.359803	
4.35	0.0180497 0.00101149 0.359803	
4.36	0.0180497 0.00101149 0.359803	
4.37	0.0180497 0.00101149 0.359803	
4.38	0.0180497 0.00101149 0.359803	
4.39	0.0180497 0.00101149 0.359803	
4.4	0.0180497 0.00101149 0.359803	
4.41	0.0180497 0.00101149 0.359803	
4.42	0.0180497 0.00101149 0.359803	
4.43	0.0180497 0.00101149 0.359803	
4.44	0.0180497 0.00101149 0.359803	
4.45	0.0180497 0.00101149 0.359803	
4.46	0.0180497 0.00101149 0.359803	
4.47	0.0180497 0.00101149 0.359803	
4.48	0.0180497 0.00101149 0.359803	
4.49	0.0180497 0.00101149 0.359803	
4.5	0.0180497 0.00101149 0.359803	
4.51	0.0180497 0.00101149 0.359803	
4.52	0.0180497 0.00101149 0.359803	
4.53	0.0180497 0.00101149 0.359803	
4.54	0.0180497 0.00101149 0.359803	
4.55	0.0180497 0.00101149 0.359803	
4.56	0.0180497 0.00101149 0.359803	
4.57	0.0180497 0.00101149 0.359803	
4.58	0.0180497 0.00101149 0.359803	
4.59	0.0180497 0.00101149 0.359803	
4.6	0.0180497 0.00101149 0.359803	
4.61	0.0180497 0.00101149 0.359803	
4.62	0.0180497 0.00101149 0.359803	
4.63	0.0180497 0.00101149 0.359803	
4.64	0.0180497 0.00101149 0.359803	
4.65	0.0180497 0.00101149 0.359803	
4.66	0.0180497 0.00101149 0.359803	
4.67	0.0180497 0.00101149 0.359803	
4.68	0.0180497 0.00101149 0.359803	
4.69	0.0180497 0.00101149 0.359803	
4.7	0.0180497 0.00101149 0.359803	
4.71	0.0180497 0.00101149 0.359803	
4.72	0.0180497 0.00101149 0.359803	
4.73	0.0180497 0.00101149 0.359803	
4.74	0.0180497 0.00101149 0.359803	
4.75	0.0180497 0.00101149 0.359803	
4.76	0.0180497 0.00101149 0.359803	
4.77	0.0180497 0.00101149 0.359803	
4.78	0.0180497 0.00101149 0.359803	
4.79	0.0180497 0.00101149 0.359803	
4.8	0.0180497 0.00101149 0.359803	
4.81	0.0180497 0.00101149 0.359803	
4.82	0.0180497 0.00101149 0.359803	
4.83	0.0180497 0.00101149 0.359803	
4.84	0.0180497 0.00101149 0.359803	
4.85	0.0180497 0.00101149 0.359803	
4.86	0.0180497 0.00101149 0.359803	
4.87	0.0180497 0.00101149 0.359803	
4.88	0.0180497 0.00101149 0.359803	
4.89	0.0180497 0.00101149 0.359803	
4.9	0.0180497 0.00101149 0.359803	
4.91	0.0180497 0.00101149 0.359803	
4.92	0.0180497 0.00101149 0.359803	
4.93	0.0180497 0.00101149 0.359803	
4.94	0.0180497 0.00101149 0.359803	
4.95	0.0180497 0.00101149 0.359803	
4.96	0.0180497 0.00101149 0.359803	
4.97	0.0180497 0.00101149 0.359803	
4.98	0.0180497 0.00101149 0.359803	
4.99	0.0180497 0.00101149 0.359803	
5	0.0180497 0.00101149 0.359803	
5.01	0.0180497 0.00101149 0.359803	
5.02	0.0180497 0.00101149 0.359803	
5.03	0.0180497 0.00101149 0.359803	
5.04	0.0180497 0.00101149 0.359803	
5.05	0.0180497 0.00101149 0.359803	
5.06	0.0180497 0.00101149 0.359803	
5.07	0.0180497 0.00101149 0.359803	
5.08	0.0180497 0.00101149 0.359803	
5.09	0.0180497 0.00101149 0.359803	
5.1	0.0180497 0.00101149 0.359803	
5.11	0.0180497 0.00101149 0.359803	
5.12	0.0180497 0.00101149 0.359803	
5.13	0.0180497 0.00101149 0.359803	
5.14	0.0180497 0.00101149 0.359803	
5.15	0.0180497 0.00101149 0.359803	
5.16	0.0180497 0.00101149 0.359803	
5.17	0.0180497 0.00101149 0.359803	
5.18	0.0180497 0.00101149 0.359803	
5.19	0.0180497 0.00101149 0.359803	
5.2	0.0180497 0.00101149 0.359803	
5.21	0.0180497 0.00101149 0.359803	
5.22	0.0180497 0.00101149 0.359803	
5.23	0.0180497 0.00101149 0.359803	
5.24	0.0180497 0.00101149 0.359803	
5.25	0.0180497 0.00101149 0.359803	
5.26	0.0180497 0.00101149 0.359803	
5.27	0.0180497 0.00101149 0.359803	
5.28	0.0180497 0.00101149 0.359803	
5.29	0.0180497 0.00101149 0.359803	
5.3	0.0180497 0.00101149 0.359803	
5.31	0.0180497 0.00101149 0.359803	
5.32	0.0180497 0.00101149 0.359803	
5.33	0.0180497 0.00101149 0.359803	
5.34	0.0180497 0.00101149 0.359803	
5.35	0.0180497 0.00101149 0.359803	
5.36	0.0180497 0.00101149 0.359803	
5.37	0.0180497 0.00101149 0.359803	
5.38	0.0180497 0.00101149 0.359803	
5.39	0.0180497 0.00101149 0.359803	
5.4	0.0180497 0.00101149 0.359803	
5.41	0.0180497 0.00101149 0.359803	
5.42	0.0180497 0.00101149 0.359803	
5.43	0.0180497 0.00101149 0.359803	
5.44	0.0180497 0.00101149 0.359803	
5.45	0.0180497 0.00101149 0.359803	
5.46	0.0180497 0.00101149 0.359803	
5.47	0.0180497 0.00101149 0.359803	
5.48	0.0180497 0.00101149 0.359803	
5.49	0.0180497 0.00101149 0.359803	
5.5	0.0180497 0.00101149 0.359803	
5.51	0.0180497 0.00101149 0.359803	
5.52	0.0180497 0.00101149 0.359803	
5.53	0.0180497 0.00101149 0.359803	
5.54	0.0180497 0.00101149 0.359803	
5.55	0.0180497 0.00101149 0.359803	
5.56	0.0180497 0.00101149 0.359803	
5.57	0.0180497 0.00101149 0.359803	
5.58	0.0180497 0.00101149 0.359803	
5.59	0.0180497 0.00101149 0.359803	
5.6	0.0180497 0.00101149 0.359803	
5.61	0.0180497 0.00101149 0.359803	
5.62	0.0180497 0.00101149 0.359803	
5.63	0.0180497 0.00101149 0.359803	
5.64	0.0180497 0.00101149 0.359803	
5.65	0.0180497 0.00101149 0.359803	
5.66	0.0180497 0.00101149 0.359803	
5.67	0.0180497 0.00101149 0.359803	
5.68	0.0180497 0.00101149 0.359803	
5.69	0.0180497 0.00101149 0.359803	
5.7	0.0180497 0.00101149 0.359803	
5.71	0.0180497 0.00101149 0.359803	
5.72	0.0180497 0.00101149 0.359803	
5.73	0.0180497 0.00101149 0.359803	
5.74	0.0180497 0.00101149 0.359803	
5.75	0.0180497 0.00101149 0.359803	
5.76	0.0180497 0.00101149 0.359803	
5.77	0.0180497 0.00101149 0.359803	
5.78	0.0180497 0.00101149 0.359803	
5.79	0.0180497 0.00101149 0.359803	
5.8	0.0180497 0.00101149 0.359803	
5.81	0.0180497 0.00101149 0.359803	
5.82	0.0180497 0.00101149 0.359803	
5.83	0.0180497 0.00101149 0.359803	
5.84	0.0180497 0.00101149 0.359803	
5.85	0.0180497 0.00101149 0.359803	
5.86	0.0180497 0.00101149 0.359803	
5.87	0.0180497 0.00101149 0.359803	
5.88	0.0180497 0.00101149 0.359803	
5.89	0.0180497 0.00101149 0.359803	
5.9	0.0180497 0.00101149 0.359803	
5.91	0.0180497 0.00101149 0.359803	
5.92	0.0180497 0.00101149 0.359803	
5.93	0.0180497 0.00101149 0.359803	
5.94	0.0180497 0.00101149 0.359803	
5.95	0.0180497 0.00101149 0.359803	
5.96	0.0180497 0.00101149 0.359803	
5.97	0.0180497 0.00101149 0.359803	
5.98	0.0180497 0.00101149 0.359803	
5.99	0.0180497 0.00101149 0.359803	
6	0.0180497 0.00101149 0.359803	
6.01	0.0180497 0.00101149 0.359803	
6.02	0.0180497 0.00101149 0.359803	
6.03	0.0180497 0.00101149 0.359803	
6.04	0.0180497 0.00101149 0.359803	
6.05	0.0180497 0.00101149 0.359803	
6.06	0.0180497 0.00101149 0.359803	
6.07	0.0180497 0.00101149 0.359803	
6.08	0.0180497 0.00101149 0.359803	
6.09	0.0180497 0.00101149 0.359803	
6.1	0.0180497 0.00101149 0.359803	
6.11	0.0180497 0.00101149 0.359803	
6.12	0.0180497 0.00101149 0.359803	
6.13	0.0180497 0.00101149 0.359803	
6.14	0.0180497 0.00101149 0.359803	
6.15	0.0180497 0.00101149 0.359803	
6.16	0.0180497 0.00101149 0.359803	
6.17	0.0180497 0.00101149 0.359803	
6.18	0.0180497 0.00101149 0.359803	
6.19	0.0180497 0.00101149 0.359803	
6.2	0.0180497 0.00101149 0.359803	
6.21	0.0180497 0.00101149 0.359803	
6.22	0.0180497 0.00101149 0.359803	
6.23	0.0180497 0.00101149 0.359803	
6.24	0.0180497 0.00101149 0.359803	
6.25	0.0180497 0.00101149 0.359803	
6.26	0.0180497 0.00101149 0.359803	
6.27	0.0180497 0.00101149 0.359803	
6.28	0.0180497 0.00101149 0.359803	
6.29	0.0180497 0.00101149 0.359803	
6.3	0.0180497 0.00101149 0.359803	
6.31	0.0180497 0.00101149 0.359803	
6.32	0.0180497 0.00101149 0.359803	
6.33	0.0180497 0.00101149 0.359803	
6.34	0.0180497 0.00101149 0.359803	
6.35	0.0180497 0.00101149 0.359803	
6.36	0.0180497 0.00101149 0.359803	
6.37	0.0180497 0.00101149 0.359803	
6.38	0.0180497 0.00101149 0.359803	
6.39	0.0180497 0.00101149 0.359803	
6.4	0.0180497 0.00101149 0.359803	
6.41	0.0180497 0.00101149 0.359803	
6.42	0.0180497 0.00101149 0.359803	
6.43	0.0180497 0.00101149 0.359803	
6.44	0.0180497 0.00101149 0.359803	
6.45	0.0180497 0.00101149 0.359803	
6.46	0.0180497 0.00101149 0.359803	
6.47	0.0180497 0.00101149 0.359803	
6.48	0.0180497 0.00101149 0.359803	
6.49	0.0180497 0.00101149 0.359803	
6.5	0.0180497 0.00101149 0.359803	
6.51	0.0180497 0.00101149 0.359803	
6.52	0.0180497 0.00101149 0.359803	
6.53	0.0180497 0.00101149 0.359803	
6.54	0.0180497 0.00101149 0.359803	
6.55	0.0180497 0.00101149 0.359803	
6.56	0.0180497 0.00101149 0.359803	
6.57	0.0180497 0.00101149 0.359803	
6.58	0.0180497 0.00101149 0.359803	
6.59	0.0180497 0.00101149 0.359803	
6.6	0.0180497 0.00101149 0.359803	
6.61	0.0180497 0.00101149 0.359803	
6.62	0.0180497 0.00101149 0.359803	
6.63	0.0180497 0.00101149 0.359803	
6.64	0.0180497 0.00101149 0.359803	
6.65	0.0180497 0.00101149 0.359803	
6.66	0.0180497 0.00101149 0.359803	
6.67	0.0180497 0.00101149 0.359803	
6.68	0.0180497 0.00101149 0.359803	
6.69	0.0180497 0.00101149 0.359803	
6.7	0.0180497 0.00101149 0.359803	
6.71	0.0180497 0.00101149 0.359803	
6.72	0.0180497 0.00101149 0.359803	
6.73	0.0180497 0.00101149 0.359803	
6.74	0.0180497 0.00101149 0.359803	
6.75	0.0180497 0.00101149 0.359803	
6.76	0.0180497 0.00101149 0.359803	
6.77	0.0180497 0.00101149 0.359803	
6.78	0.0180497 0.00101149 0.359803	
6.79	0.0180497 0.00101149 0.359803	
6.8	0.0180497 0.00101149 0.359803	
6.81	0.0180497 0.00101149 0.359803	
6.82	0.0180497 0.00101149 0.359803	
6.83	0.0180497 0.00101149 0.359803	
6.84	0.0180497 0.00101149 0.359803	
6.85	0.0180497 0.00101149 0.359803	
6.86	0.0180497 0.00101149 0.359803	
6.87	0.0180497 0.00101149 0.359803	
6.88	0.0180497 0.00101149 0.359803	
6.89	0.0180497 0.00101149 0.359803	
6.9	0.0180497 0.00101149 0.359803	
6.91	0.0180497 0.00101149 0.359803	
6.92	0.0180497 0.00101149 0.359803	
6.93	0.0180497 0.00101149 0.359803	
6.94	0.0180497 0.00101149 0.359803	
6.95	0.0180497 0.00101149 0.359803	
6.96	0.0180497 0.00101149 0.359803	
6.97	0.0180497 0.00101149 0.359803	
6.98	0.0180497 0.00101149 0.359803	
6.99	0.0180497 0.00101149 0.359803	
7	0.0180497 0.00101149 0.359803	
7.01	0.0180497 0.00101149 0.359803	
7.02	0.0180497 0.00101149 0.359803	
7.03	0.0180497 0.00101149 0.359803	
7.04	0.0180497 0.00101149 0.359803	
7.05	0.0180497 0.00101149 0.359803	
7.06	0.0180497 0.00101149 0.359803	
7.07	0.0180497 0.00101149 0.359803	
7.08	0.0180497 0.00101149 0.359803	
7.09	0.0180497 0.00101149 0.359803	
7.1	0.0180497 0.00101149 0.359803	
7.11	0.0180497 0.00101149 0.359803	
7.12	0.0180497 0.00101149 0.359803	
7.13	0.0180497 0.00101149 0.359803	
7.14	0.0180497 0.00101149 0.359803	
7.15	0.0180497 0.00101149 0.359803	
7.16	0.0180497 0.00101149 0.359803	
7.17	0.0180497 0.00101149 0.359803	
7.18	0.0180497 0.00101149 0.359803	
7.19	0.0180497 0.00101149 0.359803	
7.2	0.0180497 0.00101149 0.359803	
7.21	0.0180497 0.00101149 0.359803	
7.22	0.0180497 0.00101149 0.359803	
7.23	0.0180497 0.00101149 0.359803	
7.24	0.0180497 0.00101149 0.359803	
7.25	0.0180497 0.00101149 0.359803	
7.26	0.0180497 0.00101149 0.359803	
7.27	0.0180497 0.00101149 0.359803	
7.28	0.0180497 0.00101149 0.359803	
7.29	0.0180497 0.00101149 0.359803	
7.3	0.0180497 0.00101149 0.359803	
7.31	0.0180497 0.00101149 0.359803	
7.32	0.0180497 0.00101149 0.359803	
7.33	0.0180497 0.00101149 0.359803	
7.34	0.0180497 0.00101149 0.359803	
7.35	0.0180497 0.00101149 0.359803	
7.36	0.0180497 0.00101149 0.359803	
7.37	0.0180497 0.00101149 0.359803	
7.38	0.0180497 0.00101149 0.359803	
7.39	0.0180497 0.00101149 0.359803	
7.4	0.0180497 0.00101149 0.359803	
7.41	0.0180497 0.00101149 0.359803	
7.42	0.0180497 0.00101149 0.359803	
7.43	0.0180497 0.00101149 0.359803	
7.44	0.0180497 0.00101149 0.359803	
7.45	0.0180497 0.00101149 0.359803	
7.46	0.0180497 0.00101149 0.359803	
7.47	0.0180497 0.00101149 0.359803	
7.48	0.0180497 0.00101149 0.359803	
7.49	0.0180497 0.00101149 0.359803	
7.5	0.0180497 0.00101149 0.359803	
7.51	0.0180497 0.00101149 0.359803	
7.52	0.0180497 0.00101149 0.359803	
7.53	0.0180497 0.00101149 0.359803	
7.54	0.0180497 0.00101149 0.359803	
7.55	0.0180497 0.00101149 0.359803	
7.56	0.0180497 0.00101149 0.359803	
7.57	0.0180497 0.00101149 0.359803	
7.58	0.0180497 0.00101149 0.359803	
7.59	0.0180497 0.00101149 0.359803	
7.6	0.0180497 0.00101149 0.359803	
7.61	0.0180497 0.00101149 0.359803	
7.62	0.0180497 0.00101149 0.359803	
7.63	0.0180497 0.00101149 0.359803	
7.64	0.0180497 0.00101149 0.359803	
7.65	0.0180497 0.00101149 0.359803	
7.66	0.0180497 0.00101149 0.359803	
7.67	0.0180497 0.00101149 0.359803	
7.68	0.0180497 0.00101149 0.359803	
7.69	0.0180497 0.00101149 0.359803	
7.7	0.0180497 0.00101149 0.359803	
7.71	0.0180497 0.00101149 0.359803	
7.72	0.0180497 0.00101149 0.359803	
7.73	0.0180497 0.00101149 0.359803	
7.74	0.0180497 0.00101149 0.359803	
7.75	0.0180497 0.00101149 0.359803	
7.76	0.0180497 0.00101149 0.359803	
7.77	0.0180497 0.00101149 0.359803	
7.78	0.0180497 0.00101149 0.359803	
7.79	0.0180497 0.00101149 0.359803	
7.8	0.0180497 0.00101149 0.359803	
7.81	0.0180497 0.00101149 0.359803	
7.82	0.0180497 0.00101149 0.359803	
7.83	0.0180497 0.00101149 0.359803	
7.84	0.0180497 0.00101149 0.359803	
7.85	0.0180497 0.00101149 0.359803	
7.86	0.0180497 0.00101149 0.359803	
7.87	0.0180497 0.00101149 0.359803	
7.88	0.0180497 0.00101149 0.359803	
7.89	0.0180497 0.00101149 0.359803	
7.9	0.0180497 0.00101149 0.359803	
7.91	0.0180497 0.00101149 0.359803	
7.92	0.0180497 0.00101149 0.359803	
7.93	0.0180497 0.00101149 0.359803	
7.94	0.0180497 0.00101149 0.359803	
7.95	0.0180497 0.00101149 0.359803	
7.96	0.0180497 0.00101149 0.359803	
7.97	0.0180497 0.00101149 0.359803	
7.98	0.0180497 0.00101149 0.359803	
7.99	0.0180497 0.00101149 0.359803	
8	0.0180497 0.00101149 0.359803	
8.01	0.0180497 0.00101149 0.359803	
8.02	0.0180497 0.00101149 0.359803	
8.03	0.0180497 0.00101149 0.359803	
8.04	0.0180497 0.00101149 0.359803	
8.05	0.0180497 0.00101149 0.359803	
8.06	0.0180497 0.00101149 0.359803	
8.07	0.0180497 0.00101149 0.359803	
8.08	0.0180497 0.00101149 0.359803	
8.09	0.0180497 0.00101149 0.359803	
8.1	0.0180497 0.00101149 0.359803	
8.11	0.0180497 0.00101149 0.359803	
8.12	0.0180497 0.00101149 0.359803	
8.13	0.0180497 0.00101149 0.359803	
8.14	0.0180497 0.00101149 0.359803	
8.15	0.0180497 0.00101149 0.359803	
8.16	0.0180497 0.00101149 0.359803	
8.17	0.0180497 0.00101149 0.359803	
8.18	0.0180497 0.00101149 0.359803	
8.19	0.0180497 0.00101149 0.359803	
8.2	0.0180497 0.00101149 0.359803	
8.21	0.0180497 0.00101149 0.359803	
8.22	0.0180497 0.00101149 0.359803	
8.23	0.0180497 0.00101149 0.359803	
8.24	0.0180497 0.00101149 0.359803	
8.25	0.0180497 0.00101149 0.359803	
8.26	0.0180497 0.00101149 0.359803	
8.27	0.0180497 0.00101149 0.359803	
8.28	0.0180497 0.00101149 0.359803	
8.29	0.0180497 0.00101149 0.359803	
8.3	0.0180497 0.00101149 0.359803	
8.31	0.0180497 0.00101149 0.359803	
8.32	0.0180497 0.00101149 0.359803	
8.33	0.0180497 0.00101149 0.359803	
8.34	0.0180497 0.00101149 0.359803	
8.35	0.0180497 0.00101149 0.359803	
8.36	0.0180497 0.00101149 0.359803	
8.37	0.0180497 0.00101149 0.359803	
8.38	0.0180497 0.00101149 0.359803	
8.39	0.0180497 0.00101149 0.359803	
8.4	0.0180497 0.00101149 0.359803	
8.41	0.0180497 0.00101149 0.359803	
8.42	0.0180497 0.00101149 0.359803	
8.43	0.0180497 0.00101149 0.359803	
8.44	0.0180497 0.00101149 0.359803	
8.45	0.0180497 0.00101149 0.359803	
8.46	0.0180497 0.00101149 0.359803	
8.47	0.0180497 0.00101149 0.359803	
8.48	0.0180497 0.00101149 0.359803	
8.49	0.0180497 0.00101149 0.359803	
8.5	0.0180497 0.00101149 0.359803	
8.51	0.0180497 0.00101149 0.359803	
8.52	0.0180497 0.00101149 0.359803	
8.53	0.0180497 0.00101149 0.359803	
8.54	0.0180497 0.00101149 0.359803	
8.55	0.0180497 0.00101149 0.359803	
8.56	0.0180497 0.00101149 0.359803	
8.57	0.0180497 0.00101149 0.359803	
8.58	0.0180497 0.00101149 0.359803	
8.59	0.0180497 0.00101149 0.359803	
8.6	0.0180497 0.00101149 0.359803	
8.61	0.0180497 0.00101149 0.359803	
8.62	0.0180497 0.00101149 0.359803	
8.63	0.0180497 0.00101149 0.359803	
8.64	0.0180497 0.00101149 0.359803	
8.65	0.0180497 0.00101149 0.359803	
8.66	0.0180497 0.00101149 0.359803	
8.67	0.0180497 0.00101149 0.359803	
8.68	0.0180497 0.00101149 0.359803	
8.69	0.0180497 0.00101149 0.359803	
8.7	0.0180497 0.00101149 0.359803	
8.71	0.0180497 0.00101149 0.359803	
8.72	0.0180497 0.00101149 0.359803	
8.73	0.0180497 0.00101149 0.359803	
8.74	0.0180497 0.00101149 0.359803	
8.75	0.0180497 0.00101149 0.359803	
8.76	0.0180497 0.00101149 0.359803	
8.77	0.0180497 0.00101149 0.359803	
8.78	0.0180497 0.00101149 0.359803	
8.79	0.0180497 0.00101149 0.359803	
8.8	0.0180497 0.00101149 0.359803	
8.81	0.0180497 0.00101149 0.359803	
8.82	0.0180497 0.00101149 0.359803	
8.83	0.0180497 0.00101149 0.359803	
8.84	0.0180497 0.00101149 0.359803	
8.85	0.0180497 0.00101149 0.359803	
8.86	0.0180497 0.00101149 0.359803	
8.87	0.0180497 0.00101149 0.359803	
8.88	0.0180497 0.00101149 0.359803	
8.89	0.0180497 0.00101149 0.359803	
8.9	0.0180497 0.00101149 0.359803	
8.91	0.0180497 0.00101149 0.359803	
8.92	0.0180497 0.00101149 0.359803	
8.93	0.0180497 0.00101149 0.359803	
8.94	0.0180497 0.00101149 0.359803	
8.95	0.0180497 0.00101149 0.359803	
8.96	0.0180497 0.00101149 0.359803	
8.97	0.0180497 0.00101149 0.359803	
8.98	0.0180497 0.00101149 0.359803	
8.99	0.0180497 0.00101149 0.359803	
9	0.0180497 0.00101149 0.359803	
9.01	0.0180497 0.00101149 0.359803	
9.02	0.0180497 0.00101149 0.359803	
9.03	0.0180497 0.00101149 0.359803	
9.04	0.0180497 0.00101149 0.359803	
9.05	0.0180497 0.00101149 0.359803	
9.06	0.0180497 0.00101149 0.359803	
9.07	0.0180497 0.00101149 0.359803	
9.08	0.0180497 0.00101149 0.359803	
9.09	0.0180497 0.00101149 0.359803	
9.1	0.0180497 0.00101149 0.359803	
9.11	0.0180497 0.00101149 0.359803	
9.12	0.0180497 0.00101149 0.359803	
9.13	0.0180497 0.00101149 0.359803	
9.14	0.0180497 0.00101149 0.359803	
9.15	0.0180497 0.00101149 0.359803	
9.16	0.0180497 0.00101149 0.359803	
9.17	0.0180497 0.00101149 0.359803	
9.18	0.0180497 0.00101149 0.359803	
9.19	0.0180497 0.00101149 0.359803	
9.2	0.0180497 0.00101149 0.359803	
9.21	0.0180497 0.00101149 0.359803	
9.22	0.0180497 0.00101149 0.359803	
9.23	0.0180497 0.00101149 0.359803	
9.24	0.0180497 0.00101149 0.359803	
9.25	0.0180497 0.00101149 0.359803	
9.26	0.0180497 0.00101149 0.359803	
9.27	0.0180497 0.00101149 0.359803	
9.28	0.0180497 0.00101149 0.359803	
9.29	0.0180497 0.00101149 0.359803	
9.3	0.0180497 0.00101149 0.359803	
9.31	0.0180497 0.00101149 0.359803	
9.32	0.0180497 0.00101149 0.359803	
9.33	0.0180497 0.00101149 0.359803	
9.34	0.0180497 0.00101149 0.359803	
9.35	0.0180497 0.00101149 0.359803	
9.36	0.0180497 0.00101149 0.359803	
9.37	0.0180497 0.00101149 0.359803	
9.38	0.0180497 0.00101149 0.359803	
9.39	0.0180497 0.00101149 0.359803	
9.4	0.0180497 0.00101149 0.359803	
9.41	0.0180497 0.00101149 0.359803	
9.42	0.0180497 0.00101149 0.359803	
9.43	0.0180497 0.00101149 0.359803	
9.44	0.0180497 0.00101149 0.359803	
9.45	0.0180497 0.00101149 0.359803	
9.46	0.0180497 0.00101149 0.359803	
9.47	0.0180497 0.00101149 0.359803	
9.48	0.0180497 0.00101149 0.359803	
9.49	0.0180497 0.00101149 0.359803	
9.5	0.0180497 0.00101149 0.359803	
9.51	0.0180497 0.00101149 0.359803	
9.52	0.0180497 0.00101149 0.359803	
9.53	0.0180497 0.00101149 0.359803	
9.54	0.0180497 0.00101149 0.359803	
9.55	0.0180497 0.00101149 0.359803	
9.56	0.0180497 0.00101149 0.359803	
9.57	0.0180497 0.00101149 0.359803	
9.58	0.0180497 0.00101149 0.359803	
9.59	0.0180497 0.00101149 0.359803	
9.6	0.0180497 0.00101149 0.359803	
9.61	0.0180497 0.00101149 0.359803	
9.62	0.0180497 0.00101149 0.359803	
9.63	0.0180497 0.00101149 0.359803	
9.64	0.0180497 0.00101149 0.359803	
9.65	0.0180497 0.00101149 0.359803	
9.66	0.0180497 0.00101149 0.359803	
9.67	0.0180497 0.00101149 0.359803	
9.68	0.0180497 0.00101149 0.359803	
9.69	0.0180497 0.00101149 0.359803	
9.7	0.0180497 0.00101149 0.359803	
9.71	0.0180497 0.00101149 0.359803	
9.72	0.0180497 0.00101149 0.359803	
9.73	0.0180497 0.00101149 0.359803	
9.74	0.0180497 0.00101149 0.359803	
9.75	0.0180497 0.00101149 0.359803	
9.76	0.0180497 0.00101149 0.359803	
9.77	0.0180497 0.00101149 0.359803	
9.78	0.0180497 0.00101149 0.359803	
9.79	0.0180497 0.00101149 0.359803	
9.8	0.0180497 0.00101149 0.359803	
9.81	0.0180497 0.00101149 0.359803	
9.82	0.0180497 0.00101149 0.359803	
9.83	0.0180497 0.00101149 0.359803	
9.84	0.0180497 0.00101149 0.359803	
9.85	0.0180497 0.00101149 0.359803	
9.86	0.0180497 0.00101149 0.359803	
9.87	0.0180497 0.00101149 0.359803	
9.88	0.0180497 0.00101149 0.359803	
9.89	0.0180497 0.00101149 0.359803	
9.9	0.0180497 0.00101149 0.359803	
9.91	0.0180497 0.00101149 0.359803	
9.92	0.0180497 0.00101149 0.359803	
9.93	0.0180497 0.00101149 0.359803	
9.94	0.0180497 0.00101149 0.359803	
9.95	0.0180497 0.00101149 0.359803	
9.96	0.0180497 0.00101149 0.359803	
9.97	0.0180497 0.00101149 0.359803	
9.98	0.0180497 0.00101149 0.359803	
9.99	0.0180497 0.00101149 0.359803	
10	0.0180497 0.00101149 0.359803	
