0	0.02 0 0.3	
0.01	0.0200108 4.48593e-05 0.300211	
0.02	0.020018 8.22616e-05 0.300422	
0.03	0.0200224 0.000113943 0.300632	
0.04	0.0200247 0.000141143 0.300843	
0.05	0.0200252 0.000164767 0.301053	
0.06	0.0200243 0.000185496 0.301263	
0.07	0.0200222 0.000203848 0.301472	
0.08	0.0200193 0.000220225 0.301681	
0.09	0.0200155 0.000234946 0.30189	
0.1	0.020011 0.000248263 0.302099	
0.11	0.020006 0.000260383 0.302307	
0.12	0.0200005 0.000271477 0.302514	
0.13	0.0199946 0.000281674 0.302722	
0.14	0.0199884 0.000291093 0.302929	
0.15	0.0199819 0.000299832 0.303135	
0.16	0.0199751 0.000307971 0.303341	
0.17	0.0199681 0.000315579 0.303547	
0.18	0.0199608 0.000322716 0.303752	
0.19	0.0199535 0.000329432 0.303957	
0.2	0.0199459 0.000335771 0.304162	
0.21	0.0199383 0.000341772 0.304366	
0.22	0.0199305 0.000347468 0.304569	
0.23	0.0199227 0.000352887 0.304773	
0.24	0.0199147 0.000358056 0.304976	
0.25	0.0199067 0.000362997 0.305178	
0.26	0.0198986 0.000367731 0.30538	
0.27	0.0198905 0.000372274 0.305582	
0.28	0.0198823 0.000376644 0.305783	
0.29	0.0198741 0.000380853 0.305984	
0.3	0.0198658 0.000384916 0.306184	
0.31	0.0198576 0.000388843 0.306384	
0.32	0.0198493 0.000392645 0.306584	
0.33	0.0198409 0.000396331 0.306783	
0.34	0.0198326 0.00039991 0.306982	
0.35	0.0198242 0.000403388 0.307181	
0.36	0.0198159 0.000406774 0.307379	
0.37	0.0198075 0.000410073 0.307576	
0.38	0.0197992 0.000413291 0.307774	
0.39	0.0197908 0.000416434 0.307971	
0.4	0.0197824 0.000419506 0.308167	
0.41	0.019774 0.000422512 0.308363	
0.42	0.0197657 0.000425456 0.308559	
0.43	0.0197573 0.000428342 0.308755	
0.44	0.019749 0.000431172 0.30895	
0.45	0.0197406 0.000433951 0.309144	
0.46	0.0197323 0.000436681 0.309339	
0.47	0.019724 0.000439364 0.309532	
0.48	0.0197156 0.000442005 0.309726	
0.49	0.0197073 0.000444603 0.309919	
0.5	0.019699 0.000447163 0.310112	
0.51	0.0196908 0.000449686 0.310304	
0.52	0.0196825 0.000452173 0.310496	
0.53	0.0196742 0.000454627 0.310688	
0.54	0.019666 0.000457048 0.310879	
0.55	0.0196578 0.00045944 0.31107	
0.56	0.0196495 0.000461802 0.311261	
0.57	0.0196413 0.000464137 0.311451	
0.58	0.0196332 0.000466446 0.311641	
0.59	0.019625 0.000468729 0.311831	
0.6	0.0196168 0.000470988 0.31202	
0.61	0.0196087 0.000473223 0.312209	
0.62	0.0196006 0.000475437 0.312397	
0.63	0.0195925 0.000477629 0.312585	
0.64	0.0195844 0.0004798 0.312773	
0.65	0.0195763 0.000481952 0.312961	
0.66	0.0195682 0.000484085 0.313148	
0.67	0.0195602 0.0004862 0.313334	
0.68	0.0195522 0.000488297 0.313521	
0.69	0.0195442 0.000490377 0.313707	
0.7	0.0195362 0.00049244 0.313893	
0.71	0.0195282 0.000494488 0.314078	
0.72	0.0195202 0.00049652 0.314263	
0.73	0.0195123 0.000498537 0.314448	
0.74	0.0195043 0.00050054 0.314632	
0.75	0.0194964 0.000502529 0.314816	
0.76	0.0194885 0.000504505 0.315	
0.77	0.0194807 0.000506467 0.315184	
0.78	0.0194728 0.000508417 0.315367	
0.79	0.0194649 0.000510354 0.31555	
0.8	0.0194571 0.000512279 0.315732	
0.81	0.0194493 0.000514193 0.315914	
0.82	0.0194415 0.000516095 0.316096	
0.83	0.0194337 0.000517985 0.316278	
0.84	0.0194259 0.000519865 0.316459	
0.85	0.0194182 0.000521735 0.31664	
0.86	0.0194104 0.000523593 0.31682	
0.87	0.0194027 0.000525442 0.317001	
0.88	0.019395 0.000527281 0.31718	
0.89	0.0193873 0.00052911 0.31736	
0.9	0.0193796 0.00053093 0.317539	
0.91	0.0193719 0.00053274 0.317718	
0.92	0.0193643 0.000534542 0.317897	
0.93	0.0193567 0.000536334 0.318076	
0.94	0.019349 0.000538118 0.318254	
0.95	0.0193414 0.000539893 0.318432	
0.96	0.0193338 0.00054166 0.318609	
0.97	0.0193263 0.000543418 0.318786	
0.98	0.0193187 0.000545168 0.318963	
0.99	0.0193111 0.000546911 0.31914	
1	0.0193036 0.000548645 0.319316	
1.01	0.0192961 0.000550372 0.319492	
1.02	0.0192886 0.000552091 0.319668	
1.03	0.0192811 0.000553802 0.319843	
1.04	0.0192736 0.000555507 0.320018	
1.05	0.0192661 0.000557204 0.320193	
1.06	0.0192587 0.000558893 0.320368	
1.07	0.0192512 0.000560576 0.320542	
1.08	0.0192438 0.000562252 0.320716	
1.09	0.0192364 0.00056392 0.32089	
1.1	0.019229 0.000565582 0.321063	
1.11	0.0192216 0.000567238 0.321237	
1.12	0.0192142 0.000568886 0.321409	
1.13	0.0192068 0.000570528 0.321582	
1.14	0.0191995 0.000572164 0.321754	
1.15	0.0191921 0.000573793 0.321926	
1.16	0.0191848 0.000575416 0.322098	
1.17	0.0191775 0.000577033 0.32227	
1.18	0.0191702 0.000578643 0.322441	
1.19	0.0191629 0.000580247 0.322612	
1.2	0.0191556 0.000581845 0.322783	
1.21	0.0191484 0.000583438 0.322953	
1.22	0.0191411 0.000585024 0.323123	
1.23	0.0191339 0.000586604 0.323293	
1.24	0.0191266 0.000588179 0.323463	
1.25	0.0191194 0.000589747 0.323632	
1.26	0.0191122 0.00059131 0.323801	
1.27	0.019105 0.000592867 0.32397	
1.28	0.0190978 0.000594419 0.324138	
1.29	0.0190906 0.000595965 0.324307	
1.3	0.0190835 0.000597505 0.324475	
1.31	0.0190763 0.00059904 0.324642	
1.32	0.0190692 0.00060057 0.32481	
1.33	0.019062 0.000602094 0.324977	
1.34	0.0190549 0.000603612 0.325144	
1.35	0.0190478 0.000605125 0.325311	
1.36	0.0190407 0.000606633 0.325477	
1.37	0.0190336 0.000608136 0.325644	
1.38	0.0190265 0.000609633 0.32581	
1.39	0.0190194 0.000611125 0.325975	
1.4	0.0190124 0.000612612 0.326141	
1.41	0.0190053 0.000614094 0.326306	
1.42	0.0189983 0.000615571 0.326471	
1.43	0.0189912 0.000617043 0.326636	
1.44	0.0189842 0.000618509 0.3268	
1.45	0.0189772 0.000619971 0.326964	
1.46	0.0189702 0.000621428 0.327128	
1.47	0.0189632 0.000622879 0.327292	
1.48	0.0189562 0.000624326 0.327456	
1.49	0.0189493 0.000625768 0.327619	
1.5	0.0189423 0.000627205 0.327782	
1.51	0.0189354 0.000628637 0.327945	
1.52	0.0189284 0.000630064 0.328107	
1.53	0.0189215 0.000631487 0.32827	
1.54	0.0189145 0.000632905 0.328432	
1.55	0.0189076 0.000634318 0.328594	
1.56	0.0189007 0.000635726 0.328755	
1.57	0.0188938 0.000637129 0.328916	
1.58	0.0188869 0.000638528 0.329078	
1.59	0.01888 0.000639923 0.329238	
1.6	0.0188732 0.000641312 0.329399	
1.61	0.0188663 0.000642697 0.32956	
1.62	0.0188595 0.000644077 0.32972	
1.63	0.0188526 0.000645453 0.32988	
1.64	0.0188458 0.000646824 0.330039	
1.65	0.0188389 0.000648191 0.330199	
1.66	0.0188321 0.000649553 0.330358	
1.67	0.0188253 0.000650911 0.330517	
1.68	0.0188185 0.000652264 0.330676	
1.69	0.0188117 0.000653613 0.330835	
1.7	0.0188049 0.000654958 0.330993	
1.71	0.0187981 0.000656298 0.331151	
1.72	0.0187914 0.000657633 0.331309	
1.73	0.0187846 0.000658964 0.331467	
1.74	0.0187778 0.000660291 0.331624	
1.75	0.0187711 0.000661613 0.331782	
1.76	0.0187644 0.000662932 0.331939	
1.77	0.0187576 0.000664245 0.332096	
1.78	0.0187509 0.000665555 0.332252	
1.79	0.0187442 0.00066686 0.332409	
1.8	0.0187375 0.000668161 0.332565	
1.81	0.0187308 0.000669458 0.332721	
1.82	0.0187241 0.00067075 0.332877	
1.83	0.0187174 0.000672039 0.333032	
1.84	0.0187107 0.000673323 0.333187	
1.85	0.018704 0.000674603 0.333343	
1.86	0.0186974 0.000675878 0.333497	
1.87	0.0186907 0.00067715 0.333652	
1.88	0.0186841 0.000678417 0.333807	
1.89	0.0186774 0.000679681 0.333961	
1.9	0.0186708 0.00068094 0.334115	
1.91	0.0186642 0.000682195 0.334269	
1.92	0.0186575 0.000683446 0.334423	
1.93	0.0186509 0.000684693 0.334576	
1.94	0.0186443 0.000685936 0.334729	
1.95	0.0186377 0.000687175 0.334882	
1.96	0.0186311 0.00068841 0.335035	
1.97	0.0186245 0.000689641 0.335188	
1.98	0.0186179 0.000690867 0.33534	
1.99	0.0186114 0.00069209 0.335492	
2	0.0186048 0.000693309 0.335644	
2.01	0.0185982 0.000694524 0.335796	
2.02	0.0185917 0.000695735 0.335948	
2.03	0.0185851 0.000696942 0.336099	
2.04	0.0185786 0.000698145 0.336251	
2.05	0.0185721 0.000699344 0.336402	
2.06	0.0185655 0.00070054 0.336552	
2.07	0.018559 0.000701731 0.336703	
2.08	0.0185525 0.000702919 0.336853	
2.09	0.018546 0.000704102 0.337004	
2.1	0.0185395 0.000705282 0.337154	
2.11	0.018533 0.000706458 0.337304	
2.12	0.0185265 0.00070763 0.337453	
2.13	0.01852 0.000708799 0.337603	
2.14	0.0185135 0.000709963 0.337752	
2.15	0.0185071 0.000711124 0.337901	
2.16	0.0185006 0.000712281 0.33805	
2.17	0.0184942 0.000713434 0.338199	
2.18	0.0184877 0.000714584 0.338347	
2.19	0.0184812 0.000715729 0.338495	
2.2	0.0184748 0.000716871 0.338644	
2.21	0.0184684 0.00071801 0.338792	
2.22	0.0184619 0.000719144 0.338939	
2.23	0.0184555 0.000720275 0.339087	
2.24	0.0184491 0.000721402 0.339234	
2.25	0.0184427 0.000722526 0.339381	
2.26	0.0184363 0.000723646 0.339528	
2.27	0.0184299 0.000724762 0.339675	
2.28	0.0184235 0.000725875 0.339822	
2.29	0.0184171 0.000726983 0.339968	
2.3	0.0184107 0.000728089 0.340115	
2.31	0.0184043 0.00072919 0.340261	
2.32	0.018398 0.000730289 0.340407	
2.33	0.0183916 0.000731383 0.340552	
2.34	0.0183852 0.000732474 0.340698	
2.35	0.0183789 0.000733561 0.340843	
2.36	0.0183725 0.000734645 0.340989	
2.37	0.0183662 0.000735725 0.341134	
2.38	0.0183598 0.000736802 0.341278	
2.39	0.0183535 0.000737875 0.341423	
2.4	0.0183472 0.000738945 0.341567	
2.41	0.0183408 0.000740011 0.341712	
2.42	0.0183345 0.000741074 0.341856	
2.43	0.0183282 0.000742133 0.342	
2.44	0.0183219 0.000743188 0.342144	
2.45	0.0183156 0.000744241 0.342287	
2.46	0.0183093 0.000745289 0.342431	
2.47	0.018303 0.000746335 0.342574	
2.48	0.0182967 0.000747377 0.342717	
2.49	0.0182904 0.000748415 0.34286	
2.5	0.0182841 0.00074945 0.343003	
2.51	0.0182779 0.000750482 0.343145	
2.52	0.0182716 0.00075151 0.343288	
2.53	0.0182653 0.000752535 0.34343	
2.54	0.0182591 0.000753556 0.343572	
2.55	0.0182528 0.000754574 0.343714	
2.56	0.0182466 0.000755589 0.343856	
2.57	0.0182403 0.0007566 0.343997	
2.58	0.0182341 0.000757608 0.344139	
2.59	0.0182278 0.000758613 0.34428	
2.6	0.0182216 0.000759614 0.344421	
2.61	0.0182154 0.000760612 0.344562	
2.62	0.0182092 0.000761607 0.344702	
2.63	0.0182029 0.000762598 0.344843	
2.64	0.0181967 0.000763586 0.344983	
2.65	0.0181905 0.000764571 0.345124	
2.66	0.0181843 0.000765553 0.345264	
2.67	0.0181781 0.000766531 0.345404	
2.68	0.0181719 0.000767506 0.345543	
2.69	0.0181657 0.000768478 0.345683	
2.7	0.0181596 0.000769446 0.345822	
2.71	0.0181534 0.000770412 0.345962	
2.72	0.0181472 0.000771374 0.346101	
2.73	0.018141 0.000772333 0.34624	
2.74	0.0181349 0.000773288 0.346378	
2.75	0.0181287 0.000774241 0.346517	
2.76	0.0181225 0.00077519 0.346655	
2.77	0.0181164 0.000776136 0.346794	
2.78	0.0181102 0.000777079 0.346932	
2.79	0.0181041 0.000778019 0.34707	
2.8	0.0180979 0.000778956 0.347208	
2.81	0.0180918 0.000779889 0.347345	
2.82	0.0180857 0.00078082 0.347483	
2.83	0.0180795 0.000781747 0.34762	
2.84	0.0180734 0.000782671 0.347757	
2.85	0.0180673 0.000783592 0.347895	
2.86	0.0180612 0.00078451 0.348031	
2.87	0.0180551 0.000785425 0.348168	
2.88	0.018049 0.000786337 0.348305	
2.89	0.0180429 0.000787246 0.348441	
2.9	0.0180367 0.000788151 0.348577	
2.91	0.0180307 0.000789054 0.348714	
2.92	0.0180246 0.000789953 0.34885	
2.93	0.0180185 0.00079085 0.348985	
2.94	0.0180124 0.000791743 0.349121	
2.95	0.0180063 0.000792634 0.349257	
2.96	0.0180002 0.000793521 0.349392	
2.97	0.0179942 0.000794405 0.349527	
2.98	0.0179881 0.000795287 0.349662	
2.99	0.017982 0.000796165 0.349797	
3	0.017976 0.000797041 0.349932	
3.01	0.0179699 0.000797913 0.350067	
3.02	0.0179638 0.000798783 0.350201	
3.03	0.0179578 0.000799649 0.350335	
3.04	0.0179517 0.000800513 0.35047	
3.05	0.0179457 0.000801373 0.350604	
3.06	0.0179397 0.000802231 0.350738	
3.07	0.0179336 0.000803086 0.350871	
3.08	0.0179276 0.000803937 0.351005	
3.09	0.0179216 0.000804786 0.351138	
3.1	0.0179155 0.000805632 0.351272	
3.11	0.0179095 0.000806475 0.351405	
3.12	0.0179035 0.000807316 0.351538	
3.13	0.0178975 0.000808153 0.351671	
3.14	0.0178915 0.000808987 0.351804	
3.15	0.0178855 0.000809819 0.351936	
3.16	0.0178795 0.000810648 0.352069	
3.17	0.0178735 0.000811473 0.352201	
3.18	0.0178675 0.000812296 0.352333	
3.19	0.0178615 0.000813117 0.352465	
3.2	0.0178555 0.000813934 0.352597	
3.21	0.0178495 0.000814748 0.352729	
3.22	0.0178435 0.00081556 0.35286	
3.23	0.0178375 0.000816369 0.352992	
3.24	0.0178316 0.000817175 0.353123	
3.25	0.0178256 0.000817978 0.353255	
3.26	0.0178196 0.000818779 0.353386	
3.27	0.0178137 0.000819576 0.353517	
3.28	0.0178077 0.000820371 0.353647	
3.29	0.0178017 0.000821163 0.353778	
3.3	0.0177958 0.000821953 0.353908	
3.31	0.0177898 0.00082274 0.354039	
3.32	0.0177839 0.000823523 0.354169	
3.33	0.0177779 0.000824305 0.354299	
3.34	0.017772 0.000825083 0.354429	
3.35	0.0177661 0.000825859 0.354559	
3.36	0.0177601 0.000826632 0.354689	
3.37	0.0177542 0.000827402 0.354818	
3.38	0.0177483 0.000828169 0.354948	
3.39	0.0177423 0.000828934 0.355077	
3.4	0.0177364 0.000829696 0.355206	
3.41	0.0177305 0.000830456 0.355335	
3.42	0.0177246 0.000831213 0.355464	
3.43	0.0177187 0.000831967 0.355593	
3.44	0.0177128 0.000832718 0.355722	
3.45	0.0177068 0.000833467 0.35585	
3.46	0.0177009 0.000834213 0.355978	
3.47	0.017695 0.000834957 0.356107	
3.48	0.0176891 0.000835698 0.356235	
3.49	0.0176832 0.000836436 0.356363	
3.5	0.0176774 0.000837172 0.356491	
3.51	0.0176715 0.000837905 0.356618	
3.52	0.0176656 0.000838635 0.356746	
3.53	0.0176597 0.000839363 0.356873	
3.54	0.0176538 0.000840088 0.357001	
3.55	0.0176479 0.000840811 0.357128	
3.56	0.0176421 0.000841531 0.357255	
3.57	0.0176362 0.000842248 0.357382	
3.58	0.0176303 0.000842963 0.357509	
3.59	0.0176245 0.000843676 0.357636	
3.6	0.0176186 0.000844386 0.357762	
3.61	0.0176127 0.000845093 0.357889	
3.62	0.0176069 0.000845797 0.358015	
3.63	0.017601 0.0008465 0.358141	
3.64	0.0175952 0.000847199 0.358267	
3.65	0.0175893 0.000847896 0.358393	
3.66	0.0175835 0.000848591 0.358519	
3.67	0.0175776 0.000849283 0.358645	
3.68	0.0175718 0.000849973 0.35877	
3.69	0.017566 0.00085066 0.358896	
3.7	0.0175601 0.000851344 0.359021	
3.71	0.0175543 0.000852026 0.359146	
3.72	0.0175485 0.000852706 0.359271	
3.73	0.0175426 0.000853383 0.359396	
3.74	0.0175368 0.000854058 0.359521	
3.75	0.017531 0.00085473 0.359646	
3.76	0.0175252 0.0008554 0.35977	
3.77	0.0175194 0.000856067 0.359895	
3.78	0.0175135 0.000856732 0.360019	
3.79	0.0175077 0.000857395 0.360143	
3.8	0.0175019 0.000858055 0.360268	
3.81	0.0174961 0.000858712 0.360392	
3.82	0.0174903 0.000859367 0.360515	
3.83	0.0174845 0.00086002 0.360639	
3.84	0.0174787 0.000860671 0.360763	
3.85	0.0174729 0.000861318 0.360886	
3.86	0.0174671 0.000861964 0.36101	
3.87	0.0174613 0.000862607 0.361133	
3.88	0.0174556 0.000863248 0.361256	
3.89	0.0174498 0.000863886 0.361379	
3.9	0.017444 0.000864523 0.361502	
3.91	0.0174382 0.000865156 0.361625	
3.92	0.0174324 0.000865788 0.361748	
3.93	0.0174267 0.000866417 0.36187	
3.94	0.0174209 0.000867043 0.361993	
3.95	0.0174151 0.000867668 0.362115	
3.96	0.0174093 0.00086829 0.362237	
3.97	0.0174036 0.000868909 0.362359	
3.98	0.0173978 0.000869526 0.362481	
3.99	0.0173921 0.000870141 0.362603	
4	0.0173921 0.000870141 0.362603	
4.01	0.0173921 0.000870141 0.362603	
4.02	0.0173921 0.000870141 0.362603	
4.03	0.0173921 0.000870141 0.362603	
4.04	0.0173921 0.000870141 0.362603	
4.05	0.0173921 0.000870141 0.362603	
4.06	0.0173921 0.000870141 0.362603	
4.07	0.0173921 0.000870141 0.362603	
4.08	0.0173921 0.000870141 0.362603	
4.09	0.0173921 0.000870141 0.362603	
4.1	0.0173921 0.000870141 0.362603	
4.11	0.0173921 0.000870141 0.362603	
4.12	0.0173921 0.000870141 0.362603	
4.13	0.0173921 0.000870141 0.362603	
4.14	0.0173921 0.000870141 0.362603	
4.15	0.0173921 0.000870141 0.362603	
4.16	0.0173921 0.000870141 0.362603	
4.17	0.0173921 0.000870141 0.362603	
4.18	0.0173921 0.000870141 0.362603	
4.19	0.0173921 0.000870141 0.362603	
4.2	0.0173921 0.000870141 0.362603	
4.21	0.0173921 0.000870141 0.362603	
4.22	0.0173921 0.000870141 0.362603	
4.23	0.0173921 0.000870141 0.362603	
4.24	0.0173921 0.000870141 0.362603	
4.25	0.0173921 0.000870141 0.362603	
4.26	0.0173921 0.000870141 0.362603	
4.27	0.0173921 0.000870141 0.362603	
4.28	0.0173921 0.000870141 0.362603	
4.29	0.0173921 0.000870141 0.362603	
4.3	0.0173921 0.000870141 0.362603	
4.31	0.0173921 0.000870141 0.362603	
4.32	0.0173921 0.000870141 0.362603	
4.33	0.0173921 0.000870141 0.362603	
4.34	0.0173921 0.000870141 0.362603	
4.35	0.0173921 0.000870141 0.362603	
4.36	0.0173921 0.000870141 0.362603	
4.37	0.0173921 0.000870141 0.362603	
4.38	0.0173921 0.000870141 0.362603	
4.39	0.0173921 0.000870141 0.362603	
4.4	0.0173921 0.000870141 0.362603	
4.41	0.0173921 0.000870141 0.362603	
4.42	0.0173921 0.000870141 0.362603	
4.43	0.0173921 0.000870141 0.362603	
4.44	0.0173921 0.000870141 0.362603	
4.45	0.0173921 0.000870141 0.362603	
4.46	0.0173921 0.000870141 0.362603	
4.47	0.0173921 0.000870141 0.362603	
4.48	0.0173921 0.000870141 0.362603	
4.49	0.0173921 0.000870141 0.362603	
4.5	0.0173921 0.000870141 0.362603	
4.51	0.0173921 0.000870141 0.362603	
4.52	0.0173921 0.000870141 0.362603	
4.53	0.0173921 0.000870141 0.362603	
4.54	0.0173921 0.000870141 0.362603	
4.55	0.0173921 0.000870141 0.362603	
4.56	0.0173921 0.000870141 0.362603	
4.57	0.0173921 0.000870141 0.362603	
4.58	0.0173921 0.000870141 0.362603	
4.59	0.0173921 0.000870141 0.362603	
4.6	0.0173921 0.000870141 0.362603	
4.61	0.0173921 0.000870141 0.362603	
4.62	0.0173921 0.000870141 0.362603	
4.63	0.0173921 0.000870141 0.362603	
4.64	0.0173921 0.000870141 0.362603	
4.65	0.0173921 0.000870141 0.362603	
4.66	0.0173921 0.000870141 0.362603	
4.67	0.0173921 0.000870141 0.362603	
4.68	0.0173921 0.000870141 0.362603	
4.69	0.0173921 0.000870141 0.362603	
4.7	0.0173921 0.000870141 0.362603	
4.71	0.0173921 0.000870141 0.362603	
4.72	0.0173921 0.000870141 0.362603	
4.73	0.0173921 0.000870141 0.362603	
4.74	0.0173921 0.000870141 0.362603	
4.75	0.0173921 0.000870141 0.362603	
4.76	0.0173921 0.000870141 0.362603	
4.77	0.0173921 0.000870141 0.362603	
4.78	0.0173921 0.000870141 0.362603	
4.79	0.0173921 0.000870141 0.362603	
4.8	0.0173921 0.000870141 0.362603	
4.81	0.0173921 0.000870141 0.362603	
4.82	0.0173921 0.000870141 0.362603	
4.83	0.0173921 0.000870141 0.362603	
4.84	0.0173921 0.000870141 0.362603	
4.85	0.0173921 0.000870141 0.362603	
4.86	0.0173921 0.000870141 0.362603	
4.87	0.0173921 0.000870141 0.362603	
4.88	0.0173921 0.000870141 0.362603	
4.89	0.0173921 0.000870141 0.362603	
4.9	0.0173921 0.000870141 0.362603	
4.91	0.0173921 0.000870141 0.362603	
4.92	0.0173921 0.000870141 0.362603	
4.93	0.0173921 0.000870141 0.362603	
4.94	0.0173921 0.000870141 0.362603	
4.95	0.0173921 0.000870141 0.362603	
4.96	0.0173921 0.000870141 0.362603	
4.97	0.0173921 0.000870141 0.362603	
4.98	0.0173921 0.000870141 0.362603	
4.99	0.0173921 0.000870141 0.362603	
5	0.0173921 0.000870141 0.362603	
5.01	0.0173921 0.000870141 0.362603	
5.02	0.0173921 0.000870141 0.362603	
5.03	0.0173921 0.000870141 0.362603	
5.04	0.0173921 0.000870141 0.362603	
5.05	0.0173921 0.000870141 0.362603	
5.06	0.0173921 0.000870141 0.362603	
5.07	0.0173921 0.000870141 0.362603	
5.08	0.0173921 0.000870141 0.362603	
5.09	0.0173921 0.000870141 0.362603	
5.1	0.0173921 0.000870141 0.362603	
5.11	0.0173921 0.000870141 0.362603	
5.12	0.0173921 0.000870141 0.362603	
5.13	0.0173921 0.000870141 0.362603	
5.14	0.0173921 0.000870141 0.362603	
5.15	0.0173921 0.000870141 0.362603	
5.16	0.0173921 0.000870141 0.362603	
5.17	0.0173921 0.000870141 0.362603	
5.18	0.0173921 0.000870141 0.362603	
5.19	0.0173921 0.000870141 0.362603	
5.2	0.0173921 0.000870141 0.362603	
5.21	0.0173921 0.000870141 0.362603	
5.22	0.0173921 0.000870141 0.362603	
5.23	0.0173921 0.000870141 0.362603	
5.24	0.0173921 0.000870141 0.362603	
5.25	0.0173921 0.000870141 0.362603	
5.26	0.0173921 0.000870141 0.362603	
5.27	0.0173921 0.000870141 0.362603	
5.28	0.0173921 0.000870141 0.362603	
5.29	0.0173921 0.000870141 0.362603	
5.3	0.0173921 0.000870141 0.362603	
5.31	0.0173921 0.000870141 0.362603	
5.32	0.0173921 0.000870141 0.362603	
5.33	0.0173921 0.000870141 0.362603	
5.34	0.0173921 0.000870141 0.362603	
5.35	0.0173921 0.000870141 0.362603	
5.36	0.0173921 0.000870141 0.362603	
5.37	0.0173921 0.000870141 0.362603	
5.38	0.0173921 0.000870141 0.362603	
5.39	0.0173921 0.000870141 0.362603	
5.4	0.0173921 0.000870141 0.362603	
5.41	0.0173921 0.000870141 0.362603	
5.42	0.0173921 0.000870141 0.362603	
5.43	0.0173921 0.000870141 0.362603	
5.44	0.0173921 0.000870141 0.362603	
5.45	0.0173921 0.000870141 0.362603	
5.46	0.0173921 0.000870141 0.362603	
5.47	0.0173921 0.000870141 0.362603	
5.48	0.0173921 0.000870141 0.362603	
5.49	0.0173921 0.000870141 0.362603	
5.5	0.0173921 0.000870141 0.362603	
5.51	0.0173921 0.000870141 0.362603	
5.52	0.0173921 0.000870141 0.362603	
5.53	0.0173921 0.000870141 0.362603	
5.54	0.0173921 0.000870141 0.362603	
5.55	0.0173921 0.000870141 0.362603	
5.56	0.0173921 0.000870141 0.362603	
5.57	0.0173921 0.000870141 0.362603	
5.58	0.0173921 0.000870141 0.362603	
5.59	0.0173921 0.000870141 0.362603	
5.6	0.0173921 0.000870141 0.362603	
5.61	0.0173921 0.000870141 0.362603	
5.62	0.0173921 0.000870141 0.362603	
5.63	0.0173921 0.000870141 0.362603	
5.64	0.0173921 0.000870141 0.362603	
5.65	0.0173921 0.000870141 0.362603	
5.66	0.0173921 0.000870141 0.362603	
5.67	0.0173921 0.000870141 0.362603	
5.68	0.0173921 0.000870141 0.362603	
5.69	0.0173921 0.000870141 0.362603	
5.7	0.0173921 0.000870141 0.362603	
5.71	0.0173921 0.000870141 0.362603	
5.72	0.0173921 0.000870141 0.362603	
5.73	0.0173921 0.000870141 0.362603	
5.74	0.0173921 0.000870141 0.362603	
5.75	0.0173921 0.000870141 0.362603	
5.76	0.0173921 0.000870141 0.362603	
5.77	0.0173921 0.000870141 0.362603	
5.78	0.0173921 0.000870141 0.362603	
5.79	0.0173921 0.000870141 0.362603	
5.8	0.0173921 0.000870141 0.362603	
5.81	0.0173921 0.000870141 0.362603	
5.82	0.0173921 0.000870141 0.362603	
5.83	0.0173921 0.000870141 0.362603	
5.84	0.0173921 0.000870141 0.362603	
5.85	0.0173921 0.000870141 0.362603	
5.86	0.0173921 0.000870141 0.362603	
5.87	0.0173921 0.000870141 0.362603	
5.88	0.0173921 0.000870141 0.362603	
5.89	0.0173921 0.000870141 0.362603	
5.9	0.0173921 0.000870141 0.362603	
5.91	0.0173921 0.000870141 0.362603	
5.92	0.0173921 0.000870141 0.362603	
5.93	0.0173921 0.000870141 0.362603	
5.94	0.0173921 0.000870141 0.362603	
5.95	0.0173921 0.000870141 0.362603	
5.96	0.0173921 0.000870141 0.362603	
5.97	0.0173921 0.000870141 0.362603	
5.98	0.0173921 0.000870141 0.362603	
5.99	0.0173921 0.000870141 0.362603	
6	0.0173921 0.000870141 0.362603	
6.01	0.0173921 0.000870141 0.362603	
6.02	0.0173921 0.000870141 0.362603	
6.03	0.0173921 0.000870141 0.362603	
6.04	0.0173921 0.000870141 0.362603	
6.05	0.0173921 0.000870141 0.362603	
6.06	0.0173921 0.000870141 0.362603	
6.07	0.0173921 0.000870141 0.362603	
6.08	0.0173921 0.000870141 0.362603	
6.09	0.0173921 0.000870141 0.362603	
6.1	0.0173921 0.000870141 0.362603	
6.11	0.0173921 0.000870141 0.362603	
6.12	0.0173921 0.000870141 0.362603	
6.13	0.0173921 0.000870141 0.362603	
6.14	0.0173921 0.000870141 0.362603	
6.15	0.0173921 0.000870141 0.362603	
6.16	0.0173921 0.000870141 0.362603	
6.17	0.0173921 0.000870141 0.362603	
6.18	0.0173921 0.000870141 0.362603	
6.19	0.0173921 0.000870141 0.362603	
6.2	0.0173921 0.000870141 0.362603	
6.21	0.0173921 0.000870141 0.362603	
6.22	0.0173921 0.000870141 0.362603	
6.23	0.0173921 0.000870141 0.362603	
6.24	0.0173921 0.000870141 0.362603	
6.25	0.0173921 0.000870141 0.362603	
6.26	0.0173921 0.000870141 0.362603	
6.27	0.0173921 0.000870141 0.362603	
6.28	0.0173921 0.000870141 0.362603	
6.29	0.0173921 0.000870141 0.362603	
6.3	0.0173921 0.000870141 0.362603	
6.31	0.0173921 0.000870141 0.362603	
6.32	0.0173921 0.000870141 0.362603	
6.33	0.0173921 0.000870141 0.362603	
6.34	0.0173921 0.000870141 0.362603	
6.35	0.0173921 0.000870141 0.362603	
6.36	0.0173921 0.000870141 0.362603	
6.37	0.0173921 0.000870141 0.362603	
6.38	0.0173921 0.000870141 0.362603	
6.39	0.0173921 0.000870141 0.362603	
6.4	0.0173921 0.000870141 0.362603	
6.41	0.0173921 0.000870141 0.362603	
6.42	0.0173921 0.000870141 0.362603	
6.43	0.0173921 0.000870141 0.362603	
6.44	0.0173921 0.000870141 0.362603	
6.45	0.0173921 0.000870141 0.362603	
6.46	0.0173921 0.000870141 0.362603	
6.47	0.0173921 0.000870141 0.362603	
6.48	0.0173921 0.000870141 0.362603	
6.49	0.0173921 0.000870141 0.362603	
6.5	0.0173921 0.000870141 0.362603	
6.51	0.0173921 0.000870141 0.362603	
6.52	0.0173921 0.000870141 0.362603	
6.53	0.0173921 0.000870141 0.362603	
6.54	0.0173921 0.000870141 0.362603	
6.55	0.0173921 0.000870141 0.362603	
6.56	0.0173921 0.000870141 0.362603	
6.57	0.0173921 0.000870141 0.362603	
6.58	0.0173921 0.000870141 0.362603	
6.59	0.0173921 0.000870141 0.362603	
6.6	0.0173921 0.000870141 0.362603	
6.61	0.0173921 0.000870141 0.362603	
6.62	0.0173921 0.000870141 0.362603	
6.63	0.0173921 0.000870141 0.362603	
6.64	0.0173921 0.000870141 0.362603	
6.65	0.0173921 0.000870141 0.362603	
6.66	0.0173921 0.000870141 0.362603	
6.67	0.0173921 0.000870141 0.362603	
6.68	0.0173921 0.000870141 0.362603	
6.69	0.0173921 0.000870141 0.362603	
6.7	0.0173921 0.000870141 0.362603	
6.71	0.0173921 0.000870141 0.362603	
6.72	0.0173921 0.000870141 0.362603	
6.73	0.0173921 0.000870141 0.362603	
6.74	0.0173921 0.000870141 0.362603	
6.75	0.0173921 0.000870141 0.362603	
6.76	0.0173921 0.000870141 0.362603	
6.77	0.0173921 0.000870141 0.362603	
6.78	0.0173921 0.000870141 0.362603	
6.79	0.0173921 0.000870141 0.362603	
6.8	0.0173921 0.000870141 0.362603	
6.81	0.0173921 0.000870141 0.362603	
6.82	0.0173921 0.000870141 0.362603	
6.83	0.0173921 0.000870141 0.362603	
6.84	0.0173921 0.000870141 0.362603	
6.85	0.0173921 0.000870141 0.362603	
6.86	0.0173921 0.000870141 0.362603	
6.87	0.0173921 0.000870141 0.362603	
6.88	0.0173921 0.000870141 0.362603	
6.89	0.0173921 0.000870141 0.362603	
6.9	0.0173921 0.000870141 0.362603	
6.91	0.0173921 0.000870141 0.362603	
6.92	0.0173921 0.000870141 0.362603	
6.93	0.0173921 0.000870141 0.362603	
6.94	0.0173921 0.000870141 0.362603	
6.95	0.0173921 0.000870141 0.362603	
6.96	0.0173921 0.000870141 0.362603	
6.97	0.0173921 0.000870141 0.362603	
6.98	0.0173921 0.000870141 0.362603	
6.99	0.0173921 0.000870141 0.362603	
7	0.0173921 0.000870141 0.362603	
7.01	0.0173921 0.000870141 0.362603	
7.02	0.0173921 0.000870141 0.362603	
7.03	0.0173921 0.000870141 0.362603	
7.04	0.0173921 0.000870141 0.362603	
7.05	0.0173921 0.000870141 0.362603	
7.06	0.0173921 0.000870141 0.362603	
7.07	0.0173921 0.000870141 0.362603	
7.08	0.0173921 0.000870141 0.362603	
7.09	0.0173921 0.000870141 0.362603	
7.1	0.0173921 0.000870141 0.362603	
7.11	0.0173921 0.000870141 0.362603	
7.12	0.0173921 0.000870141 0.362603	
7.13	0.0173921 0.000870141 0.362603	
7.14	0.0173921 0.000870141 0.362603	
7.15	0.0173921 0.000870141 0.362603	
7.16	0.0173921 0.000870141 0.362603	
7.17	0.0173921 0.000870141 0.362603	
7.18	0.0173921 0.000870141 0.362603	
7.19	0.0173921 0.000870141 0.362603	
7.2	0.0173921 0.000870141 0.362603	
7.21	0.0173921 0.000870141 0.362603	
7.22	0.0173921 0.000870141 0.362603	
7.23	0.0173921 0.000870141 0.362603	
7.24	0.0173921 0.000870141 0.362603	
7.25	0.0173921 0.000870141 0.362603	
7.26	0.0173921 0.000870141 0.362603	
7.27	0.0173921 0.000870141 0.362603	
7.28	0.0173921 0.000870141 0.362603	
7.29	0.0173921 0.000870141 0.362603	
7.3	0.0173921 0.000870141 0.362603	
7.31	0.0173921 0.000870141 0.362603	
7.32	0.0173921 0.000870141 0.362603	
7.33	0.0173921 0.000870141 0.362603	
7.34	0.0173921 0.000870141 0.362603	
7.35	0.0173921 0.000870141 0.362603	
7.36	0.0173921 0.000870141 0.362603	
7.37	0.0173921 0.000870141 0.362603	
7.38	0.0173921 0.000870141 0.362603	
7.39	0.0173921 0.000870141 0.362603	
7.4	0.0173921 0.000870141 0.362603	
7.41	0.0173921 0.000870141 0.362603	
7.42	0.0173921 0.000870141 0.362603	
7.43	0.0173921 0.000870141 0.362603	
7.44	0.0173921 0.000870141 0.362603	
7.45	0.0173921 0.000870141 0.362603	
7.46	0.0173921 0.000870141 0.362603	
7.47	0.0173921 0.000870141 0.362603	
7.48	0.0173921 0.000870141 0.362603	
7.49	0.0173921 0.000870141 0.362603	
7.5	0.0173921 0.000870141 0.362603	
7.51	0.0173921 0.000870141 0.362603	
7.52	0.0173921 0.000870141 0.362603	
7.53	0.0173921 0.000870141 0.362603	
7.54	0.0173921 0.000870141 0.362603	
7.55	0.0173921 0.000870141 0.362603	
7.56	0.0173921 0.000870141 0.362603	
7.57	0.0173921 0.000870141 0.362603	
7.58	0.0173921 0.000870141 0.362603	
7.59	0.0173921 0.000870141 0.362603	
7.6	0.0173921 0.000870141 0.362603	
7.61	0.0173921 0.000870141 0.362603	
7.62	0.0173921 0.000870141 0.362603	
7.63	0.0173921 0.000870141 0.362603	
7.64	0.0173921 0.000870141 0.362603	
7.65	0.0173921 0.000870141 0.362603	
7.66	0.0173921 0.000870141 0.362603	
7.67	0.0173921 0.000870141 0.362603	
7.68	0.0173921 0.000870141 0.362603	
7.69	0.0173921 0.000870141 0.362603	
7.7	0.0173921 0.000870141 0.362603	
7.71	0.0173921 0.000870141 0.362603	
7.72	0.0173921 0.000870141 0.362603	
7.73	0.0173921 0.000870141 0.362603	
7.74	0.0173921 0.000870141 0.362603	
7.75	0.0173921 0.000870141 0.362603	
7.76	0.0173921 0.000870141 0.362603	
7.77	0.0173921 0.000870141 0.362603	
7.78	0.0173921 0.000870141 0.362603	
7.79	0.0173921 0.000870141 0.362603	
7.8	0.0173921 0.000870141 0.362603	
7.81	0.0173921 0.000870141 0.362603	
7.82	0.0173921 0.000870141 0.362603	
7.83	0.0173921 0.000870141 0.362603	
7.84	0.0173921 0.000870141 0.362603	
7.85	0.0173921 0.000870141 0.362603	
7.86	0.0173921 0.000870141 0.362603	
7.87	0.0173921 0.000870141 0.362603	
7.88	0.0173921 0.000870141 0.362603	
7.89	0.0173921 0.000870141 0.362603	
7.9	0.0173921 0.000870141 0.362603	
7.91	0.0173921 0.000870141 0.362603	
7.92	0.0173921 0.000870141 0.362603	
7.93	0.0173921 0.000870141 0.362603	
7.94	0.0173921 0.000870141 0.362603	
7.95	0.0173921 0.000870141 0.362603	
7.96	0.0173921 0.000870141 0.362603	
7.97	0.0173921 0.000870141 0.362603	
7.98	0.0173921 0.000870141 0.362603	
7.99	0.0173921 0.000870141 0.362603	
8	0.0173921 0.000870141 0.362603	
8.01	0.0173921 0.000870141 0.362603	
8.02	0.0173921 0.000870141 0.362603	
8.03	0.0173921 0.000870141 0.362603	
8.04	0.0173921 0.000870141 0.362603	
8.05	0.0173921 0.000870141 0.362603	
8.06	0.0173921 0.000870141 0.362603	
8.07	0.0173921 0.000870141 0.362603	
8.08	0.0173921 0.000870141 0.362603	
8.09	0.0173921 0.000870141 0.362603	
8.1	0.0173921 0.000870141 0.362603	
8.11	0.0173921 0.000870141 0.362603	
8.12	0.0173921 0.000870141 0.362603	
8.13	0.0173921 0.000870141 0.362603	
8.14	0.0173921 0.000870141 0.362603	
8.15	0.0173921 0.000870141 0.362603	
8.16	0.0173921 0.000870141 0.362603	
8.17	0.0173921 0.000870141 0.362603	
8.18	0.0173921 0.000870141 0.362603	
8.19	0.0173921 0.000870141 0.362603	
8.2	0.0173921 0.000870141 0.362603	
8.21	0.0173921 0.000870141 0.362603	
8.22	0.0173921 0.000870141 0.362603	
8.23	0.0173921 0.000870141 0.362603	
8.24	0.0173921 0.000870141 0.362603	
8.25	0.0173921 0.000870141 0.362603	
8.26	0.0173921 0.000870141 0.362603	
8.27	0.0173921 0.000870141 0.362603	
8.28	0.0173921 0.000870141 0.362603	
8.29	0.0173921 0.000870141 0.362603	
8.3	0.0173921 0.000870141 0.362603	
8.31	0.0173921 0.000870141 0.362603	
8.32	0.0173921 0.000870141 0.362603	
8.33	0.0173921 0.000870141 0.362603	
8.34	0.0173921 0.000870141 0.362603	
8.35	0.0173921 0.000870141 0.362603	
8.36	0.0173921 0.000870141 0.362603	
8.37	0.0173921 0.000870141 0.362603	
8.38	0.0173921 0.000870141 0.362603	
8.39	0.0173921 0.000870141 0.362603	
8.4	0.0173921 0.000870141 0.362603	
8.41	0.0173921 0.000870141 0.362603	
8.42	0.0173921 0.000870141 0.362603	
8.43	0.0173921 0.000870141 0.362603	
8.44	0.0173921 0.000870141 0.362603	
8.45	0.0173921 0.000870141 0.362603	
8.46	0.0173921 0.000870141 0.362603	
8.47	0.0173921 0.000870141 0.362603	
8.48	0.0173921 0.000870141 0.362603	
8.49	0.0173921 0.000870141 0.362603	
8.5	0.0173921 0.000870141 0.362603	
8.51	0.0173921 0.000870141 0.362603	
8.52	0.0173921 0.000870141 0.362603	
8.53	0.0173921 0.000870141 0.362603	
8.54	0.0173921 0.000870141 0.362603	
8.55	0.0173921 0.000870141 0.362603	
8.56	0.0173921 0.000870141 0.362603	
8.57	0.0173921 0.000870141 0.362603	
8.58	0.0173921 0.000870141 0.362603	
8.59	0.0173921 0.000870141 0.362603	
8.6	0.0173921 0.000870141 0.362603	
8.61	0.0173921 0.000870141 0.362603	
8.62	0.0173921 0.000870141 0.362603	
8.63	0.0173921 0.000870141 0.362603	
8.64	0.0173921 0.000870141 0.362603	
8.65	0.0173921 0.000870141 0.362603	
8.66	0.0173921 0.000870141 0.362603	
8.67	0.0173921 0.000870141 0.362603	
8.68	0.0173921 0.000870141 0.362603	
8.69	0.0173921 0.000870141 0.362603	
8.7	0.0173921 0.000870141 0.362603	
8.71	0.0173921 0.000870141 0.362603	
8.72	0.0173921 0.000870141 0.362603	
8.73	0.0173921 0.000870141 0.362603	
8.74	0.0173921 0.000870141 0.362603	
8.75	0.0173921 0.000870141 0.362603	
8.76	0.0173921 0.000870141 0.362603	
8.77	0.0173921 0.000870141 0.362603	
8.78	0.0173921 0.000870141 0.362603	
8.79	0.0173921 0.000870141 0.362603	
8.8	0.0173921 0.000870141 0.362603	
8.81	0.0173921 0.000870141 0.362603	
8.82	0.0173921 0.000870141 0.362603	
8.83	0.0173921 0.000870141 0.362603	
8.84	0.0173921 0.000870141 0.362603	
8.85	0.0173921 0.000870141 0.362603	
8.86	0.0173921 0.000870141 0.362603	
8.87	0.0173921 0.000870141 0.362603	
8.88	0.0173921 0.000870141 0.362603	
8.89	0.0173921 0.000870141 0.362603	
8.9	0.0173921 0.000870141 0.362603	
8.91	0.0173921 0.000870141 0.362603	
8.92	0.0173921 0.000870141 0.362603	
8.93	0.0173921 0.000870141 0.362603	
8.94	0.0173921 0.000870141 0.362603	
8.95	0.0173921 0.000870141 0.362603	
8.96	0.0173921 0.000870141 0.362603	
8.97	0.0173921 0.000870141 0.362603	
8.98	0.0173921 0.000870141 0.362603	
8.99	0.0173921 0.000870141 0.362603	
9	0.0173921 0.000870141 0.362603	
9.01	0.0173921 0.000870141 0.362603	
9.02	0.0173921 0.000870141 0.362603	
9.03	0.0173921 0.000870141 0.362603	
9.04	0.0173921 0.000870141 0.362603	
9.05	0.0173921 0.000870141 0.362603	
9.06	0.0173921 0.000870141 0.362603	
9.07	0.0173921 0.000870141 0.362603	
9.08	0.0173921 0.000870141 0.362603	
9.09	0.0173921 0.000870141 0.362603	
9.1	0.0173921 0.000870141 0.362603	
9.11	0.0173921 0.000870141 0.362603	
9.12	0.0173921 0.000870141 0.362603	
9.13	0.0173921 0.000870141 0.362603	
9.14	0.0173921 0.000870141 0.362603	
9.15	0.0173921 0.000870141 0.362603	
9.16	0.0173921 0.000870141 0.362603	
9.17	0.0173921 0.000870141 0.362603	
9.18	0.0173921 0.000870141 0.362603	
9.19	0.0173921 0.000870141 0.362603	
9.2	0.0173921 0.000870141 0.362603	
9.21	0.0173921 0.000870141 0.362603	
9.22	0.0173921 0.000870141 0.362603	
9.23	0.0173921 0.000870141 0.362603	
9.24	0.0173921 0.000870141 0.362603	
9.25	0.0173921 0.000870141 0.362603	
9.26	0.0173921 0.000870141 0.362603	
9.27	0.0173921 0.000870141 0.362603	
9.28	0.0173921 0.000870141 0.362603	
9.29	0.0173921 0.000870141 0.362603	
9.3	0.0173921 0.000870141 0.362603	
9.31	0.0173921 0.000870141 0.362603	
9.32	0.0173921 0.000870141 0.362603	
9.33	0.0173921 0.000870141 0.362603	
9.34	0.0173921 0.000870141 0.362603	
9.35	0.0173921 0.000870141 0.362603	
9.36	0.0173921 0.000870141 0.362603	
9.37	0.0173921 0.000870141 0.362603	
9.38	0.0173921 0.000870141 0.362603	
9.39	0.0173921 0.000870141 0.362603	
9.4	0.0173921 0.000870141 0.362603	
9.41	0.0173921 0.000870141 0.362603	
9.42	0.0173921 0.000870141 0.362603	
9.43	0.0173921 0.000870141 0.362603	
9.44	0.0173921 0.000870141 0.362603	
9.45	0.0173921 0.000870141 0.362603	
9.46	0.0173921 0.000870141 0.362603	
9.47	0.0173921 0.000870141 0.362603	
9.48	0.0173921 0.000870141 0.362603	
9.49	0.0173921 0.000870141 0.362603	
9.5	0.0173921 0.000870141 0.362603	
9.51	0.0173921 0.000870141 0.362603	
9.52	0.0173921 0.000870141 0.362603	
9.53	0.0173921 0.000870141 0.362603	
9.54	0.0173921 0.000870141 0.362603	
9.55	0.0173921 0.000870141 0.362603	
9.56	0.0173921 0.000870141 0.362603	
9.57	0.0173921 0.000870141 0.362603	
9.58	0.0173921 0.000870141 0.362603	
9.59	0.0173921 0.000870141 0.362603	
9.6	0.0173921 0.000870141 0.362603	
9.61	0.0173921 0.000870141 0.362603	
9.62	0.0173921 0.000870141 0.362603	
9.63	0.0173921 0.000870141 0.362603	
9.64	0.0173921 0.000870141 0.362603	
9.65	0.0173921 0.000870141 0.362603	
9.66	0.0173921 0.000870141 0.362603	
9.67	0.0173921 0.000870141 0.362603	
9.68	0.0173921 0.000870141 0.362603	
9.69	0.0173921 0.000870141 0.362603	
9.7	0.0173921 0.000870141 0.362603	
9.71	0.0173921 0.000870141 0.362603	
9.72	0.0173921 0.000870141 0.362603	
9.73	0.0173921 0.000870141 0.362603	
9.74	0.0173921 0.000870141 0.362603	
9.75	0.0173921 0.000870141 0.362603	
9.76	0.0173921 0.000870141 0.362603	
9.77	0.0173921 0.000870141 0.362603	
9.78	0.0173921 0.000870141 0.362603	
9.79	0.0173921 0.000870141 0.362603	
9.8	0.0173921 0.000870141 0.362603	
9.81	0.0173921 0.000870141 0.362603	
9.82	0.0173921 0.000870141 0.362603	
9.83	0.0173921 0.000870141 0.362603	
9.84	0.0173921 0.000870141 0.362603	
9.85	0.0173921 0.000870141 0.362603	
9.86	0.0173921 0.000870141 0.362603	
9.87	0.0173921 0.000870141 0.362603	
9.88	0.0173921 0.000870141 0.362603	
9.89	0.0173921 0.000870141 0.362603	
9.9	0.0173921 0.000870141 0.362603	
9.91	0.0173921 0.000870141 0.362603	
9.92	0.0173921 0.000870141 0.362603	
9.93	0.0173921 0.000870141 0.362603	
9.94	0.0173921 0.000870141 0.362603	
9.95	0.0173921 0.000870141 0.362603	
9.96	0.0173921 0.000870141 0.362603	
9.97	0.0173921 0.000870141 0.362603	
9.98	0.0173921 0.000870141 0.362603	
9.99	0.0173921 0.000870141 0.362603	
10	0.0173921 0.000870141 0.362603	
