0	0.02 0 0.3	
0.01	0.0201283 0.000127124 0.300221	
0.02	0.0202073 0.000205382 0.300446	
0.03	0.0202604 0.000258078 0.300672	
0.04	0.0202983 0.000295756 0.3009	
0.05	0.0203265 0.000323876 0.301128	
0.06	0.0203481 0.000345553 0.301356	
0.07	0.0203651 0.000362688 0.301584	
0.08	0.0203787 0.000376508 0.301812	
0.09	0.0203898 0.000387839 0.302039	
0.1	0.0203989 0.000397256 0.302266	
0.11	0.0204066 0.000405175 0.302493	
0.12	0.020413 0.0004119 0.302719	
0.13	0.0204184 0.000417659 0.302945	
0.14	0.020423 0.000422629 0.30317	
0.15	0.0204269 0.000426945 0.303395	
0.16	0.0204303 0.000430716 0.303619	
0.17	0.0204333 0.000434027 0.303843	
0.18	0.0204358 0.000436947 0.304067	
0.19	0.020438 0.000439534 0.30429	
0.2	0.0204399 0.000441834 0.304512	
0.21	0.0204415 0.000443885 0.304734	
0.22	0.0204429 0.00044572 0.304955	
0.23	0.0204442 0.000447366 0.305176	
0.24	0.0204452 0.000448847 0.305397	
0.25	0.0204461 0.00045018 0.305617	
0.26	0.0204469 0.000451385 0.305836	
0.27	0.0204476 0.000452474 0.306055	
0.28	0.0204481 0.000453461 0.306274	
0.29	0.0204486 0.000454356 0.306492	
0.3	0.020449 0.00045517 0.306709	
0.31	0.0204493 0.000455909 0.306926	
0.32	0.0204495 0.000456582 0.307143	
0.33	0.0204497 0.000457194 0.307359	
0.34	0.0204498 0.000457752 0.307574	
0.35	0.0204499 0.000458261 0.307789	
0.36	0.0204499 0.000458725 0.308004	
0.37	0.0204499 0.000459148 0.308218	
0.38	0.0204499 0.000459533 0.308432	
0.39	0.0204498 0.000459884 0.308645	
0.4	0.0204497 0.000460204 0.308857	
0.41	0.0204496 0.000460495 0.30907	
0.42	0.0204494 0.00046076 0.309281	
0.43	0.0204492 0.000461 0.309493	
0.44	0.020449 0.000461218 0.309704	
0.45	0.0204487 0.000461415 0.309914	
0.46	0.0204485 0.000461594 0.310124	
0.47	0.0204482 0.000461754 0.310334	
0.48	0.0204479 0.000461898 0.310543	
0.49	0.0204476 0.000462028 0.310751	
0.5	0.0204473 0.000462142 0.31096	
0.51	0.020447 0.000462244 0.311167	
0.52	0.0204467 0.000462334 0.311375	
0.53	0.0204463 0.000462413 0.311581	
0.54	0.020446 0.00046248 0.311788	
0.55	0.0204456 0.000462538 0.311994	
0.56	0.0204452 0.000462587 0.3122	
0.57	0.0204448 0.000462628 0.312405	
0.58	0.0204444 0.00046266 0.312609	
0.59	0.020444 0.000462685 0.312814	
0.6	0.0204436 0.000462702 0.313018	
0.61	0.0204432 0.000462714 0.313221	
0.62	0.0204428 0.000462719 0.313424	
0.63	0.0204424 0.000462718 0.313627	
0.64	0.020442 0.000462712 0.313829	
0.65	0.0204415 0.0004627 0.314031	
0.66	0.0204411 0.000462684 0.314233	
0.67	0.0204407 0.000462664 0.314434	
0.68	0.0204402 0.000462639 0.314634	
0.69	0.0204398 0.00046261 0.314834	
0.7	0.0204393 0.000462578 0.315034	
0.71	0.0204389 0.000462542 0.315234	
0.72	0.0204384 0.000462502 0.315433	
0.73	0.020438 0.00046246 0.315632	
0.74	0.0204375 0.000462414 0.31583	
0.75	0.020437 0.000462366 0.316028	
0.76	0.0204366 0.000462315 0.316225	
0.77	0.0204361 0.000462262 0.316422	
0.78	0.0204356 0.000462206 0.316619	
0.79	0.0204352 0.000462148 0.316816	
0.8	0.0204347 0.000462089 0.317012	
0.81	0.0204342 0.000462027 0.317207	
0.82	0.0204338 0.000461963 0.317403	
0.83	0.0204333 0.000461897 0.317597	
0.84	0.0204328 0.00046183 0.317792	
0.85	0.0204323 0.000461761 0.317986	
0.86	0.0204319 0.000461691 0.31818	
0.87	0.0204314 0.000461619 0.318373	
0.88	0.0204309 0.000461546 0.318566	
0.89	0.0204304 0.000461472 0.318759	
0.9	0.02043 0.000461397 0.318952	
0.91	0.0204295 0.00046132 0.319144	
0.92	0.020429 0.000461243 0.319335	
0.93	0.0204285 0.000461164 0.319527	
0.94	0.0204281 0.000461085 0.319718	
0.95	0.0204276 0.000461004 0.319908	
0.96	0.0204271 0.000460923 0.320098	
0.97	0.0204266 0.000460841 0.320288	
0.98	0.0204261 0.000460758 0.320478	
0.99	0.0204257 0.000460674 0.320667	
1	0.0204252 0.00046059 0.320856	
1.01	0.0204247 0.000460505 0.321045	
1.02	0.0204242 0.00046042 0.321233	
1.03	0.0204237 0.000460334 0.321421	
1.04	0.0204233 0.000460248 0.321608	
1.05	0.0204228 0.000460161 0.321796	
1.06	0.0204223 0.000460073 0.321982	
1.07	0.0204218 0.000459985 0.322169	
1.08	0.0204213 0.000459897 0.322355	
1.09	0.0204209 0.000459808 0.322541	
1.1	0.0204204 0.000459719 0.322727	
1.11	0.0204199 0.00045963 0.322912	
1.12	0.0204194 0.00045954 0.323097	
1.13	0.020419 0.00045945 0.323282	
1.14	0.0204185 0.00045936 0.323466	
1.15	0.020418 0.000459269 0.32365	
1.16	0.0204175 0.000459178 0.323834	
1.17	0.0204171 0.000459087 0.324017	
1.18	0.0204166 0.000458996 0.3242	
1.19	0.0204161 0.000458905 0.324383	
1.2	0.0204156 0.000458813 0.324565	
1.21	0.0204152 0.000458721 0.324748	
1.22	0.0204147 0.000458629 0.324929	
1.23	0.0204142 0.000458537 0.325111	
1.24	0.0204137 0.000458445 0.325292	
1.25	0.0204133 0.000458353 0.325473	
1.26	0.0204128 0.000458261 0.325654	
1.27	0.0204123 0.000458168 0.325834	
1.28	0.0204119 0.000458076 0.326014	
1.29	0.0204114 0.000457983 0.326194	
1.3	0.0204109 0.000457891 0.326373	
1.31	0.0204105 0.000457798 0.326553	
1.32	0.02041 0.000457705 0.326731	
1.33	0.0204095 0.000457613 0.32691	
1.34	0.0204091 0.00045752 0.327088	
1.35	0.0204086 0.000457427 0.327266	
1.36	0.0204081 0.000457334 0.327444	
1.37	0.0204077 0.000457242 0.327622	
1.38	0.0204072 0.000457149 0.327799	
1.39	0.0204067 0.000457056 0.327976	
1.4	0.0204063 0.000456964 0.328152	
1.41	0.0204058 0.000456871 0.328328	
1.42	0.0204054 0.000456778 0.328504	
1.43	0.0204049 0.000456686 0.32868	
1.44	0.0204044 0.000456593 0.328856	
1.45	0.020404 0.000456501 0.329031	
1.46	0.0204035 0.000456408 0.329206	
1.47	0.0204031 0.000456316 0.32938	
1.48	0.0204026 0.000456223 0.329555	
1.49	0.0204022 0.000456131 0.329729	
1.5	0.0204017 0.000456039 0.329903	
1.51	0.0204013 0.000455947 0.330076	
1.52	0.0204008 0.000455855 0.33025	
1.53	0.0204003 0.000455763 0.330423	
1.54	0.0203999 0.000455671 0.330596	
1.55	0.0203994 0.000455579 0.330768	
1.56	0.020399 0.000455488 0.33094	
1.57	0.0203985 0.000455396 0.331112	
1.58	0.0203981 0.000455305 0.331284	
1.59	0.0203976 0.000455213 0.331455	
1.6	0.0203972 0.000455122 0.331627	
1.61	0.0203967 0.000455031 0.331798	
1.62	0.0203963 0.00045494 0.331968	
1.63	0.0203959 0.000454849 0.332139	
1.64	0.0203954 0.000454758 0.332309	
1.65	0.020395 0.000454667 0.332479	
1.66	0.0203945 0.000454577 0.332649	
1.67	0.0203941 0.000454486 0.332818	
1.68	0.0203936 0.000454396 0.332987	
1.69	0.0203932 0.000454305 0.333156	
1.7	0.0203928 0.000454215 0.333325	
1.71	0.0203923 0.000454125 0.333493	
1.72	0.0203919 0.000454036 0.333661	
1.73	0.0203914 0.000453946 0.333829	
1.74	0.020391 0.000453856 0.333997	
1.75	0.0203906 0.000453767 0.334165	
1.76	0.0203901 0.000453677 0.334332	
1.77	0.0203897 0.000453588 0.334499	
1.78	0.0203892 0.000453499 0.334666	
1.79	0.0203888 0.00045341 0.334832	
1.8	0.0203884 0.000453321 0.334998	
1.81	0.0203879 0.000453233 0.335164	
1.82	0.0203875 0.000453144 0.33533	
1.83	0.0203871 0.000453056 0.335496	
1.84	0.0203866 0.000452968 0.335661	
1.85	0.0203862 0.000452879 0.335826	
1.86	0.0203858 0.000452791 0.335991	
1.87	0.0203854 0.000452704 0.336155	
1.88	0.0203849 0.000452616 0.33632	
1.89	0.0203845 0.000452528 0.336484	
1.9	0.0203841 0.000452441 0.336648	
1.91	0.0203836 0.000452354 0.336812	
1.92	0.0203832 0.000452267 0.336975	
1.93	0.0203828 0.00045218 0.337138	
1.94	0.0203824 0.000452093 0.337301	
1.95	0.0203819 0.000452006 0.337464	
1.96	0.0203815 0.00045192 0.337627	
1.97	0.0203811 0.000451833 0.337789	
1.98	0.0203807 0.000451747 0.337951	
1.99	0.0203803 0.000451661 0.338113	
2	0.0203798 0.000451575 0.338275	
2.01	0.0203794 0.00045149 0.338436	
2.02	0.020379 0.000451404 0.338598	
2.03	0.0203786 0.000451318 0.338759	
2.04	0.0203782 0.000451233 0.338919	
2.05	0.0203777 0.000451148 0.33908	
2.06	0.0203773 0.000451063 0.33924	
2.07	0.0203769 0.000450978 0.3394	
2.08	0.0203765 0.000450893 0.33956	
2.09	0.0203761 0.000450809 0.33972	
2.1	0.0203757 0.000450724 0.33988	
2.11	0.0203753 0.00045064 0.340039	
2.12	0.0203748 0.000450556 0.340198	
2.13	0.0203744 0.000450472 0.340357	
2.14	0.020374 0.000450388 0.340516	
2.15	0.0203736 0.000450305 0.340674	
2.16	0.0203732 0.000450221 0.340832	
2.17	0.0203728 0.000450138 0.34099	
2.18	0.0203724 0.000450055 0.341148	
2.19	0.020372 0.000449971 0.341306	
2.2	0.0203716 0.000449889 0.341463	
2.21	0.0203712 0.000449806 0.341621	
2.22	0.0203708 0.000449723 0.341778	
2.23	0.0203704 0.000449641 0.341934	
2.24	0.02037 0.000449558 0.342091	
2.25	0.0203695 0.000449476 0.342247	
2.26	0.0203691 0.000449394 0.342404	
2.27	0.0203687 0.000449312 0.34256	
2.28	0.0203683 0.000449231 0.342715	
2.29	0.0203679 0.000449149 0.342871	
2.3	0.0203675 0.000449068 0.343027	
2.31	0.0203671 0.000448986 0.343182	
2.32	0.0203667 0.000448905 0.343337	
2.33	0.0203663 0.000448824 0.343492	
2.34	0.0203659 0.000448744 0.343646	
2.35	0.0203655 0.000448663 0.343801	
2.36	0.0203651 0.000448582 0.343955	
2.37	0.0203648 0.000448502 0.344109	
2.38	0.0203644 0.000448422 0.344263	
2.39	0.020364 0.000448342 0.344416	
2.4	0.0203636 0.000448262 0.34457	
2.41	0.0203632 0.000448182 0.344723	
2.42	0.0203628 0.000448102 0.344876	
2.43	0.0203624 0.000448023 0.345029	
2.44	0.020362 0.000447943 0.345182	
2.45	0.0203616 0.000447864 0.345334	
2.46	0.0203612 0.000447785 0.345487	
2.47	0.0203608 0.000447706 0.345639	
2.48	0.0203604 0.000447628 0.345791	
2.49	0.02036 0.000447549 0.345943	
2.5	0.0203597 0.00044747 0.346094	
2.51	0.0203593 0.000447392 0.346246	
2.52	0.0203589 0.000447314 0.346397	
2.53	0.0203585 0.000447236 0.346548	
2.54	0.0203581 0.000447158 0.346699	
2.55	0.0203577 0.00044708 0.34685	
2.56	0.0203573 0.000447003 0.347	
2.57	0.020357 0.000446925 0.34715	
2.58	0.0203566 0.000446848 0.3473	
2.59	0.0203562 0.000446771 0.34745	
2.6	0.0203558 0.000446693 0.3476	
2.61	0.0203554 0.000446617 0.34775	
2.62	0.020355 0.00044654 0.347899	
2.63	0.0203547 0.000446463 0.348048	
2.64	0.0203543 0.000446387 0.348198	
2.65	0.0203539 0.00044631 0.348346	
2.66	0.0203535 0.000446234 0.348495	
2.67	0.0203531 0.000446158 0.348644	
2.68	0.0203528 0.000446082 0.348792	
2.69	0.0203524 0.000446006 0.34894	
2.7	0.020352 0.000445931 0.349088	
2.71	0.0203516 0.000445855 0.349236	
2.72	0.0203513 0.00044578 0.349384	
2.73	0.0203509 0.000445704 0.349531	
2.74	0.0203505 0.000445629 0.349679	
2.75	0.0203501 0.000445554 0.349826	
2.76	0.0203498 0.000445479 0.349973	
2.77	0.0203494 0.000445405 0.350119	
2.78	0.020349 0.00044533 0.350266	
2.79	0.0203487 0.000445256 0.350413	
2.8	0.0203483 0.000445181 0.350559	
2.81	0.0203479 0.000445107 0.350705	
2.82	0.0203475 0.000445033 0.350851	
2.83	0.0203472 0.000444959 0.350997	
2.84	0.0203468 0.000444886 0.351142	
2.85	0.0203464 0.000444812 0.351288	
2.86	0.0203461 0.000444738 0.351433	
2.87	0.0203457 0.000444665 0.351578	
2.88	0.0203453 0.000444592 0.351723	
2.89	0.020345 0.000444519 0.351868	
2.9	0.0203446 0.000444446 0.352013	
2.91	0.0203442 0.000444373 0.352157	
2.92	0.0203439 0.0004443 0.352302	
2.93	0.0203435 0.000444227 0.352446	
2.94	0.0203432 0.000444155 0.35259	
2.95	0.0203428 0.000444083 0.352734	
2.96	0.0203424 0.00044401 0.352877	
2.97	0.0203421 0.000443938 0.353021	
2.98	0.0203417 0.000443866 0.353164	
2.99	0.0203413 0.000443795 0.353307	
3	0.020341 0.000443723 0.35345	
3.01	0.0203406 0.000443651 0.353593	
3.02	0.0203403 0.00044358 0.353736	
3.03	0.0203399 0.000443509 0.353879	
3.04	0.0203395 0.000443437 0.354021	
3.05	0.0203392 0.000443366 0.354163	
3.06	0.0203388 0.000443295 0.354305	
3.07	0.0203385 0.000443224 0.354447	
3.08	0.0203381 0.000443154 0.354589	
3.09	0.0203378 0.000443083 0.354731	
3.1	0.0203374 0.000443013 0.354872	
3.11	0.0203371 0.000442942 0.355014	
3.12	0.0203367 0.000442872 0.355155	
3.13	0.0203364 0.000442802 0.355296	
3.14	0.020336 0.000442732 0.355437	
3.15	0.0203356 0.000442662 0.355578	
3.16	0.0203353 0.000442593 0.355718	
3.17	0.0203349 0.000442523 0.355859	
3.18	0.0203346 0.000442454 0.355999	
3.19	0.0203342 0.000442384 0.356139	
3.2	0.0203339 0.000442315 0.356279	
3.21	0.0203335 0.000442246 0.356419	
3.22	0.0203332 0.000442177 0.356558	
3.23	0.0203329 0.000442108 0.356698	
3.24	0.0203325 0.000442039 0.356837	
3.25	0.0203322 0.000441971 0.356977	
3.26	0.0203318 0.000441902 0.357116	
3.27	0.0203315 0.000441834 0.357255	
3.28	0.0203311 0.000441765 0.357393	
3.29	0.0203308 0.000441697 0.357532	
3.3	0.0203304 0.000441629 0.357671	
3.31	0.0203301 0.000441561 0.357809	
3.32	0.0203297 0.000441493 0.357947	
3.33	0.0203294 0.000441426 0.358085	
3.34	0.0203291 0.000441358 0.358223	
3.35	0.0203287 0.000441291 0.358361	
3.36	0.0203284 0.000441223 0.358499	
3.37	0.020328 0.000441156 0.358636	
3.38	0.0203277 0.000441089 0.358773	
3.39	0.0203274 0.000441022 0.358911	
3.4	0.020327 0.000440955 0.359048	
3.41	0.0203267 0.000440888 0.359185	
3.42	0.0203263 0.000440822 0.359321	
3.43	0.020326 0.000440755 0.359458	
3.44	0.0203257 0.000440689 0.359595	
3.45	0.0203253 0.000440622 0.359731	
3.46	0.020325 0.000440556 0.359867	
3.47	0.0203247 0.00044049 0.360003	
3.48	0.0203243 0.000440424 0.360139	
3.49	0.020324 0.000440358 0.360275	
3.5	0.0203236 0.000440292 0.360411	
3.51	0.0203233 0.000440227 0.360546	
3.52	0.020323 0.000440161 0.360682	
3.53	0.0203226 0.000440096 0.360817	
3.54	0.0203223 0.00044003 0.360952	
3.55	0.020322 0.000439965 0.361087	
3.56	0.0203216 0.0004399 0.361222	
3.57	0.0203213 0.000439835 0.361357	
3.58	0.020321 0.00043977 0.361491	
3.59	0.0203207 0.000439705 0.361626	
3.6	0.0203203 0.00043964 0.36176	
3.61	0.02032 0.000439576 0.361894	
3.62	0.0203197 0.000439511 0.362029	
3.63	0.0203193 0.000439447 0.362162	
3.64	0.020319 0.000439383 0.362296	
3.65	0.0203187 0.000439319 0.36243	
3.66	0.0203184 0.000439254 0.362563	
3.67	0.020318 0.000439191 0.362697	
3.68	0.0203177 0.000439127 0.36283	
3.69	0.0203174 0.000439063 0.362963	
3.7	0.020317 0.000438999 0.363096	
3.71	0.0203167 0.000438936 0.363229	
3.72	0.0203164 0.000438872 0.363362	
3.73	0.0203161 0.000438809 0.363495	
3.74	0.0203158 0.000438746 0.363627	
3.75	0.0203154 0.000438683 0.363759	
3.76	0.0203151 0.00043862 0.363892	
3.77	0.0203148 0.000438557 0.364024	
3.78	0.0203145 0.000438494 0.364156	
3.79	0.0203141 0.000438431 0.364288	
3.8	0.0203138 0.000438368 0.364419	
3.81	0.0203135 0.000438306 0.364551	
3.82	0.0203132 0.000438244 0.364682	
3.83	0.0203129 0.000438181 0.364814	
3.84	0.0203125 0.000438119 0.364945	
3.85	0.0203122 0.000438057 0.365076	
3.86	0.0203119 0.000437995 0.365207	
3.87	0.0203116 0.000437933 0.365338	
3.88	0.0203113 0.000437871 0.365469	
3.89	0.0203109 0.000437809 0.365599	
3.9	0.0203106 0.000437748 0.36573	
3.91	0.0203103 0.000437686 0.36586	
3.92	0.02031 0.000437625 0.36599	
3.93	0.0203097 0.000437563 0.36612	
3.94	0.0203094 0.000437502 0.36625	
3.95	0.0203091 0.000437441 0.36638	
3.96	0.0203087 0.00043738 0.36651	
3.97	0.0203084 0.000437319 0.36664	
3.98	0.0203081 0.000437258 0.366769	
3.99	0.0203078 0.000437197 0.366899	
4	0.0203078 0.000437197 0.366899	
4.01	0.0203078 0.000437197 0.366899	
4.02	0.0203078 0.000437197 0.366899	
4.03	0.0203078 0.000437197 0.366899	
4.04	0.0203078 0.000437197 0.366899	
4.05	0.0203078 0.000437197 0.366899	
4.06	0.0203078 0.000437197 0.366899	
4.07	0.0203078 0.000437197 0.366899	
4.08	0.0203078 0.000437197 0.366899	
4.09	0.0203078 0.000437197 0.366899	
4.1	0.0203078 0.000437197 0.366899	
4.11	0.0203078 0.000437197 0.366899	
4.12	0.0203078 0.000437197 0.366899	
4.13	0.0203078 0.000437197 0.366899	
4.14	0.0203078 0.000437197 0.366899	
4.15	0.0203078 0.000437197 0.366899	
4.16	0.0203078 0.000437197 0.366899	
4.17	0.0203078 0.000437197 0.366899	
4.18	0.0203078 0.000437197 0.366899	
4.19	0.0203078 0.000437197 0.366899	
4.2	0.0203078 0.000437197 0.366899	
4.21	0.0203078 0.000437197 0.366899	
4.22	0.0203078 0.000437197 0.366899	
4.23	0.0203078 0.000437197 0.366899	
4.24	0.0203078 0.000437197 0.366899	
4.25	0.0203078 0.000437197 0.366899	
4.26	0.0203078 0.000437197 0.366899	
4.27	0.0203078 0.000437197 0.366899	
4.28	0.0203078 0.000437197 0.366899	
4.29	0.0203078 0.000437197 0.366899	
4.3	0.0203078 0.000437197 0.366899	
4.31	0.0203078 0.000437197 0.366899	
4.32	0.0203078 0.000437197 0.366899	
4.33	0.0203078 0.000437197 0.366899	
4.34	0.0203078 0.000437197 0.366899	
4.35	0.0203078 0.000437197 0.366899	
4.36	0.0203078 0.000437197 0.366899	
4.37	0.0203078 0.000437197 0.366899	
4.38	0.0203078 0.000437197 0.366899	
4.39	0.0203078 0.000437197 0.366899	
4.4	0.0203078 0.000437197 0.366899	
4.41	0.0203078 0.000437197 0.366899	
4.42	0.0203078 0.000437197 0.366899	
4.43	0.0203078 0.000437197 0.366899	
4.44	0.0203078 0.000437197 0.366899	
4.45	0.0203078 0.000437197 0.366899	
4.46	0.0203078 0.000437197 0.366899	
4.47	0.0203078 0.000437197 0.366899	
4.48	0.0203078 0.000437197 0.366899	
4.49	0.0203078 0.000437197 0.366899	
4.5	0.0203078 0.000437197 0.366899	
4.51	0.0203078 0.000437197 0.366899	
4.52	0.0203078 0.000437197 0.366899	
4.53	0.0203078 0.000437197 0.366899	
4.54	0.0203078 0.000437197 0.366899	
4.55	0.0203078 0.000437197 0.366899	
4.56	0.0203078 0.000437197 0.366899	
4.57	0.0203078 0.000437197 0.366899	
4.58	0.0203078 0.000437197 0.366899	
4.59	0.0203078 0.000437197 0.366899	
4.6	0.0203078 0.000437197 0.366899	
4.61	0.0203078 0.000437197 0.366899	
4.62	0.0203078 0.000437197 0.366899	
4.63	0.0203078 0.000437197 0.366899	
4.64	0.0203078 0.000437197 0.366899	
4.65	0.0203078 0.000437197 0.366899	
4.66	0.0203078 0.000437197 0.366899	
4.67	0.0203078 0.000437197 0.366899	
4.68	0.0203078 0.000437197 0.366899	
4.69	0.0203078 0.000437197 0.366899	
4.7	0.0203078 0.000437197 0.366899	
4.71	0.0203078 0.000437197 0.366899	
4.72	0.0203078 0.000437197 0.366899	
4.73	0.0203078 0.000437197 0.366899	
4.74	0.0203078 0.000437197 0.366899	
4.75	0.0203078 0.000437197 0.366899	
4.76	0.0203078 0.000437197 0.366899	
4.77	0.0203078 0.000437197 0.366899	
4.78	0.0203078 0.000437197 0.366899	
4.79	0.0203078 0.000437197 0.366899	
4.8	0.0203078 0.000437197 0.366899	
4.81	0.0203078 0.000437197 0.366899	
4.82	0.0203078 0.000437197 0.366899	
4.83	0.0203078 0.000437197 0.366899	
4.84	0.0203078 0.000437197 0.366899	
4.85	0.0203078 0.000437197 0.366899	
4.86	0.0203078 0.000437197 0.366899	
4.87	0.0203078 0.000437197 0.366899	
4.88	0.0203078 0.000437197 0.366899	
4.89	0.0203078 0.000437197 0.366899	
4.9	0.0203078 0.000437197 0.366899	
4.91	0.0203078 0.000437197 0.366899	
4.92	0.0203078 0.000437197 0.366899	
4.93	0.0203078 0.000437197 0.366899	
4.94	0.0203078 0.000437197 0.366899	
4.95	0.0203078 0.000437197 0.366899	
4.96	0.0203078 0.000437197 0.366899	
4.97	0.0203078 0.000437197 0.366899	
4.98	0.0203078 0.000437197 0.366899	
4.99	0.0203078 0.000437197 0.366899	
5	0.0203078 0.000437197 0.366899	
5.01	0.0203078 0.000437197 0.366899	
5.02	0.0203078 0.000437197 0.366899	
5.03	0.0203078 0.000437197 0.366899	
5.04	0.0203078 0.000437197 0.366899	
5.05	0.0203078 0.000437197 0.366899	
5.06	0.0203078 0.000437197 0.366899	
5.07	0.0203078 0.000437197 0.366899	
5.08	0.0203078 0.000437197 0.366899	
5.09	0.0203078 0.000437197 0.366899	
5.1	0.0203078 0.000437197 0.366899	
5.11	0.0203078 0.000437197 0.366899	
5.12	0.0203078 0.000437197 0.366899	
5.13	0.0203078 0.000437197 0.366899	
5.14	0.0203078 0.000437197 0.366899	
5.15	0.0203078 0.000437197 0.366899	
5.16	0.0203078 0.000437197 0.366899	
5.17	0.0203078 0.000437197 0.366899	
5.18	0.0203078 0.000437197 0.366899	
5.19	0.0203078 0.000437197 0.366899	
5.2	0.0203078 0.000437197 0.366899	
5.21	0.0203078 0.000437197 0.366899	
5.22	0.0203078 0.000437197 0.366899	
5.23	0.0203078 0.000437197 0.366899	
5.24	0.0203078 0.000437197 0.366899	
5.25	0.0203078 0.000437197 0.366899	
5.26	0.0203078 0.000437197 0.366899	
5.27	0.0203078 0.000437197 0.366899	
5.28	0.0203078 0.000437197 0.366899	
5.29	0.0203078 0.000437197 0.366899	
5.3	0.0203078 0.000437197 0.366899	
5.31	0.0203078 0.000437197 0.366899	
5.32	0.0203078 0.000437197 0.366899	
5.33	0.0203078 0.000437197 0.366899	
5.34	0.0203078 0.000437197 0.366899	
5.35	0.0203078 0.000437197 0.366899	
5.36	0.0203078 0.000437197 0.366899	
5.37	0.0203078 0.000437197 0.366899	
5.38	0.0203078 0.000437197 0.366899	
5.39	0.0203078 0.000437197 0.366899	
5.4	0.0203078 0.000437197 0.366899	
5.41	0.0203078 0.000437197 0.366899	
5.42	0.0203078 0.000437197 0.366899	
5.43	0.0203078 0.000437197 0.366899	
5.44	0.0203078 0.000437197 0.366899	
5.45	0.0203078 0.000437197 0.366899	
5.46	0.0203078 0.000437197 0.366899	
5.47	0.0203078 0.000437197 0.366899	
5.48	0.0203078 0.000437197 0.366899	
5.49	0.0203078 0.000437197 0.366899	
5.5	0.0203078 0.000437197 0.366899	
5.51	0.0203078 0.000437197 0.366899	
5.52	0.0203078 0.000437197 0.366899	
5.53	0.0203078 0.000437197 0.366899	
5.54	0.0203078 0.000437197 0.366899	
5.55	0.0203078 0.000437197 0.366899	
5.56	0.0203078 0.000437197 0.366899	
5.57	0.0203078 0.000437197 0.366899	
5.58	0.0203078 0.000437197 0.366899	
5.59	0.0203078 0.000437197 0.366899	
5.6	0.0203078 0.000437197 0.366899	
5.61	0.0203078 0.000437197 0.366899	
5.62	0.0203078 0.000437197 0.366899	
5.63	0.0203078 0.000437197 0.366899	
5.64	0.0203078 0.000437197 0.366899	
5.65	0.0203078 0.000437197 0.366899	
5.66	0.0203078 0.000437197 0.366899	
5.67	0.0203078 0.000437197 0.366899	
5.68	0.0203078 0.000437197 0.366899	
5.69	0.0203078 0.000437197 0.366899	
5.7	0.0203078 0.000437197 0.366899	
5.71	0.0203078 0.000437197 0.366899	
5.72	0.0203078 0.000437197 0.366899	
5.73	0.0203078 0.000437197 0.366899	
5.74	0.0203078 0.000437197 0.366899	
5.75	0.0203078 0.000437197 0.366899	
5.76	0.0203078 0.000437197 0.366899	
5.77	0.0203078 0.000437197 0.366899	
5.78	0.0203078 0.000437197 0.366899	
5.79	0.0203078 0.000437197 0.366899	
5.8	0.0203078 0.000437197 0.366899	
5.81	0.0203078 0.000437197 0.366899	
5.82	0.0203078 0.000437197 0.366899	
5.83	0.0203078 0.000437197 0.366899	
5.84	0.0203078 0.000437197 0.366899	
5.85	0.0203078 0.000437197 0.366899	
5.86	0.0203078 0.000437197 0.366899	
5.87	0.0203078 0.000437197 0.366899	
5.88	0.0203078 0.000437197 0.366899	
5.89	0.0203078 0.000437197 0.366899	
5.9	0.0203078 0.000437197 0.366899	
5.91	0.0203078 0.000437197 0.366899	
5.92	0.0203078 0.000437197 0.366899	
5.93	0.0203078 0.000437197 0.366899	
5.94	0.0203078 0.000437197 0.366899	
5.95	0.0203078 0.000437197 0.366899	
5.96	0.0203078 0.000437197 0.366899	
5.97	0.0203078 0.000437197 0.366899	
5.98	0.0203078 0.000437197 0.366899	
5.99	0.0203078 0.000437197 0.366899	
6	0.0203078 0.000437197 0.366899	
6.01	0.0203078 0.000437197 0.366899	
6.02	0.0203078 0.000437197 0.366899	
6.03	0.0203078 0.000437197 0.366899	
6.04	0.0203078 0.000437197 0.366899	
6.05	0.0203078 0.000437197 0.366899	
6.06	0.0203078 0.000437197 0.366899	
6.07	0.0203078 0.000437197 0.366899	
6.08	0.0203078 0.000437197 0.366899	
6.09	0.0203078 0.000437197 0.366899	
6.1	0.0203078 0.000437197 0.366899	
6.11	0.0203078 0.000437197 0.366899	
6.12	0.0203078 0.000437197 0.366899	
6.13	0.0203078 0.000437197 0.366899	
6.14	0.0203078 0.000437197 0.366899	
6.15	0.0203078 0.000437197 0.366899	
6.16	0.0203078 0.000437197 0.366899	
6.17	0.0203078 0.000437197 0.366899	
6.18	0.0203078 0.000437197 0.366899	
6.19	0.0203078 0.000437197 0.366899	
6.2	0.0203078 0.000437197 0.366899	
6.21	0.0203078 0.000437197 0.366899	
6.22	0.0203078 0.000437197 0.366899	
6.23	0.0203078 0.000437197 0.366899	
6.24	0.0203078 0.000437197 0.366899	
6.25	0.0203078 0.000437197 0.366899	
6.26	0.0203078 0.000437197 0.366899	
6.27	0.0203078 0.000437197 0.366899	
6.28	0.0203078 0.000437197 0.366899	
6.29	0.0203078 0.000437197 0.366899	
6.3	0.0203078 0.000437197 0.366899	
6.31	0.0203078 0.000437197 0.366899	
6.32	0.0203078 0.000437197 0.366899	
6.33	0.0203078 0.000437197 0.366899	
6.34	0.0203078 0.000437197 0.366899	
6.35	0.0203078 0.000437197 0.366899	
6.36	0.0203078 0.000437197 0.366899	
6.37	0.0203078 0.000437197 0.366899	
6.38	0.0203078 0.000437197 0.366899	
6.39	0.0203078 0.000437197 0.366899	
6.4	0.0203078 0.000437197 0.366899	
6.41	0.0203078 0.000437197 0.366899	
6.42	0.0203078 0.000437197 0.366899	
6.43	0.0203078 0.000437197 0.366899	
6.44	0.0203078 0.000437197 0.366899	
6.45	0.0203078 0.000437197 0.366899	
6.46	0.0203078 0.000437197 0.366899	
6.47	0.0203078 0.000437197 0.366899	
6.48	0.0203078 0.000437197 0.366899	
6.49	0.0203078 0.000437197 0.366899	
6.5	0.0203078 0.000437197 0.366899	
6.51	0.0203078 0.000437197 0.366899	
6.52	0.0203078 0.000437197 0.366899	
6.53	0.0203078 0.000437197 0.366899	
6.54	0.0203078 0.000437197 0.366899	
6.55	0.0203078 0.000437197 0.366899	
6.56	0.0203078 0.000437197 0.366899	
6.57	0.0203078 0.000437197 0.366899	
6.58	0.0203078 0.000437197 0.366899	
6.59	0.0203078 0.000437197 0.366899	
6.6	0.0203078 0.000437197 0.366899	
6.61	0.0203078 0.000437197 0.366899	
6.62	0.0203078 0.000437197 0.366899	
6.63	0.0203078 0.000437197 0.366899	
6.64	0.0203078 0.000437197 0.366899	
6.65	0.0203078 0.000437197 0.366899	
6.66	0.0203078 0.000437197 0.366899	
6.67	0.0203078 0.000437197 0.366899	
6.68	0.0203078 0.000437197 0.366899	
6.69	0.0203078 0.000437197 0.366899	
6.7	0.0203078 0.000437197 0.366899	
6.71	0.0203078 0.000437197 0.366899	
6.72	0.0203078 0.000437197 0.366899	
6.73	0.0203078 0.000437197 0.366899	
6.74	0.0203078 0.000437197 0.366899	
6.75	0.0203078 0.000437197 0.366899	
6.76	0.0203078 0.000437197 0.366899	
6.77	0.0203078 0.000437197 0.366899	
6.78	0.0203078 0.000437197 0.366899	
6.79	0.0203078 0.000437197 0.366899	
6.8	0.0203078 0.000437197 0.366899	
6.81	0.0203078 0.000437197 0.366899	
6.82	0.0203078 0.000437197 0.366899	
6.83	0.0203078 0.000437197 0.366899	
6.84	0.0203078 0.000437197 0.366899	
6.85	0.0203078 0.000437197 0.366899	
6.86	0.0203078 0.000437197 0.366899	
6.87	0.0203078 0.000437197 0.366899	
6.88	0.0203078 0.000437197 0.366899	
6.89	0.0203078 0.000437197 0.366899	
6.9	0.0203078 0.000437197 0.366899	
6.91	0.0203078 0.000437197 0.366899	
6.92	0.0203078 0.000437197 0.366899	
6.93	0.0203078 0.000437197 0.366899	
6.94	0.0203078 0.000437197 0.366899	
6.95	0.0203078 0.000437197 0.366899	
6.96	0.0203078 0.000437197 0.366899	
6.97	0.0203078 0.000437197 0.366899	
6.98	0.0203078 0.000437197 0.366899	
6.99	0.0203078 0.000437197 0.366899	
7	0.0203078 0.000437197 0.366899	
7.01	0.0203078 0.000437197 0.366899	
7.02	0.0203078 0.000437197 0.366899	
7.03	0.0203078 0.000437197 0.366899	
7.04	0.0203078 0.000437197 0.366899	
7.05	0.0203078 0.000437197 0.366899	
7.06	0.0203078 0.000437197 0.366899	
7.07	0.0203078 0.000437197 0.366899	
7.08	0.0203078 0.000437197 0.366899	
7.09	0.0203078 0.000437197 0.366899	
7.1	0.0203078 0.000437197 0.366899	
7.11	0.0203078 0.000437197 0.366899	
7.12	0.0203078 0.000437197 0.366899	
7.13	0.0203078 0.000437197 0.366899	
7.14	0.0203078 0.000437197 0.366899	
7.15	0.0203078 0.000437197 0.366899	
7.16	0.0203078 0.000437197 0.366899	
7.17	0.0203078 0.000437197 0.366899	
7.18	0.0203078 0.000437197 0.366899	
7.19	0.0203078 0.000437197 0.366899	
7.2	0.0203078 0.000437197 0.366899	
7.21	0.0203078 0.000437197 0.366899	
7.22	0.0203078 0.000437197 0.366899	
7.23	0.0203078 0.000437197 0.366899	
7.24	0.0203078 0.000437197 0.366899	
7.25	0.0203078 0.000437197 0.366899	
7.26	0.0203078 0.000437197 0.366899	
7.27	0.0203078 0.000437197 0.366899	
7.28	0.0203078 0.000437197 0.366899	
7.29	0.0203078 0.000437197 0.366899	
7.3	0.0203078 0.000437197 0.366899	
7.31	0.0203078 0.000437197 0.366899	
7.32	0.0203078 0.000437197 0.366899	
7.33	0.0203078 0.000437197 0.366899	
7.34	0.0203078 0.000437197 0.366899	
7.35	0.0203078 0.000437197 0.366899	
7.36	0.0203078 0.000437197 0.366899	
7.37	0.0203078 0.000437197 0.366899	
7.38	0.0203078 0.000437197 0.366899	
7.39	0.0203078 0.000437197 0.366899	
7.4	0.0203078 0.000437197 0.366899	
7.41	0.0203078 0.000437197 0.366899	
7.42	0.0203078 0.000437197 0.366899	
7.43	0.0203078 0.000437197 0.366899	
7.44	0.0203078 0.000437197 0.366899	
7.45	0.0203078 0.000437197 0.366899	
7.46	0.0203078 0.000437197 0.366899	
7.47	0.0203078 0.000437197 0.366899	
7.48	0.0203078 0.000437197 0.366899	
7.49	0.0203078 0.000437197 0.366899	
7.5	0.0203078 0.000437197 0.366899	
7.51	0.0203078 0.000437197 0.366899	
7.52	0.0203078 0.000437197 0.366899	
7.53	0.0203078 0.000437197 0.366899	
7.54	0.0203078 0.000437197 0.366899	
7.55	0.0203078 0.000437197 0.366899	
7.56	0.0203078 0.000437197 0.366899	
7.57	0.0203078 0.000437197 0.366899	
7.58	0.0203078 0.000437197 0.366899	
7.59	0.0203078 0.000437197 0.366899	
7.6	0.0203078 0.000437197 0.366899	
7.61	0.0203078 0.000437197 0.366899	
7.62	0.0203078 0.000437197 0.366899	
7.63	0.0203078 0.000437197 0.366899	
7.64	0.0203078 0.000437197 0.366899	
7.65	0.0203078 0.000437197 0.366899	
7.66	0.0203078 0.000437197 0.366899	
7.67	0.0203078 0.000437197 0.366899	
7.68	0.0203078 0.000437197 0.366899	
7.69	0.0203078 0.000437197 0.366899	
7.7	0.0203078 0.000437197 0.366899	
7.71	0.0203078 0.000437197 0.366899	
7.72	0.0203078 0.000437197 0.366899	
7.73	0.0203078 0.000437197 0.366899	
7.74	0.0203078 0.000437197 0.366899	
7.75	0.0203078 0.000437197 0.366899	
7.76	0.0203078 0.000437197 0.366899	
7.77	0.0203078 0.000437197 0.366899	
7.78	0.0203078 0.000437197 0.366899	
7.79	0.0203078 0.000437197 0.366899	
7.8	0.0203078 0.000437197 0.366899	
7.81	0.0203078 0.000437197 0.366899	
7.82	0.0203078 0.000437197 0.366899	
7.83	0.0203078 0.000437197 0.366899	
7.84	0.0203078 0.000437197 0.366899	
7.85	0.0203078 0.000437197 0.366899	
7.86	0.0203078 0.000437197 0.366899	
7.87	0.0203078 0.000437197 0.366899	
7.88	0.0203078 0.000437197 0.366899	
7.89	0.0203078 0.000437197 0.366899	
7.9	0.0203078 0.000437197 0.366899	
7.91	0.0203078 0.000437197 0.366899	
7.92	0.0203078 0.000437197 0.366899	
7.93	0.0203078 0.000437197 0.366899	
7.94	0.0203078 0.000437197 0.366899	
7.95	0.0203078 0.000437197 0.366899	
7.96	0.0203078 0.000437197 0.366899	
7.97	0.0203078 0.000437197 0.366899	
7.98	0.0203078 0.000437197 0.366899	
7.99	0.0203078 0.000437197 0.366899	
8	0.0203078 0.000437197 0.366899	
8.01	0.0203078 0.000437197 0.366899	
8.02	0.0203078 0.000437197 0.366899	
8.03	0.0203078 0.000437197 0.366899	
8.04	0.0203078 0.000437197 0.366899	
8.05	0.0203078 0.000437197 0.366899	
8.06	0.0203078 0.000437197 0.366899	
8.07	0.0203078 0.000437197 0.366899	
8.08	0.0203078 0.000437197 0.366899	
8.09	0.0203078 0.000437197 0.366899	
8.1	0.0203078 0.000437197 0.366899	
8.11	0.0203078 0.000437197 0.366899	
8.12	0.0203078 0.000437197 0.366899	
8.13	0.0203078 0.000437197 0.366899	
8.14	0.0203078 0.000437197 0.366899	
8.15	0.0203078 0.000437197 0.366899	
8.16	0.0203078 0.000437197 0.366899	
8.17	0.0203078 0.000437197 0.366899	
8.18	0.0203078 0.000437197 0.366899	
8.19	0.0203078 0.000437197 0.366899	
8.2	0.0203078 0.000437197 0.366899	
8.21	0.0203078 0.000437197 0.366899	
8.22	0.0203078 0.000437197 0.366899	
8.23	0.0203078 0.000437197 0.366899	
8.24	0.0203078 0.000437197 0.366899	
8.25	0.0203078 0.000437197 0.366899	
8.26	0.0203078 0.000437197 0.366899	
8.27	0.0203078 0.000437197 0.366899	
8.28	0.0203078 0.000437197 0.366899	
8.29	0.0203078 0.000437197 0.366899	
8.3	0.0203078 0.000437197 0.366899	
8.31	0.0203078 0.000437197 0.366899	
8.32	0.0203078 0.000437197 0.366899	
8.33	0.0203078 0.000437197 0.366899	
8.34	0.0203078 0.000437197 0.366899	
8.35	0.0203078 0.000437197 0.366899	
8.36	0.0203078 0.000437197 0.366899	
8.37	0.0203078 0.000437197 0.366899	
8.38	0.0203078 0.000437197 0.366899	
8.39	0.0203078 0.000437197 0.366899	
8.4	0.0203078 0.000437197 0.366899	
8.41	0.0203078 0.000437197 0.366899	
8.42	0.0203078 0.000437197 0.366899	
8.43	0.0203078 0.000437197 0.366899	
8.44	0.0203078 0.000437197 0.366899	
8.45	0.0203078 0.000437197 0.366899	
8.46	0.0203078 0.000437197 0.366899	
8.47	0.0203078 0.000437197 0.366899	
8.48	0.0203078 0.000437197 0.366899	
8.49	0.0203078 0.000437197 0.366899	
8.5	0.0203078 0.000437197 0.366899	
8.51	0.0203078 0.000437197 0.366899	
8.52	0.0203078 0.000437197 0.366899	
8.53	0.0203078 0.000437197 0.366899	
8.54	0.0203078 0.000437197 0.366899	
8.55	0.0203078 0.000437197 0.366899	
8.56	0.0203078 0.000437197 0.366899	
8.57	0.0203078 0.000437197 0.366899	
8.58	0.0203078 0.000437197 0.366899	
8.59	0.0203078 0.000437197 0.366899	
8.6	0.0203078 0.000437197 0.366899	
8.61	0.0203078 0.000437197 0.366899	
8.62	0.0203078 0.000437197 0.366899	
8.63	0.0203078 0.000437197 0.366899	
8.64	0.0203078 0.000437197 0.366899	
8.65	0.0203078 0.000437197 0.366899	
8.66	0.0203078 0.000437197 0.366899	
8.67	0.0203078 0.000437197 0.366899	
8.68	0.0203078 0.000437197 0.366899	
8.69	0.0203078 0.000437197 0.366899	
8.7	0.0203078 0.000437197 0.366899	
8.71	0.0203078 0.000437197 0.366899	
8.72	0.0203078 0.000437197 0.366899	
8.73	0.0203078 0.000437197 0.366899	
8.74	0.0203078 0.000437197 0.366899	
8.75	0.0203078 0.000437197 0.366899	
8.76	0.0203078 0.000437197 0.366899	
8.77	0.0203078 0.000437197 0.366899	
8.78	0.0203078 0.000437197 0.366899	
8.79	0.0203078 0.000437197 0.366899	
8.8	0.0203078 0.000437197 0.366899	
8.81	0.0203078 0.000437197 0.366899	
8.82	0.0203078 0.000437197 0.366899	
8.83	0.0203078 0.000437197 0.366899	
8.84	0.0203078 0.000437197 0.366899	
8.85	0.0203078 0.000437197 0.366899	
8.86	0.0203078 0.000437197 0.366899	
8.87	0.0203078 0.000437197 0.366899	
8.88	0.0203078 0.000437197 0.366899	
8.89	0.0203078 0.000437197 0.366899	
8.9	0.0203078 0.000437197 0.366899	
8.91	0.0203078 0.000437197 0.366899	
8.92	0.0203078 0.000437197 0.366899	
8.93	0.0203078 0.000437197 0.366899	
8.94	0.0203078 0.000437197 0.366899	
8.95	0.0203078 0.000437197 0.366899	
8.96	0.0203078 0.000437197 0.366899	
8.97	0.0203078 0.000437197 0.366899	
8.98	0.0203078 0.000437197 0.366899	
8.99	0.0203078 0.000437197 0.366899	
9	0.0203078 0.000437197 0.366899	
9.01	0.0203078 0.000437197 0.366899	
9.02	0.0203078 0.000437197 0.366899	
9.03	0.0203078 0.000437197 0.366899	
9.04	0.0203078 0.000437197 0.366899	
9.05	0.0203078 0.000437197 0.366899	
9.06	0.0203078 0.000437197 0.366899	
9.07	0.0203078 0.000437197 0.366899	
9.08	0.0203078 0.000437197 0.366899	
9.09	0.0203078 0.000437197 0.366899	
9.1	0.0203078 0.000437197 0.366899	
9.11	0.0203078 0.000437197 0.366899	
9.12	0.0203078 0.000437197 0.366899	
9.13	0.0203078 0.000437197 0.366899	
9.14	0.0203078 0.000437197 0.366899	
9.15	0.0203078 0.000437197 0.366899	
9.16	0.0203078 0.000437197 0.366899	
9.17	0.0203078 0.000437197 0.366899	
9.18	0.0203078 0.000437197 0.366899	
9.19	0.0203078 0.000437197 0.366899	
9.2	0.0203078 0.000437197 0.366899	
9.21	0.0203078 0.000437197 0.366899	
9.22	0.0203078 0.000437197 0.366899	
9.23	0.0203078 0.000437197 0.366899	
9.24	0.0203078 0.000437197 0.366899	
9.25	0.0203078 0.000437197 0.366899	
9.26	0.0203078 0.000437197 0.366899	
9.27	0.0203078 0.000437197 0.366899	
9.28	0.0203078 0.000437197 0.366899	
9.29	0.0203078 0.000437197 0.366899	
9.3	0.0203078 0.000437197 0.366899	
9.31	0.0203078 0.000437197 0.366899	
9.32	0.0203078 0.000437197 0.366899	
9.33	0.0203078 0.000437197 0.366899	
9.34	0.0203078 0.000437197 0.366899	
9.35	0.0203078 0.000437197 0.366899	
9.36	0.0203078 0.000437197 0.366899	
9.37	0.0203078 0.000437197 0.366899	
9.38	0.0203078 0.000437197 0.366899	
9.39	0.0203078 0.000437197 0.366899	
9.4	0.0203078 0.000437197 0.366899	
9.41	0.0203078 0.000437197 0.366899	
9.42	0.0203078 0.000437197 0.366899	
9.43	0.0203078 0.000437197 0.366899	
9.44	0.0203078 0.000437197 0.366899	
9.45	0.0203078 0.000437197 0.366899	
9.46	0.0203078 0.000437197 0.366899	
9.47	0.0203078 0.000437197 0.366899	
9.48	0.0203078 0.000437197 0.366899	
9.49	0.0203078 0.000437197 0.366899	
9.5	0.0203078 0.000437197 0.366899	
9.51	0.0203078 0.000437197 0.366899	
9.52	0.0203078 0.000437197 0.366899	
9.53	0.0203078 0.000437197 0.366899	
9.54	0.0203078 0.000437197 0.366899	
9.55	0.0203078 0.000437197 0.366899	
9.56	0.0203078 0.000437197 0.366899	
9.57	0.0203078 0.000437197 0.366899	
9.58	0.0203078 0.000437197 0.366899	
9.59	0.0203078 0.000437197 0.366899	
9.6	0.0203078 0.000437197 0.366899	
9.61	0.0203078 0.000437197 0.366899	
9.62	0.0203078 0.000437197 0.366899	
9.63	0.0203078 0.000437197 0.366899	
9.64	0.0203078 0.000437197 0.366899	
9.65	0.0203078 0.000437197 0.366899	
9.66	0.0203078 0.000437197 0.366899	
9.67	0.0203078 0.000437197 0.366899	
9.68	0.0203078 0.000437197 0.366899	
9.69	0.0203078 0.000437197 0.366899	
9.7	0.0203078 0.000437197 0.366899	
9.71	0.0203078 0.000437197 0.366899	
9.72	0.0203078 0.000437197 0.366899	
9.73	0.0203078 0.000437197 0.366899	
9.74	0.0203078 0.000437197 0.366899	
9.75	0.0203078 0.000437197 0.366899	
9.76	0.0203078 0.000437197 0.366899	
9.77	0.0203078 0.000437197 0.366899	
9.78	0.0203078 0.000437197 0.366899	
9.79	0.0203078 0.000437197 0.366899	
9.8	0.0203078 0.000437197 0.366899	
9.81	0.0203078 0.000437197 0.366899	
9.82	0.0203078 0.000437197 0.366899	
9.83	0.0203078 0.000437197 0.366899	
9.84	0.0203078 0.000437197 0.366899	
9.85	0.0203078 0.000437197 0.366899	
9.86	0.0203078 0.000437197 0.366899	
9.87	0.0203078 0.000437197 0.366899	
9.88	0.0203078 0.000437197 0.366899	
9.89	0.0203078 0.000437197 0.366899	
9.9	0.0203078 0.000437197 0.366899	
9.91	0.0203078 0.000437197 0.366899	
9.92	0.0203078 0.000437197 0.366899	
9.93	0.0203078 0.000437197 0.366899	
9.94	0.0203078 0.000437197 0.366899	
9.95	0.0203078 0.000437197 0.366899	
9.96	0.0203078 0.000437197 0.366899	
9.97	0.0203078 0.000437197 0.366899	
9.98	0.0203078 0.000437197 0.366899	
9.99	0.0203078 0.000437197 0.366899	
10	0.0203078 0.000437197 0.366899	
