0	0.02 0 0.3	
0.01	0.0200131 4.17505e-05 0.300213	
0.02	0.0200223 7.69168e-05 0.300427	
0.03	0.0200283 0.000106941 0.30064	
0.04	0.0200318 0.000132874 0.300853	
0.05	0.0200332 0.000155503 0.301066	
0.06	0.020033 0.000175424 0.301279	
0.07	0.0200315 0.000193101 0.301492	
0.08	0.0200288 0.0002089 0.301704	
0.09	0.0200251 0.000223109 0.301915	
0.1	0.0200207 0.000235964 0.302127	
0.11	0.0200155 0.000247656 0.302338	
0.12	0.0200098 0.000258346 0.302549	
0.13	0.0200035 0.000268156 0.302759	
0.14	0.0199969 0.000277201 0.302969	
0.15	0.0199898 0.000285572 0.303178	
0.16	0.0199824 0.000293349 0.303387	
0.17	0.0199747 0.000300597 0.303596	
0.18	0.0199668 0.000307376 0.303804	
0.19	0.0199587 0.000313733 0.304012	
0.2	0.0199503 0.000319714 0.30422	
0.21	0.0199418 0.000325354 0.304427	
0.22	0.0199332 0.000330687 0.304634	
0.23	0.0199244 0.000335742 0.30484	
0.24	0.0199155 0.000340545 0.305046	
0.25	0.0199065 0.000345118 0.305252	
0.26	0.0198974 0.000349481 0.305457	
0.27	0.0198882 0.000353651 0.305661	
0.28	0.019879 0.000357646 0.305866	
0.29	0.0198697 0.000361479 0.306069	
0.3	0.0198604 0.000365164 0.306273	
0.31	0.019851 0.000368711 0.306476	
0.32	0.0198416 0.000372131 0.306679	
0.33	0.0198321 0.000375434 0.306881	
0.34	0.0198227 0.000378628 0.307083	
0.35	0.0198132 0.000381721 0.307284	
0.36	0.0198036 0.00038472 0.307486	
0.37	0.0197941 0.000387632 0.307686	
0.38	0.0197846 0.000390463 0.307887	
0.39	0.019775 0.000393217 0.308087	
0.4	0.0197654 0.0003959 0.308286	
0.41	0.0197559 0.000398516 0.308485	
0.42	0.0197463 0.000401071 0.308684	
0.43	0.0197367 0.000403566 0.308882	
0.44	0.0197271 0.000406006 0.309081	
0.45	0.0197176 0.000408395 0.309278	
0.46	0.019708 0.000410735 0.309475	
0.47	0.0196984 0.000413029 0.309672	
0.48	0.0196889 0.00041528 0.309869	
0.49	0.0196793 0.000417489 0.310065	
0.5	0.0196698 0.00041966 0.310261	
0.51	0.0196603 0.000421794 0.310456	
0.52	0.0196508 0.000423894 0.310651	
0.53	0.0196413 0.00042596 0.310846	
0.54	0.0196318 0.000427995 0.31104	
0.55	0.0196223 0.000430001 0.311234	
0.56	0.0196128 0.000431978 0.311427	
0.57	0.0196034 0.000433928 0.311621	
0.58	0.0195939 0.000435853 0.311813	
0.59	0.0195845 0.000437753 0.312006	
0.6	0.0195751 0.00043963 0.312198	
0.61	0.0195657 0.000441485 0.31239	
0.62	0.0195563 0.000443318 0.312581	
0.63	0.0195469 0.000445131 0.312772	
0.64	0.0195376 0.000446924 0.312963	
0.65	0.0195283 0.000448699 0.313153	
0.66	0.0195189 0.000450456 0.313343	
0.67	0.0195096 0.000452195 0.313533	
0.68	0.0195003 0.000453918 0.313722	
0.69	0.0194911 0.000455626 0.313911	
0.7	0.0194818 0.000457317 0.3141	
0.71	0.0194726 0.000458994 0.314288	
0.72	0.0194634 0.000460657 0.314476	
0.73	0.0194542 0.000462306 0.314664	
0.74	0.019445 0.000463942 0.314851	
0.75	0.0194358 0.000465566 0.315038	
0.76	0.0194266 0.000467176 0.315225	
0.77	0.0194175 0.000468775 0.315411	
0.78	0.0194084 0.000470363 0.315597	
0.79	0.0193993 0.000471939 0.315783	
0.8	0.0193902 0.000473505 0.315968	
0.81	0.0193811 0.000475059 0.316153	
0.82	0.0193721 0.000476604 0.316337	
0.83	0.019363 0.000478139 0.316522	
0.84	0.019354 0.000479664 0.316706	
0.85	0.019345 0.00048118 0.316889	
0.86	0.019336 0.000482687 0.317073	
0.87	0.019327 0.000484185 0.317256	
0.88	0.0193181 0.000485674 0.317439	
0.89	0.0193091 0.000487155 0.317621	
0.9	0.0193002 0.000488628 0.317803	
0.91	0.0192913 0.000490092 0.317985	
0.92	0.0192824 0.000491549 0.318166	
0.93	0.0192735 0.000492998 0.318348	
0.94	0.0192647 0.00049444 0.318529	
0.95	0.0192558 0.000495875 0.318709	
0.96	0.019247 0.000497302 0.318889	
0.97	0.0192382 0.000498722 0.319069	
0.98	0.0192294 0.000500136 0.319249	
0.99	0.0192206 0.000501543 0.319428	
1	0.0192118 0.000502943 0.319607	
1.01	0.019203 0.000504337 0.319786	
1.02	0.0191943 0.000505724 0.319965	
1.03	0.0191856 0.000507105 0.320143	
1.04	0.0191769 0.00050848 0.320321	
1.05	0.0191682 0.000509849 0.320498	
1.06	0.0191595 0.000511212 0.320676	
1.07	0.0191508 0.00051257 0.320853	
1.08	0.0191421 0.000513921 0.321029	
1.09	0.0191335 0.000515267 0.321206	
1.1	0.0191249 0.000516607 0.321382	
1.11	0.0191163 0.000517942 0.321558	
1.12	0.0191077 0.000519272 0.321733	
1.13	0.0190991 0.000520596 0.321908	
1.14	0.0190905 0.000521915 0.322083	
1.15	0.0190819 0.000523229 0.322258	
1.16	0.0190734 0.000524537 0.322433	
1.17	0.0190649 0.000525841 0.322607	
1.18	0.0190563 0.00052714 0.322781	
1.19	0.0190478 0.000528433 0.322954	
1.2	0.0190394 0.000529722 0.323128	
1.21	0.0190309 0.000531006 0.323301	
1.22	0.0190224 0.000532285 0.323473	
1.23	0.019014 0.00053356 0.323646	
1.24	0.0190055 0.00053483 0.323818	
1.25	0.0189971 0.000536095 0.32399	
1.26	0.0189887 0.000537356 0.324162	
1.27	0.0189803 0.000538612 0.324333	
1.28	0.0189719 0.000539863 0.324504	
1.29	0.0189635 0.000541111 0.324675	
1.3	0.0189551 0.000542353 0.324846	
1.31	0.0189468 0.000543592 0.325016	
1.32	0.0189384 0.000544826 0.325186	
1.33	0.0189301 0.000546056 0.325356	
1.34	0.0189218 0.000547281 0.325526	
1.35	0.0189135 0.000548503 0.325695	
1.36	0.0189052 0.00054972 0.325864	
1.37	0.0188969 0.000550933 0.326033	
1.38	0.0188886 0.000552142 0.326201	
1.39	0.0188804 0.000553346 0.32637	
1.4	0.0188721 0.000554547 0.326538	
1.41	0.0188639 0.000555744 0.326705	
1.42	0.0188556 0.000556936 0.326873	
1.43	0.0188474 0.000558125 0.32704	
1.44	0.0188392 0.00055931 0.327207	
1.45	0.018831 0.00056049 0.327374	
1.46	0.0188228 0.000561667 0.32754	
1.47	0.0188147 0.00056284 0.327707	
1.48	0.0188065 0.000564009 0.327873	
1.49	0.0187984 0.000565175 0.328039	
1.5	0.0187902 0.000566336 0.328204	
1.51	0.0187821 0.000567494 0.328369	
1.52	0.018774 0.000568647 0.328534	
1.53	0.0187659 0.000569797 0.328699	
1.54	0.0187578 0.000570944 0.328864	
1.55	0.0187497 0.000572086 0.329028	
1.56	0.0187416 0.000573225 0.329192	
1.57	0.0187335 0.00057436 0.329356	
1.58	0.0187255 0.000575492 0.32952	
1.59	0.0187174 0.00057662 0.329683	
1.6	0.0187094 0.000577744 0.329846	
1.61	0.0187013 0.000578865 0.330009	
1.62	0.0186933 0.000579982 0.330172	
1.63	0.0186853 0.000581095 0.330334	
1.64	0.0186773 0.000582205 0.330496	
1.65	0.0186693 0.000583311 0.330658	
1.66	0.0186613 0.000584414 0.33082	
1.67	0.0186534 0.000585513 0.330982	
1.68	0.0186454 0.000586609 0.331143	
1.69	0.0186374 0.000587701 0.331304	
1.7	0.0186295 0.00058879 0.331465	
1.71	0.0186216 0.000589875 0.331625	
1.72	0.0186136 0.000590957 0.331786	
1.73	0.0186057 0.000592035 0.331946	
1.74	0.0185978 0.00059311 0.332106	
1.75	0.0185899 0.000594182 0.332265	
1.76	0.018582 0.00059525 0.332425	
1.77	0.0185741 0.000596315 0.332584	
1.78	0.0185662 0.000597376 0.332743	
1.79	0.0185584 0.000598434 0.332902	
1.8	0.0185505 0.000599488 0.33306	
1.81	0.0185427 0.00060054 0.333219	
1.82	0.0185348 0.000601588 0.333377	
1.83	0.018527 0.000602632 0.333535	
1.84	0.0185192 0.000603673 0.333693	
1.85	0.0185114 0.000604711 0.33385	
1.86	0.0185036 0.000605746 0.334007	
1.87	0.0184958 0.000606777 0.334164	
1.88	0.018488 0.000607805 0.334321	
1.89	0.0184802 0.00060883 0.334478	
1.9	0.0184724 0.000609852 0.334634	
1.91	0.0184646 0.00061087 0.334791	
1.92	0.0184569 0.000611885 0.334947	
1.93	0.0184491 0.000612897 0.335102	
1.94	0.0184414 0.000613906 0.335258	
1.95	0.0184337 0.000614911 0.335413	
1.96	0.0184259 0.000615913 0.335569	
1.97	0.0184182 0.000616913 0.335724	
1.98	0.0184105 0.000617908 0.335878	
1.99	0.0184028 0.000618901 0.336033	
2	0.0183951 0.000619891 0.336187	
2.01	0.0183874 0.000620877 0.336341	
2.02	0.0183797 0.00062186 0.336495	
2.03	0.018372 0.00062284 0.336649	
2.04	0.0183644 0.000623817 0.336803	
2.05	0.0183567 0.000624791 0.336956	
2.06	0.0183491 0.000625762 0.337109	
2.07	0.0183414 0.00062673 0.337262	
2.08	0.0183338 0.000627694 0.337415	
2.09	0.0183262 0.000628656 0.337567	
2.1	0.0183185 0.000629614 0.33772	
2.11	0.0183109 0.000630569 0.337872	
2.12	0.0183033 0.000631522 0.338024	
2.13	0.0182957 0.000632471 0.338175	
2.14	0.0182881 0.000633417 0.338327	
2.15	0.0182805 0.00063436 0.338478	
2.16	0.0182729 0.0006353 0.338629	
2.17	0.0182654 0.000636237 0.33878	
2.18	0.0182578 0.000637171 0.338931	
2.19	0.0182502 0.000638102 0.339082	
2.2	0.0182427 0.00063903 0.339232	
2.21	0.0182351 0.000639955 0.339382	
2.22	0.0182276 0.000640877 0.339532	
2.23	0.01822 0.000641797 0.339682	
2.24	0.0182125 0.000642713 0.339832	
2.25	0.018205 0.000643626 0.339981	
2.26	0.0181975 0.000644536 0.34013	
2.27	0.01819 0.000645443 0.34028	
2.28	0.0181824 0.000646348 0.340428	
2.29	0.018175 0.000647249 0.340577	
2.3	0.0181675 0.000648147 0.340726	
2.31	0.01816 0.000649043 0.340874	
2.32	0.0181525 0.000649936 0.341022	
2.33	0.018145 0.000650825 0.34117	
2.34	0.0181376 0.000651712 0.341318	
2.35	0.0181301 0.000652596 0.341465	
2.36	0.0181226 0.000653477 0.341613	
2.37	0.0181152 0.000654355 0.34176	
2.38	0.0181077 0.00065523 0.341907	
2.39	0.0181003 0.000656103 0.342054	
2.4	0.0180929 0.000656972 0.342201	
2.41	0.0180855 0.000657839 0.342347	
2.42	0.018078 0.000658703 0.342493	
2.43	0.0180706 0.000659564 0.34264	
2.44	0.0180632 0.000660422 0.342786	
2.45	0.0180558 0.000661277 0.342931	
2.46	0.0180484 0.00066213 0.343077	
2.47	0.018041 0.00066298 0.343222	
2.48	0.0180336 0.000663826 0.343368	
2.49	0.0180263 0.000664671 0.343513	
2.5	0.0180189 0.000665512 0.343658	
2.51	0.0180115 0.00066635 0.343802	
2.52	0.0180042 0.000667186 0.343947	
2.53	0.0179968 0.000668019 0.344091	
2.54	0.0179895 0.000668849 0.344236	
2.55	0.0179821 0.000669677 0.34438	
2.56	0.0179748 0.000670501 0.344524	
2.57	0.0179674 0.000671323 0.344667	
2.58	0.0179601 0.000672143 0.344811	
2.59	0.0179528 0.000672959 0.344954	
2.6	0.0179455 0.000673773 0.345097	
2.61	0.0179381 0.000674584 0.34524	
2.62	0.0179308 0.000675392 0.345383	
2.63	0.0179235 0.000676197 0.345526	
2.64	0.0179162 0.000677 0.345668	
2.65	0.0179089 0.0006778 0.345811	
2.66	0.0179017 0.000678598 0.345953	
2.67	0.0178944 0.000679393 0.346095	
2.68	0.0178871 0.000680185 0.346237	
2.69	0.0178798 0.000680974 0.346379	
2.7	0.0178725 0.000681761 0.34652	
2.71	0.0178653 0.000682545 0.346662	
2.72	0.017858 0.000683326 0.346803	
2.73	0.0178508 0.000684105 0.346944	
2.74	0.0178435 0.000684881 0.347085	
2.75	0.0178363 0.000685655 0.347225	
2.76	0.017829 0.000686426 0.347366	
2.77	0.0178218 0.000687194 0.347506	
2.78	0.0178146 0.000687959 0.347647	
2.79	0.0178074 0.000688722 0.347787	
2.8	0.0178001 0.000689483 0.347927	
2.81	0.0177929 0.00069024 0.348066	
2.82	0.0177857 0.000690996 0.348206	
2.83	0.0177785 0.000691748 0.348345	
2.84	0.0177713 0.000692498 0.348485	
2.85	0.0177641 0.000693245 0.348624	
2.86	0.0177569 0.00069399 0.348763	
2.87	0.0177497 0.000694733 0.348902	
2.88	0.0177426 0.000695472 0.34904	
2.89	0.0177354 0.000696209 0.349179	
2.9	0.0177282 0.000696944 0.349317	
2.91	0.017721 0.000697676 0.349455	
2.92	0.0177139 0.000698405 0.349593	
2.93	0.0177067 0.000699132 0.349731	
2.94	0.0176996 0.000699857 0.349869	
2.95	0.0176924 0.000700578 0.350007	
2.96	0.0176853 0.000701298 0.350144	
2.97	0.0176781 0.000702015 0.350281	
2.98	0.017671 0.000702729 0.350418	
2.99	0.0176638 0.000703441 0.350555	
3	0.0176567 0.00070415 0.350692	
3.01	0.0176496 0.000704857 0.350829	
3.02	0.0176425 0.000705561 0.350965	
3.03	0.0176354 0.000706263 0.351102	
3.04	0.0176282 0.000706962 0.351238	
3.05	0.0176211 0.000707659 0.351374	
3.06	0.017614 0.000708354 0.35151	
3.07	0.0176069 0.000709046 0.351646	
3.08	0.0175998 0.000709735 0.351781	
3.09	0.0175927 0.000710422 0.351917	
3.1	0.0175857 0.000711107 0.352052	
3.11	0.0175786 0.000711789 0.352187	
3.12	0.0175715 0.000712469 0.352323	
3.13	0.0175644 0.000713146 0.352457	
3.14	0.0175574 0.000713821 0.352592	
3.15	0.0175503 0.000714493 0.352727	
3.16	0.0175432 0.000715163 0.352861	
3.17	0.0175362 0.000715831 0.352996	
3.18	0.0175291 0.000716496 0.35313	
3.19	0.0175221 0.000717159 0.353264	
3.2	0.017515 0.000717819 0.353398	
3.21	0.017508 0.000718478 0.353531	
3.22	0.0175009 0.000719133 0.353665	
3.23	0.0174939 0.000719787 0.353799	
3.24	0.0174869 0.000720437 0.353932	
3.25	0.0174798 0.000721086 0.354065	
3.26	0.0174728 0.000721732 0.354198	
3.27	0.0174658 0.000722376 0.354331	
3.28	0.0174588 0.000723018 0.354464	
3.29	0.0174517 0.000723657 0.354596	
3.3	0.0174447 0.000724293 0.354729	
3.31	0.0174377 0.000724928 0.354861	
3.32	0.0174307 0.00072556 0.354994	
3.33	0.0174237 0.00072619 0.355126	
3.34	0.0174167 0.000726817 0.355258	
3.35	0.0174097 0.000727442 0.355389	
3.36	0.0174027 0.000728065 0.355521	
3.37	0.0173958 0.000728686 0.355653	
3.38	0.0173888 0.000729304 0.355784	
3.39	0.0173818 0.00072992 0.355915	
3.4	0.0173748 0.000730534 0.356046	
3.41	0.0173679 0.000731145 0.356177	
3.42	0.0173609 0.000731754 0.356308	
3.43	0.0173539 0.000732361 0.356439	
3.44	0.017347 0.000732966 0.35657	
3.45	0.01734 0.000733568 0.3567	
3.46	0.0173331 0.000734168 0.35683	
3.47	0.0173261 0.000734766 0.356961	
3.48	0.0173192 0.000735361 0.357091	
3.49	0.0173122 0.000735954 0.357221	
3.5	0.0173053 0.000736545 0.35735	
3.51	0.0172983 0.000737134 0.35748	
3.52	0.0172914 0.000737721 0.35761	
3.53	0.0172845 0.000738305 0.357739	
3.54	0.0172775 0.000738887 0.357868	
3.55	0.0172706 0.000739467 0.357997	
3.56	0.0172637 0.000740045 0.358126	
3.57	0.0172568 0.00074062 0.358255	
3.58	0.0172499 0.000741193 0.358384	
3.59	0.017243 0.000741764 0.358513	
3.6	0.0172361 0.000742333 0.358641	
3.61	0.0172291 0.0007429 0.358769	
3.62	0.0172222 0.000743464 0.358898	
3.63	0.0172153 0.000744027 0.359026	
3.64	0.0172085 0.000744587 0.359154	
3.65	0.0172016 0.000745145 0.359282	
3.66	0.0171947 0.0007457 0.359409	
3.67	0.0171878 0.000746254 0.359537	
3.68	0.0171809 0.000746806 0.359664	
3.69	0.017174 0.000747355 0.359792	
3.7	0.0171671 0.000747902 0.359919	
3.71	0.0171603 0.000748447 0.360046	
3.72	0.0171534 0.00074899 0.360173	
3.73	0.0171465 0.000749531 0.3603	
3.74	0.0171397 0.000750069 0.360427	
3.75	0.0171328 0.000750606 0.360553	
3.76	0.0171259 0.00075114 0.36068	
3.77	0.0171191 0.000751672 0.360806	
3.78	0.0171122 0.000752202 0.360932	
3.79	0.0171054 0.00075273 0.361059	
3.8	0.0170985 0.000753256 0.361185	
3.81	0.0170917 0.00075378 0.36131	
3.82	0.0170849 0.000754302 0.361436	
3.83	0.017078 0.000754822 0.361562	
3.84	0.0170712 0.000755339 0.361687	
3.85	0.0170643 0.000755855 0.361813	
3.86	0.0170575 0.000756368 0.361938	
3.87	0.0170507 0.000756879 0.362063	
3.88	0.0170439 0.000757388 0.362188	
3.89	0.017037 0.000757896 0.362313	
3.9	0.0170302 0.000758401 0.362438	
3.91	0.0170234 0.000758904 0.362563	
3.92	0.0170166 0.000759405 0.362687	
3.93	0.0170098 0.000759904 0.362812	
3.94	0.017003 0.000760401 0.362936	
3.95	0.0169962 0.000760896 0.36306	
3.96	0.0169894 0.000761389 0.363184	
3.97	0.0169826 0.000761879 0.363308	
3.98	0.0169758 0.000762368 0.363432	
3.99	0.016969 0.000762855 0.363556	
4	0.016969 0.000762855 0.363556	
4.01	0.016969 0.000762855 0.363556	
4.02	0.016969 0.000762855 0.363556	
4.03	0.016969 0.000762855 0.363556	
4.04	0.016969 0.000762855 0.363556	
4.05	0.016969 0.000762855 0.363556	
4.06	0.016969 0.000762855 0.363556	
4.07	0.016969 0.000762855 0.363556	
4.08	0.016969 0.000762855 0.363556	
4.09	0.016969 0.000762855 0.363556	
4.1	0.016969 0.000762855 0.363556	
4.11	0.016969 0.000762855 0.363556	
4.12	0.016969 0.000762855 0.363556	
4.13	0.016969 0.000762855 0.363556	
4.14	0.016969 0.000762855 0.363556	
4.15	0.016969 0.000762855 0.363556	
4.16	0.016969 0.000762855 0.363556	
4.17	0.016969 0.000762855 0.363556	
4.18	0.016969 0.000762855 0.363556	
4.19	0.016969 0.000762855 0.363556	
4.2	0.016969 0.000762855 0.363556	
4.21	0.016969 0.000762855 0.363556	
4.22	0.016969 0.000762855 0.363556	
4.23	0.016969 0.000762855 0.363556	
4.24	0.016969 0.000762855 0.363556	
4.25	0.016969 0.000762855 0.363556	
4.26	0.016969 0.000762855 0.363556	
4.27	0.016969 0.000762855 0.363556	
4.28	0.016969 0.000762855 0.363556	
4.29	0.016969 0.000762855 0.363556	
4.3	0.016969 0.000762855 0.363556	
4.31	0.016969 0.000762855 0.363556	
4.32	0.016969 0.000762855 0.363556	
4.33	0.016969 0.000762855 0.363556	
4.34	0.016969 0.000762855 0.363556	
4.35	0.016969 0.000762855 0.363556	
4.36	0.016969 0.000762855 0.363556	
4.37	0.016969 0.000762855 0.363556	
4.38	0.016969 0.000762855 0.363556	
4.39	0.016969 0.000762855 0.363556	
4.4	0.016969 0.000762855 0.363556	
4.41	0.016969 0.000762855 0.363556	
4.42	0.016969 0.000762855 0.363556	
4.43	0.016969 0.000762855 0.363556	
4.44	0.016969 0.000762855 0.363556	
4.45	0.016969 0.000762855 0.363556	
4.46	0.016969 0.000762855 0.363556	
4.47	0.016969 0.000762855 0.363556	
4.48	0.016969 0.000762855 0.363556	
4.49	0.016969 0.000762855 0.363556	
4.5	0.016969 0.000762855 0.363556	
4.51	0.016969 0.000762855 0.363556	
4.52	0.016969 0.000762855 0.363556	
4.53	0.016969 0.000762855 0.363556	
4.54	0.016969 0.000762855 0.363556	
4.55	0.016969 0.000762855 0.363556	
4.56	0.016969 0.000762855 0.363556	
4.57	0.016969 0.000762855 0.363556	
4.58	0.016969 0.000762855 0.363556	
4.59	0.016969 0.000762855 0.363556	
4.6	0.016969 0.000762855 0.363556	
4.61	0.016969 0.000762855 0.363556	
4.62	0.016969 0.000762855 0.363556	
4.63	0.016969 0.000762855 0.363556	
4.64	0.016969 0.000762855 0.363556	
4.65	0.016969 0.000762855 0.363556	
4.66	0.016969 0.000762855 0.363556	
4.67	0.016969 0.000762855 0.363556	
4.68	0.016969 0.000762855 0.363556	
4.69	0.016969 0.000762855 0.363556	
4.7	0.016969 0.000762855 0.363556	
4.71	0.016969 0.000762855 0.363556	
4.72	0.016969 0.000762855 0.363556	
4.73	0.016969 0.000762855 0.363556	
4.74	0.016969 0.000762855 0.363556	
4.75	0.016969 0.000762855 0.363556	
4.76	0.016969 0.000762855 0.363556	
4.77	0.016969 0.000762855 0.363556	
4.78	0.016969 0.000762855 0.363556	
4.79	0.016969 0.000762855 0.363556	
4.8	0.016969 0.000762855 0.363556	
4.81	0.016969 0.000762855 0.363556	
4.82	0.016969 0.000762855 0.363556	
4.83	0.016969 0.000762855 0.363556	
4.84	0.016969 0.000762855 0.363556	
4.85	0.016969 0.000762855 0.363556	
4.86	0.016969 0.000762855 0.363556	
4.87	0.016969 0.000762855 0.363556	
4.88	0.016969 0.000762855 0.363556	
4.89	0.016969 0.000762855 0.363556	
4.9	0.016969 0.000762855 0.363556	
4.91	0.016969 0.000762855 0.363556	
4.92	0.016969 0.000762855 0.363556	
4.93	0.016969 0.000762855 0.363556	
4.94	0.016969 0.000762855 0.363556	
4.95	0.016969 0.000762855 0.363556	
4.96	0.016969 0.000762855 0.363556	
4.97	0.016969 0.000762855 0.363556	
4.98	0.016969 0.000762855 0.363556	
4.99	0.016969 0.000762855 0.363556	
5	0.016969 0.000762855 0.363556	
5.01	0.016969 0.000762855 0.363556	
5.02	0.016969 0.000762855 0.363556	
5.03	0.016969 0.000762855 0.363556	
5.04	0.016969 0.000762855 0.363556	
5.05	0.016969 0.000762855 0.363556	
5.06	0.016969 0.000762855 0.363556	
5.07	0.016969 0.000762855 0.363556	
5.08	0.016969 0.000762855 0.363556	
5.09	0.016969 0.000762855 0.363556	
5.1	0.016969 0.000762855 0.363556	
5.11	0.016969 0.000762855 0.363556	
5.12	0.016969 0.000762855 0.363556	
5.13	0.016969 0.000762855 0.363556	
5.14	0.016969 0.000762855 0.363556	
5.15	0.016969 0.000762855 0.363556	
5.16	0.016969 0.000762855 0.363556	
5.17	0.016969 0.000762855 0.363556	
5.18	0.016969 0.000762855 0.363556	
5.19	0.016969 0.000762855 0.363556	
5.2	0.016969 0.000762855 0.363556	
5.21	0.016969 0.000762855 0.363556	
5.22	0.016969 0.000762855 0.363556	
5.23	0.016969 0.000762855 0.363556	
5.24	0.016969 0.000762855 0.363556	
5.25	0.016969 0.000762855 0.363556	
5.26	0.016969 0.000762855 0.363556	
5.27	0.016969 0.000762855 0.363556	
5.28	0.016969 0.000762855 0.363556	
5.29	0.016969 0.000762855 0.363556	
5.3	0.016969 0.000762855 0.363556	
5.31	0.016969 0.000762855 0.363556	
5.32	0.016969 0.000762855 0.363556	
5.33	0.016969 0.000762855 0.363556	
5.34	0.016969 0.000762855 0.363556	
5.35	0.016969 0.000762855 0.363556	
5.36	0.016969 0.000762855 0.363556	
5.37	0.016969 0.000762855 0.363556	
5.38	0.016969 0.000762855 0.363556	
5.39	0.016969 0.000762855 0.363556	
5.4	0.016969 0.000762855 0.363556	
5.41	0.016969 0.000762855 0.363556	
5.42	0.016969 0.000762855 0.363556	
5.43	0.016969 0.000762855 0.363556	
5.44	0.016969 0.000762855 0.363556	
5.45	0.016969 0.000762855 0.363556	
5.46	0.016969 0.000762855 0.363556	
5.47	0.016969 0.000762855 0.363556	
5.48	0.016969 0.000762855 0.363556	
5.49	0.016969 0.000762855 0.363556	
5.5	0.016969 0.000762855 0.363556	
5.51	0.016969 0.000762855 0.363556	
5.52	0.016969 0.000762855 0.363556	
5.53	0.016969 0.000762855 0.363556	
5.54	0.016969 0.000762855 0.363556	
5.55	0.016969 0.000762855 0.363556	
5.56	0.016969 0.000762855 0.363556	
5.57	0.016969 0.000762855 0.363556	
5.58	0.016969 0.000762855 0.363556	
5.59	0.016969 0.000762855 0.363556	
5.6	0.016969 0.000762855 0.363556	
5.61	0.016969 0.000762855 0.363556	
5.62	0.016969 0.000762855 0.363556	
5.63	0.016969 0.000762855 0.363556	
5.64	0.016969 0.000762855 0.363556	
5.65	0.016969 0.000762855 0.363556	
5.66	0.016969 0.000762855 0.363556	
5.67	0.016969 0.000762855 0.363556	
5.68	0.016969 0.000762855 0.363556	
5.69	0.016969 0.000762855 0.363556	
5.7	0.016969 0.000762855 0.363556	
5.71	0.016969 0.000762855 0.363556	
5.72	0.016969 0.000762855 0.363556	
5.73	0.016969 0.000762855 0.363556	
5.74	0.016969 0.000762855 0.363556	
5.75	0.016969 0.000762855 0.363556	
5.76	0.016969 0.000762855 0.363556	
5.77	0.016969 0.000762855 0.363556	
5.78	0.016969 0.000762855 0.363556	
5.79	0.016969 0.000762855 0.363556	
5.8	0.016969 0.000762855 0.363556	
5.81	0.016969 0.000762855 0.363556	
5.82	0.016969 0.000762855 0.363556	
5.83	0.016969 0.000762855 0.363556	
5.84	0.016969 0.000762855 0.363556	
5.85	0.016969 0.000762855 0.363556	
5.86	0.016969 0.000762855 0.363556	
5.87	0.016969 0.000762855 0.363556	
5.88	0.016969 0.000762855 0.363556	
5.89	0.016969 0.000762855 0.363556	
5.9	0.016969 0.000762855 0.363556	
5.91	0.016969 0.000762855 0.363556	
5.92	0.016969 0.000762855 0.363556	
5.93	0.016969 0.000762855 0.363556	
5.94	0.016969 0.000762855 0.363556	
5.95	0.016969 0.000762855 0.363556	
5.96	0.016969 0.000762855 0.363556	
5.97	0.016969 0.000762855 0.363556	
5.98	0.016969 0.000762855 0.363556	
5.99	0.016969 0.000762855 0.363556	
6	0.016969 0.000762855 0.363556	
6.01	0.016969 0.000762855 0.363556	
6.02	0.016969 0.000762855 0.363556	
6.03	0.016969 0.000762855 0.363556	
6.04	0.016969 0.000762855 0.363556	
6.05	0.016969 0.000762855 0.363556	
6.06	0.016969 0.000762855 0.363556	
6.07	0.016969 0.000762855 0.363556	
6.08	0.016969 0.000762855 0.363556	
6.09	0.016969 0.000762855 0.363556	
6.1	0.016969 0.000762855 0.363556	
6.11	0.016969 0.000762855 0.363556	
6.12	0.016969 0.000762855 0.363556	
6.13	0.016969 0.000762855 0.363556	
6.14	0.016969 0.000762855 0.363556	
6.15	0.016969 0.000762855 0.363556	
6.16	0.016969 0.000762855 0.363556	
6.17	0.016969 0.000762855 0.363556	
6.18	0.016969 0.000762855 0.363556	
6.19	0.016969 0.000762855 0.363556	
6.2	0.016969 0.000762855 0.363556	
6.21	0.016969 0.000762855 0.363556	
6.22	0.016969 0.000762855 0.363556	
6.23	0.016969 0.000762855 0.363556	
6.24	0.016969 0.000762855 0.363556	
6.25	0.016969 0.000762855 0.363556	
6.26	0.016969 0.000762855 0.363556	
6.27	0.016969 0.000762855 0.363556	
6.28	0.016969 0.000762855 0.363556	
6.29	0.016969 0.000762855 0.363556	
6.3	0.016969 0.000762855 0.363556	
6.31	0.016969 0.000762855 0.363556	
6.32	0.016969 0.000762855 0.363556	
6.33	0.016969 0.000762855 0.363556	
6.34	0.016969 0.000762855 0.363556	
6.35	0.016969 0.000762855 0.363556	
6.36	0.016969 0.000762855 0.363556	
6.37	0.016969 0.000762855 0.363556	
6.38	0.016969 0.000762855 0.363556	
6.39	0.016969 0.000762855 0.363556	
6.4	0.016969 0.000762855 0.363556	
6.41	0.016969 0.000762855 0.363556	
6.42	0.016969 0.000762855 0.363556	
6.43	0.016969 0.000762855 0.363556	
6.44	0.016969 0.000762855 0.363556	
6.45	0.016969 0.000762855 0.363556	
6.46	0.016969 0.000762855 0.363556	
6.47	0.016969 0.000762855 0.363556	
6.48	0.016969 0.000762855 0.363556	
6.49	0.016969 0.000762855 0.363556	
6.5	0.016969 0.000762855 0.363556	
6.51	0.016969 0.000762855 0.363556	
6.52	0.016969 0.000762855 0.363556	
6.53	0.016969 0.000762855 0.363556	
6.54	0.016969 0.000762855 0.363556	
6.55	0.016969 0.000762855 0.363556	
6.56	0.016969 0.000762855 0.363556	
6.57	0.016969 0.000762855 0.363556	
6.58	0.016969 0.000762855 0.363556	
6.59	0.016969 0.000762855 0.363556	
6.6	0.016969 0.000762855 0.363556	
6.61	0.016969 0.000762855 0.363556	
6.62	0.016969 0.000762855 0.363556	
6.63	0.016969 0.000762855 0.363556	
6.64	0.016969 0.000762855 0.363556	
6.65	0.016969 0.000762855 0.363556	
6.66	0.016969 0.000762855 0.363556	
6.67	0.016969 0.000762855 0.363556	
6.68	0.016969 0.000762855 0.363556	
6.69	0.016969 0.000762855 0.363556	
6.7	0.016969 0.000762855 0.363556	
6.71	0.016969 0.000762855 0.363556	
6.72	0.016969 0.000762855 0.363556	
6.73	0.016969 0.000762855 0.363556	
6.74	0.016969 0.000762855 0.363556	
6.75	0.016969 0.000762855 0.363556	
6.76	0.016969 0.000762855 0.363556	
6.77	0.016969 0.000762855 0.363556	
6.78	0.016969 0.000762855 0.363556	
6.79	0.016969 0.000762855 0.363556	
6.8	0.016969 0.000762855 0.363556	
6.81	0.016969 0.000762855 0.363556	
6.82	0.016969 0.000762855 0.363556	
6.83	0.016969 0.000762855 0.363556	
6.84	0.016969 0.000762855 0.363556	
6.85	0.016969 0.000762855 0.363556	
6.86	0.016969 0.000762855 0.363556	
6.87	0.016969 0.000762855 0.363556	
6.88	0.016969 0.000762855 0.363556	
6.89	0.016969 0.000762855 0.363556	
6.9	0.016969 0.000762855 0.363556	
6.91	0.016969 0.000762855 0.363556	
6.92	0.016969 0.000762855 0.363556	
6.93	0.016969 0.000762855 0.363556	
6.94	0.016969 0.000762855 0.363556	
6.95	0.016969 0.000762855 0.363556	
6.96	0.016969 0.000762855 0.363556	
6.97	0.016969 0.000762855 0.363556	
6.98	0.016969 0.000762855 0.363556	
6.99	0.016969 0.000762855 0.363556	
7	0.016969 0.000762855 0.363556	
7.01	0.016969 0.000762855 0.363556	
7.02	0.016969 0.000762855 0.363556	
7.03	0.016969 0.000762855 0.363556	
7.04	0.016969 0.000762855 0.363556	
7.05	0.016969 0.000762855 0.363556	
7.06	0.016969 0.000762855 0.363556	
7.07	0.016969 0.000762855 0.363556	
7.08	0.016969 0.000762855 0.363556	
7.09	0.016969 0.000762855 0.363556	
7.1	0.016969 0.000762855 0.363556	
7.11	0.016969 0.000762855 0.363556	
7.12	0.016969 0.000762855 0.363556	
7.13	0.016969 0.000762855 0.363556	
7.14	0.016969 0.000762855 0.363556	
7.15	0.016969 0.000762855 0.363556	
7.16	0.016969 0.000762855 0.363556	
7.17	0.016969 0.000762855 0.363556	
7.18	0.016969 0.000762855 0.363556	
7.19	0.016969 0.000762855 0.363556	
7.2	0.016969 0.000762855 0.363556	
7.21	0.016969 0.000762855 0.363556	
7.22	0.016969 0.000762855 0.363556	
7.23	0.016969 0.000762855 0.363556	
7.24	0.016969 0.000762855 0.363556	
7.25	0.016969 0.000762855 0.363556	
7.26	0.016969 0.000762855 0.363556	
7.27	0.016969 0.000762855 0.363556	
7.28	0.016969 0.000762855 0.363556	
7.29	0.016969 0.000762855 0.363556	
7.3	0.016969 0.000762855 0.363556	
7.31	0.016969 0.000762855 0.363556	
7.32	0.016969 0.000762855 0.363556	
7.33	0.016969 0.000762855 0.363556	
7.34	0.016969 0.000762855 0.363556	
7.35	0.016969 0.000762855 0.363556	
7.36	0.016969 0.000762855 0.363556	
7.37	0.016969 0.000762855 0.363556	
7.38	0.016969 0.000762855 0.363556	
7.39	0.016969 0.000762855 0.363556	
7.4	0.016969 0.000762855 0.363556	
7.41	0.016969 0.000762855 0.363556	
7.42	0.016969 0.000762855 0.363556	
7.43	0.016969 0.000762855 0.363556	
7.44	0.016969 0.000762855 0.363556	
7.45	0.016969 0.000762855 0.363556	
7.46	0.016969 0.000762855 0.363556	
7.47	0.016969 0.000762855 0.363556	
7.48	0.016969 0.000762855 0.363556	
7.49	0.016969 0.000762855 0.363556	
7.5	0.016969 0.000762855 0.363556	
7.51	0.016969 0.000762855 0.363556	
7.52	0.016969 0.000762855 0.363556	
7.53	0.016969 0.000762855 0.363556	
7.54	0.016969 0.000762855 0.363556	
7.55	0.016969 0.000762855 0.363556	
7.56	0.016969 0.000762855 0.363556	
7.57	0.016969 0.000762855 0.363556	
7.58	0.016969 0.000762855 0.363556	
7.59	0.016969 0.000762855 0.363556	
7.6	0.016969 0.000762855 0.363556	
7.61	0.016969 0.000762855 0.363556	
7.62	0.016969 0.000762855 0.363556	
7.63	0.016969 0.000762855 0.363556	
7.64	0.016969 0.000762855 0.363556	
7.65	0.016969 0.000762855 0.363556	
7.66	0.016969 0.000762855 0.363556	
7.67	0.016969 0.000762855 0.363556	
7.68	0.016969 0.000762855 0.363556	
7.69	0.016969 0.000762855 0.363556	
7.7	0.016969 0.000762855 0.363556	
7.71	0.016969 0.000762855 0.363556	
7.72	0.016969 0.000762855 0.363556	
7.73	0.016969 0.000762855 0.363556	
7.74	0.016969 0.000762855 0.363556	
7.75	0.016969 0.000762855 0.363556	
7.76	0.016969 0.000762855 0.363556	
7.77	0.016969 0.000762855 0.363556	
7.78	0.016969 0.000762855 0.363556	
7.79	0.016969 0.000762855 0.363556	
7.8	0.016969 0.000762855 0.363556	
7.81	0.016969 0.000762855 0.363556	
7.82	0.016969 0.000762855 0.363556	
7.83	0.016969 0.000762855 0.363556	
7.84	0.016969 0.000762855 0.363556	
7.85	0.016969 0.000762855 0.363556	
7.86	0.016969 0.000762855 0.363556	
7.87	0.016969 0.000762855 0.363556	
7.88	0.016969 0.000762855 0.363556	
7.89	0.016969 0.000762855 0.363556	
7.9	0.016969 0.000762855 0.363556	
7.91	0.016969 0.000762855 0.363556	
7.92	0.016969 0.000762855 0.363556	
7.93	0.016969 0.000762855 0.363556	
7.94	0.016969 0.000762855 0.363556	
7.95	0.016969 0.000762855 0.363556	
7.96	0.016969 0.000762855 0.363556	
7.97	0.016969 0.000762855 0.363556	
7.98	0.016969 0.000762855 0.363556	
7.99	0.016969 0.000762855 0.363556	
8	0.016969 0.000762855 0.363556	
8.01	0.016969 0.000762855 0.363556	
8.02	0.016969 0.000762855 0.363556	
8.03	0.016969 0.000762855 0.363556	
8.04	0.016969 0.000762855 0.363556	
8.05	0.016969 0.000762855 0.363556	
8.06	0.016969 0.000762855 0.363556	
8.07	0.016969 0.000762855 0.363556	
8.08	0.016969 0.000762855 0.363556	
8.09	0.016969 0.000762855 0.363556	
8.1	0.016969 0.000762855 0.363556	
8.11	0.016969 0.000762855 0.363556	
8.12	0.016969 0.000762855 0.363556	
8.13	0.016969 0.000762855 0.363556	
8.14	0.016969 0.000762855 0.363556	
8.15	0.016969 0.000762855 0.363556	
8.16	0.016969 0.000762855 0.363556	
8.17	0.016969 0.000762855 0.363556	
8.18	0.016969 0.000762855 0.363556	
8.19	0.016969 0.000762855 0.363556	
8.2	0.016969 0.000762855 0.363556	
8.21	0.016969 0.000762855 0.363556	
8.22	0.016969 0.000762855 0.363556	
8.23	0.016969 0.000762855 0.363556	
8.24	0.016969 0.000762855 0.363556	
8.25	0.016969 0.000762855 0.363556	
8.26	0.016969 0.000762855 0.363556	
8.27	0.016969 0.000762855 0.363556	
8.28	0.016969 0.000762855 0.363556	
8.29	0.016969 0.000762855 0.363556	
8.3	0.016969 0.000762855 0.363556	
8.31	0.016969 0.000762855 0.363556	
8.32	0.016969 0.000762855 0.363556	
8.33	0.016969 0.000762855 0.363556	
8.34	0.016969 0.000762855 0.363556	
8.35	0.016969 0.000762855 0.363556	
8.36	0.016969 0.000762855 0.363556	
8.37	0.016969 0.000762855 0.363556	
8.38	0.016969 0.000762855 0.363556	
8.39	0.016969 0.000762855 0.363556	
8.4	0.016969 0.000762855 0.363556	
8.41	0.016969 0.000762855 0.363556	
8.42	0.016969 0.000762855 0.363556	
8.43	0.016969 0.000762855 0.363556	
8.44	0.016969 0.000762855 0.363556	
8.45	0.016969 0.000762855 0.363556	
8.46	0.016969 0.000762855 0.363556	
8.47	0.016969 0.000762855 0.363556	
8.48	0.016969 0.000762855 0.363556	
8.49	0.016969 0.000762855 0.363556	
8.5	0.016969 0.000762855 0.363556	
8.51	0.016969 0.000762855 0.363556	
8.52	0.016969 0.000762855 0.363556	
8.53	0.016969 0.000762855 0.363556	
8.54	0.016969 0.000762855 0.363556	
8.55	0.016969 0.000762855 0.363556	
8.56	0.016969 0.000762855 0.363556	
8.57	0.016969 0.000762855 0.363556	
8.58	0.016969 0.000762855 0.363556	
8.59	0.016969 0.000762855 0.363556	
8.6	0.016969 0.000762855 0.363556	
8.61	0.016969 0.000762855 0.363556	
8.62	0.016969 0.000762855 0.363556	
8.63	0.016969 0.000762855 0.363556	
8.64	0.016969 0.000762855 0.363556	
8.65	0.016969 0.000762855 0.363556	
8.66	0.016969 0.000762855 0.363556	
8.67	0.016969 0.000762855 0.363556	
8.68	0.016969 0.000762855 0.363556	
8.69	0.016969 0.000762855 0.363556	
8.7	0.016969 0.000762855 0.363556	
8.71	0.016969 0.000762855 0.363556	
8.72	0.016969 0.000762855 0.363556	
8.73	0.016969 0.000762855 0.363556	
8.74	0.016969 0.000762855 0.363556	
8.75	0.016969 0.000762855 0.363556	
8.76	0.016969 0.000762855 0.363556	
8.77	0.016969 0.000762855 0.363556	
8.78	0.016969 0.000762855 0.363556	
8.79	0.016969 0.000762855 0.363556	
8.8	0.016969 0.000762855 0.363556	
8.81	0.016969 0.000762855 0.363556	
8.82	0.016969 0.000762855 0.363556	
8.83	0.016969 0.000762855 0.363556	
8.84	0.016969 0.000762855 0.363556	
8.85	0.016969 0.000762855 0.363556	
8.86	0.016969 0.000762855 0.363556	
8.87	0.016969 0.000762855 0.363556	
8.88	0.016969 0.000762855 0.363556	
8.89	0.016969 0.000762855 0.363556	
8.9	0.016969 0.000762855 0.363556	
8.91	0.016969 0.000762855 0.363556	
8.92	0.016969 0.000762855 0.363556	
8.93	0.016969 0.000762855 0.363556	
8.94	0.016969 0.000762855 0.363556	
8.95	0.016969 0.000762855 0.363556	
8.96	0.016969 0.000762855 0.363556	
8.97	0.016969 0.000762855 0.363556	
8.98	0.016969 0.000762855 0.363556	
8.99	0.016969 0.000762855 0.363556	
9	0.016969 0.000762855 0.363556	
9.01	0.016969 0.000762855 0.363556	
9.02	0.016969 0.000762855 0.363556	
9.03	0.016969 0.000762855 0.363556	
9.04	0.016969 0.000762855 0.363556	
9.05	0.016969 0.000762855 0.363556	
9.06	0.016969 0.000762855 0.363556	
9.07	0.016969 0.000762855 0.363556	
9.08	0.016969 0.000762855 0.363556	
9.09	0.016969 0.000762855 0.363556	
9.1	0.016969 0.000762855 0.363556	
9.11	0.016969 0.000762855 0.363556	
9.12	0.016969 0.000762855 0.363556	
9.13	0.016969 0.000762855 0.363556	
9.14	0.016969 0.000762855 0.363556	
9.15	0.016969 0.000762855 0.363556	
9.16	0.016969 0.000762855 0.363556	
9.17	0.016969 0.000762855 0.363556	
9.18	0.016969 0.000762855 0.363556	
9.19	0.016969 0.000762855 0.363556	
9.2	0.016969 0.000762855 0.363556	
9.21	0.016969 0.000762855 0.363556	
9.22	0.016969 0.000762855 0.363556	
9.23	0.016969 0.000762855 0.363556	
9.24	0.016969 0.000762855 0.363556	
9.25	0.016969 0.000762855 0.363556	
9.26	0.016969 0.000762855 0.363556	
9.27	0.016969 0.000762855 0.363556	
9.28	0.016969 0.000762855 0.363556	
9.29	0.016969 0.000762855 0.363556	
9.3	0.016969 0.000762855 0.363556	
9.31	0.016969 0.000762855 0.363556	
9.32	0.016969 0.000762855 0.363556	
9.33	0.016969 0.000762855 0.363556	
9.34	0.016969 0.000762855 0.363556	
9.35	0.016969 0.000762855 0.363556	
9.36	0.016969 0.000762855 0.363556	
9.37	0.016969 0.000762855 0.363556	
9.38	0.016969 0.000762855 0.363556	
9.39	0.016969 0.000762855 0.363556	
9.4	0.016969 0.000762855 0.363556	
9.41	0.016969 0.000762855 0.363556	
9.42	0.016969 0.000762855 0.363556	
9.43	0.016969 0.000762855 0.363556	
9.44	0.016969 0.000762855 0.363556	
9.45	0.016969 0.000762855 0.363556	
9.46	0.016969 0.000762855 0.363556	
9.47	0.016969 0.000762855 0.363556	
9.48	0.016969 0.000762855 0.363556	
9.49	0.016969 0.000762855 0.363556	
9.5	0.016969 0.000762855 0.363556	
9.51	0.016969 0.000762855 0.363556	
9.52	0.016969 0.000762855 0.363556	
9.53	0.016969 0.000762855 0.363556	
9.54	0.016969 0.000762855 0.363556	
9.55	0.016969 0.000762855 0.363556	
9.56	0.016969 0.000762855 0.363556	
9.57	0.016969 0.000762855 0.363556	
9.58	0.016969 0.000762855 0.363556	
9.59	0.016969 0.000762855 0.363556	
9.6	0.016969 0.000762855 0.363556	
9.61	0.016969 0.000762855 0.363556	
9.62	0.016969 0.000762855 0.363556	
9.63	0.016969 0.000762855 0.363556	
9.64	0.016969 0.000762855 0.363556	
9.65	0.016969 0.000762855 0.363556	
9.66	0.016969 0.000762855 0.363556	
9.67	0.016969 0.000762855 0.363556	
9.68	0.016969 0.000762855 0.363556	
9.69	0.016969 0.000762855 0.363556	
9.7	0.016969 0.000762855 0.363556	
9.71	0.016969 0.000762855 0.363556	
9.72	0.016969 0.000762855 0.363556	
9.73	0.016969 0.000762855 0.363556	
9.74	0.016969 0.000762855 0.363556	
9.75	0.016969 0.000762855 0.363556	
9.76	0.016969 0.000762855 0.363556	
9.77	0.016969 0.000762855 0.363556	
9.78	0.016969 0.000762855 0.363556	
9.79	0.016969 0.000762855 0.363556	
9.8	0.016969 0.000762855 0.363556	
9.81	0.016969 0.000762855 0.363556	
9.82	0.016969 0.000762855 0.363556	
9.83	0.016969 0.000762855 0.363556	
9.84	0.016969 0.000762855 0.363556	
9.85	0.016969 0.000762855 0.363556	
9.86	0.016969 0.000762855 0.363556	
9.87	0.016969 0.000762855 0.363556	
9.88	0.016969 0.000762855 0.363556	
9.89	0.016969 0.000762855 0.363556	
9.9	0.016969 0.000762855 0.363556	
9.91	0.016969 0.000762855 0.363556	
9.92	0.016969 0.000762855 0.363556	
9.93	0.016969 0.000762855 0.363556	
9.94	0.016969 0.000762855 0.363556	
9.95	0.016969 0.000762855 0.363556	
9.96	0.016969 0.000762855 0.363556	
9.97	0.016969 0.000762855 0.363556	
9.98	0.016969 0.000762855 0.363556	
9.99	0.016969 0.000762855 0.363556	
10	0.016969 0.000762855 0.363556	
