0	0.02 0 0.3	
0.01	0.0200151 3.82744e-05 0.300215	
0.02	0.0200259 7.08515e-05 0.30043	
0.03	0.0200333 9.8897e-05 0.300645	
0.04	0.020038 0.000123281 0.30086	
0.05	0.0200404 0.000144667 0.301074	
0.06	0.020041 0.000163567 0.301288	
0.07	0.02004 0.000180387 0.301502	
0.08	0.0200377 0.000195447 0.301716	
0.09	0.0200343 0.000209008 0.30193	
0.1	0.0200299 0.000221283 0.302143	
0.11	0.0200248 0.000232444 0.302355	
0.12	0.0200189 0.000242643 0.302568	
0.13	0.0200125 0.000251989 0.30278	
0.14	0.0200055 0.000260592 0.302991	
0.15	0.0199981 0.000268539 0.303202	
0.16	0.0199902 0.000275902 0.303413	
0.17	0.0199821 0.000282747 0.303623	
0.18	0.0199736 0.000289127 0.303833	
0.19	0.0199648 0.000295092 0.304043	
0.2	0.0199558 0.000300683 0.304252	
0.21	0.0199466 0.000305935 0.304461	
0.22	0.0199372 0.000310882 0.304669	
0.23	0.0199276 0.000315551 0.304877	
0.24	0.0199179 0.000319968 0.305084	
0.25	0.019908 0.000324155 0.305291	
0.26	0.0198981 0.000328131 0.305498	
0.27	0.019888 0.000331914 0.305704	
0.28	0.0198778 0.000335521 0.30591	
0.29	0.0198676 0.000338965 0.306115	
0.3	0.0198573 0.00034226 0.30632	
0.31	0.0198469 0.000345416 0.306525	
0.32	0.0198365 0.000348445 0.306729	
0.33	0.019826 0.000351356 0.306933	
0.34	0.0198155 0.000354157 0.307136	
0.35	0.0198049 0.000356856 0.307339	
0.36	0.0197943 0.000359461 0.307542	
0.37	0.0197837 0.000361978 0.307744	
0.38	0.0197731 0.000364412 0.307946	
0.39	0.0197624 0.000366771 0.308147	
0.4	0.0197517 0.000369057 0.308348	
0.41	0.0197411 0.000371277 0.308548	
0.42	0.0197304 0.000373434 0.308749	
0.43	0.0197197 0.000375533 0.308948	
0.44	0.0197089 0.000377576 0.309148	
0.45	0.0196982 0.000379568 0.309347	
0.46	0.0196875 0.000381511 0.309545	
0.47	0.0196768 0.000383408 0.309743	
0.48	0.0196661 0.000385262 0.309941	
0.49	0.0196554 0.000387075 0.310139	
0.5	0.0196447 0.00038885 0.310336	
0.51	0.019634 0.000390589 0.310532	
0.52	0.0196233 0.000392293 0.310728	
0.53	0.0196126 0.000393965 0.310924	
0.54	0.0196019 0.000395606 0.31112	
0.55	0.0195912 0.000397217 0.311315	
0.56	0.0195806 0.000398802 0.31151	
0.57	0.0195699 0.000400359 0.311704	
0.58	0.0195593 0.000401892 0.311898	
0.59	0.0195487 0.000403402 0.312092	
0.6	0.0195381 0.000404888 0.312285	
0.61	0.0195275 0.000406354 0.312478	
0.62	0.0195169 0.000407798 0.312671	
0.63	0.0195063 0.000409223 0.312863	
0.64	0.0194958 0.00041063 0.313055	
0.65	0.0194852 0.000412019 0.313246	
0.66	0.0194747 0.00041339 0.313437	
0.67	0.0194642 0.000414746 0.313628	
0.68	0.0194537 0.000416086 0.313818	
0.69	0.0194432 0.00041741 0.314008	
0.7	0.0194327 0.000418721 0.314198	
0.71	0.0194223 0.000420018 0.314388	
0.72	0.0194119 0.000421302 0.314577	
0.73	0.0194015 0.000422573 0.314765	
0.74	0.0193911 0.000423832 0.314954	
0.75	0.0193807 0.000425079 0.315142	
0.76	0.0193703 0.000426315 0.315329	
0.77	0.01936 0.000427541 0.315517	
0.78	0.0193496 0.000428756 0.315703	
0.79	0.0193393 0.00042996 0.31589	
0.8	0.019329 0.000431155 0.316076	
0.81	0.0193187 0.000432341 0.316262	
0.82	0.0193085 0.000433518 0.316448	
0.83	0.0192982 0.000434686 0.316633	
0.84	0.019288 0.000435846 0.316818	
0.85	0.0192778 0.000436997 0.317003	
0.86	0.0192676 0.00043814 0.317187	
0.87	0.0192574 0.000439276 0.317371	
0.88	0.0192472 0.000440405 0.317555	
0.89	0.0192371 0.000441526 0.317738	
0.9	0.019227 0.00044264 0.317921	
0.91	0.0192168 0.000443747 0.318104	
0.92	0.0192067 0.000444848 0.318286	
0.93	0.0191967 0.000445942 0.318468	
0.94	0.0191866 0.00044703 0.31865	
0.95	0.0191765 0.000448112 0.318832	
0.96	0.0191665 0.000449188 0.319013	
0.97	0.0191565 0.000450258 0.319194	
0.98	0.0191465 0.000451323 0.319374	
0.99	0.0191365 0.000452382 0.319554	
1	0.0191265 0.000453436 0.319734	
1.01	0.0191166 0.000454484 0.319914	
1.02	0.0191066 0.000455528 0.320093	
1.03	0.0190967 0.000456566 0.320272	
1.04	0.0190868 0.000457599 0.320451	
1.05	0.0190769 0.000458628 0.320629	
1.06	0.019067 0.000459652 0.320807	
1.07	0.0190572 0.000460671 0.320985	
1.08	0.0190473 0.000461686 0.321163	
1.09	0.0190375 0.000462696 0.32134	
1.1	0.0190277 0.000463702 0.321517	
1.11	0.0190179 0.000464704 0.321694	
1.12	0.0190081 0.000465701 0.32187	
1.13	0.0189983 0.000466694 0.322046	
1.14	0.0189886 0.000467684 0.322222	
1.15	0.0189788 0.000468669 0.322397	
1.16	0.0189691 0.00046965 0.322572	
1.17	0.0189594 0.000470628 0.322747	
1.18	0.0189497 0.000471601 0.322922	
1.19	0.01894 0.000472571 0.323096	
1.2	0.0189303 0.000473537 0.32327	
1.21	0.0189207 0.0004745 0.323444	
1.22	0.018911 0.000475459 0.323618	
1.23	0.0189014 0.000476414 0.323791	
1.24	0.0188918 0.000477366 0.323964	
1.25	0.0188822 0.000478315 0.324136	
1.26	0.0188726 0.00047926 0.324309	
1.27	0.018863 0.000480201 0.324481	
1.28	0.0188535 0.00048114 0.324653	
1.29	0.0188439 0.000482075 0.324824	
1.3	0.0188344 0.000483006 0.324996	
1.31	0.0188248 0.000483935 0.325167	
1.32	0.0188153 0.00048486 0.325338	
1.33	0.0188058 0.000485782 0.325508	
1.34	0.0187964 0.000486701 0.325678	
1.35	0.0187869 0.000487617 0.325848	
1.36	0.0187774 0.00048853 0.326018	
1.37	0.018768 0.00048944 0.326187	
1.38	0.0187585 0.000490346 0.326357	
1.39	0.0187491 0.00049125 0.326526	
1.4	0.0187397 0.000492151 0.326694	
1.41	0.0187303 0.000493048 0.326863	
1.42	0.0187209 0.000493943 0.327031	
1.43	0.0187115 0.000494835 0.327199	
1.44	0.0187022 0.000495724 0.327366	
1.45	0.0186928 0.00049661 0.327534	
1.46	0.0186835 0.000497494 0.327701	
1.47	0.0186742 0.000498374 0.327868	
1.48	0.0186649 0.000499252 0.328034	
1.49	0.0186556 0.000500127 0.328201	
1.5	0.0186463 0.000500999 0.328367	
1.51	0.018637 0.000501868 0.328533	
1.52	0.0186277 0.000502735 0.328698	
1.53	0.0186185 0.000503599 0.328864	
1.54	0.0186092 0.00050446 0.329029	
1.55	0.0186 0.000505319 0.329194	
1.56	0.0185907 0.000506174 0.329359	
1.57	0.0185815 0.000507028 0.329523	
1.58	0.0185723 0.000507878 0.329687	
1.59	0.0185631 0.000508726 0.329851	
1.6	0.018554 0.000509571 0.330015	
1.61	0.0185448 0.000510414 0.330178	
1.62	0.0185356 0.000511254 0.330342	
1.63	0.0185265 0.000512091 0.330505	
1.64	0.0185173 0.000512926 0.330667	
1.65	0.0185082 0.000513758 0.33083	
1.66	0.0184991 0.000514588 0.330992	
1.67	0.01849 0.000515415 0.331154	
1.68	0.0184809 0.00051624 0.331316	
1.69	0.0184718 0.000517062 0.331478	
1.7	0.0184627 0.000517881 0.331639	
1.71	0.0184536 0.000518698 0.3318	
1.72	0.0184446 0.000519513 0.331961	
1.73	0.0184355 0.000520325 0.332122	
1.74	0.0184265 0.000521134 0.332282	
1.75	0.0184175 0.000521941 0.332442	
1.76	0.0184085 0.000522746 0.332602	
1.77	0.0183994 0.000523548 0.332762	
1.78	0.0183904 0.000524348 0.332922	
1.79	0.0183814 0.000525145 0.333081	
1.8	0.0183725 0.000525939 0.33324	
1.81	0.0183635 0.000526732 0.333399	
1.82	0.0183545 0.000527522 0.333557	
1.83	0.0183456 0.000528309 0.333716	
1.84	0.0183366 0.000529094 0.333874	
1.85	0.0183277 0.000529877 0.334032	
1.86	0.0183188 0.000530657 0.33419	
1.87	0.0183099 0.000531435 0.334347	
1.88	0.0183009 0.00053221 0.334505	
1.89	0.018292 0.000532984 0.334662	
1.9	0.0182832 0.000533754 0.334819	
1.91	0.0182743 0.000534523 0.334976	
1.92	0.0182654 0.000535289 0.335132	
1.93	0.0182565 0.000536052 0.335288	
1.94	0.0182477 0.000536813 0.335444	
1.95	0.0182388 0.000537572 0.3356	
1.96	0.01823 0.000538329 0.335756	
1.97	0.0182212 0.000539083 0.335911	
1.98	0.0182123 0.000539835 0.336067	
1.99	0.0182035 0.000540585 0.336222	
2	0.0181947 0.000541332 0.336376	
2.01	0.0181859 0.000542077 0.336531	
2.02	0.0181771 0.000542819 0.336685	
2.03	0.0181683 0.00054356 0.33684	
2.04	0.0181596 0.000544298 0.336994	
2.05	0.0181508 0.000545033 0.337147	
2.06	0.018142 0.000545767 0.337301	
2.07	0.0181333 0.000546498 0.337454	
2.08	0.0181245 0.000547227 0.337607	
2.09	0.0181158 0.000547953 0.33776	
2.1	0.0181071 0.000548677 0.337913	
2.11	0.0180984 0.000549399 0.338066	
2.12	0.0180897 0.000550119 0.338218	
2.13	0.018081 0.000550837 0.33837	
2.14	0.0180723 0.000551552 0.338522	
2.15	0.0180636 0.000552265 0.338674	
2.16	0.0180549 0.000552975 0.338826	
2.17	0.0180462 0.000553684 0.338977	
2.18	0.0180375 0.00055439 0.339128	
2.19	0.0180289 0.000555094 0.339279	
2.2	0.0180202 0.000555796 0.33943	
2.21	0.0180116 0.000556495 0.339581	
2.22	0.018003 0.000557192 0.339731	
2.23	0.0179943 0.000557887 0.339881	
2.24	0.0179857 0.00055858 0.340031	
2.25	0.0179771 0.000559271 0.340181	
2.26	0.0179685 0.000559959 0.340331	
2.27	0.0179599 0.000560645 0.34048	
2.28	0.0179513 0.000561329 0.34063	
2.29	0.0179427 0.000562011 0.340779	
2.3	0.0179341 0.000562691 0.340928	
2.31	0.0179255 0.000563368 0.341076	
2.32	0.017917 0.000564043 0.341225	
2.33	0.0179084 0.000564716 0.341373	
2.34	0.0178999 0.000565387 0.341521	
2.35	0.0178913 0.000566056 0.341669	
2.36	0.0178828 0.000566722 0.341817	
2.37	0.0178742 0.000567386 0.341965	
2.38	0.0178657 0.000568048 0.342112	
2.39	0.0178572 0.000568708 0.342259	
2.4	0.0178487 0.000569366 0.342407	
2.41	0.0178402 0.000570022 0.342553	
2.42	0.0178317 0.000570675 0.3427	
2.43	0.0178232 0.000571326 0.342847	
2.44	0.0178147 0.000571975 0.342993	
2.45	0.0178062 0.000572622 0.343139	
2.46	0.0177977 0.000573267 0.343285	
2.47	0.0177892 0.00057391 0.343431	
2.48	0.0177808 0.000574551 0.343577	
2.49	0.0177723 0.000575189 0.343722	
2.5	0.0177639 0.000575825 0.343867	
2.51	0.0177554 0.00057646 0.344012	
2.52	0.017747 0.000577092 0.344157	
2.53	0.0177386 0.000577722 0.344302	
2.54	0.0177301 0.000578349 0.344447	
2.55	0.0177217 0.000578975 0.344591	
2.56	0.0177133 0.000579599 0.344735	
2.57	0.0177049 0.00058022 0.344879	
2.58	0.0176965 0.00058084 0.345023	
2.59	0.0176881 0.000581457 0.345167	
2.6	0.0176797 0.000582072 0.345311	
2.61	0.0176713 0.000582685 0.345454	
2.62	0.0176629 0.000583296 0.345597	
2.63	0.0176545 0.000583905 0.34574	
2.64	0.0176462 0.000584512 0.345883	
2.65	0.0176378 0.000585117 0.346026	
2.66	0.0176294 0.000585719 0.346168	
2.67	0.0176211 0.00058632 0.346311	
2.68	0.0176127 0.000586918 0.346453	
2.69	0.0176044 0.000587515 0.346595	
2.7	0.0175961 0.000588109 0.346737	
2.71	0.0175877 0.000588702 0.346879	
2.72	0.0175794 0.000589292 0.34702	
2.73	0.0175711 0.00058988 0.347162	
2.74	0.0175628 0.000590466 0.347303	
2.75	0.0175545 0.000591051 0.347444	
2.76	0.0175462 0.000591633 0.347585	
2.77	0.0175379 0.000592213 0.347726	
2.78	0.0175296 0.000592791 0.347866	
2.79	0.0175213 0.000593367 0.348006	
2.8	0.017513 0.000593941 0.348147	
2.81	0.0175047 0.000594512 0.348287	
2.82	0.0174964 0.000595082 0.348427	
2.83	0.0174882 0.00059565 0.348567	
2.84	0.0174799 0.000596216 0.348706	
2.85	0.0174716 0.00059678 0.348846	
2.86	0.0174634 0.000597342 0.348985	
2.87	0.0174551 0.000597901 0.349124	
2.88	0.0174469 0.000598459 0.349263	
2.89	0.0174387 0.000599015 0.349402	
2.9	0.0174304 0.000599569 0.349541	
2.91	0.0174222 0.00060012 0.349679	
2.92	0.017414 0.00060067 0.349817	
2.93	0.0174058 0.000601218 0.349956	
2.94	0.0173975 0.000601764 0.350094	
2.95	0.0173893 0.000602308 0.350232	
2.96	0.0173811 0.000602849 0.350369	
2.97	0.0173729 0.000603389 0.350507	
2.98	0.0173647 0.000603927 0.350644	
2.99	0.0173565 0.000604463 0.350782	
3	0.0173484 0.000604997 0.350919	
3.01	0.0173402 0.000605529 0.351056	
3.02	0.017332 0.000606059 0.351193	
3.03	0.0173238 0.000606587 0.351329	
3.04	0.0173157 0.000607113 0.351466	
3.05	0.0173075 0.000607637 0.351602	
3.06	0.0172993 0.000608159 0.351738	
3.07	0.0172912 0.000608679 0.351875	
3.08	0.017283 0.000609198 0.352011	
3.09	0.0172749 0.000609714 0.352146	
3.1	0.0172667 0.000610228 0.352282	
3.11	0.0172586 0.000610741 0.352417	
3.12	0.0172505 0.000611251 0.352553	
3.13	0.0172423 0.00061176 0.352688	
3.14	0.0172342 0.000612267 0.352823	
3.15	0.0172261 0.000612771 0.352958	
3.16	0.017218 0.000613274 0.353093	
3.17	0.0172099 0.000613775 0.353227	
3.18	0.0172018 0.000614274 0.353362	
3.19	0.0171937 0.000614771 0.353496	
3.2	0.0171856 0.000615266 0.35363	
3.21	0.0171775 0.000615759 0.353764	
3.22	0.0171694 0.000616251 0.353898	
3.23	0.0171613 0.00061674 0.354032	
3.24	0.0171532 0.000617228 0.354166	
3.25	0.0171451 0.000617713 0.354299	
3.26	0.0171371 0.000618197 0.354433	
3.27	0.017129 0.000618679 0.354566	
3.28	0.0171209 0.000619159 0.354699	
3.29	0.0171129 0.000619637 0.354832	
3.3	0.0171048 0.000620113 0.354965	
3.31	0.0170968 0.000620588 0.355097	
3.32	0.0170887 0.00062106 0.35523	
3.33	0.0170807 0.000621531 0.355362	
3.34	0.0170726 0.000621999 0.355494	
3.35	0.0170646 0.000622466 0.355626	
3.36	0.0170565 0.000622931 0.355758	
3.37	0.0170485 0.000623394 0.35589	
3.38	0.0170405 0.000623856 0.356022	
3.39	0.0170325 0.000624315 0.356153	
3.4	0.0170244 0.000624773 0.356285	
3.41	0.0170164 0.000625228 0.356416	
3.42	0.0170084 0.000625682 0.356547	
3.43	0.0170004 0.000626134 0.356678	
3.44	0.0169924 0.000626584 0.356809	
3.45	0.0169844 0.000627033 0.35694	
3.46	0.0169764 0.000627479 0.357071	
3.47	0.0169684 0.000627924 0.357201	
3.48	0.0169604 0.000628367 0.357331	
3.49	0.0169524 0.000628808 0.357462	
3.5	0.0169444 0.000629247 0.357592	
3.51	0.0169365 0.000629685 0.357722	
3.52	0.0169285 0.00063012 0.357851	
3.53	0.0169205 0.000630554 0.357981	
3.54	0.0169125 0.000630986 0.358111	
3.55	0.0169046 0.000631416 0.35824	
3.56	0.0168966 0.000631844 0.358369	
3.57	0.0168886 0.000632271 0.358498	
3.58	0.0168807 0.000632696 0.358628	
3.59	0.0168727 0.000633119 0.358756	
3.6	0.0168648 0.00063354 0.358885	
3.61	0.0168568 0.000633959 0.359014	
3.62	0.0168489 0.000634377 0.359142	
3.63	0.016841 0.000634793 0.359271	
3.64	0.016833 0.000635207 0.359399	
3.65	0.0168251 0.000635619 0.359527	
3.66	0.0168172 0.000636029 0.359655	
3.67	0.0168092 0.000636438 0.359783	
3.68	0.0168013 0.000636845 0.359911	
3.69	0.0167934 0.00063725 0.360038	
3.7	0.0167855 0.000637654 0.360166	
3.71	0.0167776 0.000638055 0.360293	
3.72	0.0167697 0.000638455 0.360421	
3.73	0.0167617 0.000638853 0.360548	
3.74	0.0167538 0.00063925 0.360675	
3.75	0.0167459 0.000639645 0.360802	
3.76	0.016738 0.000640037 0.360928	
3.77	0.0167301 0.000640429 0.361055	
3.78	0.0167223 0.000640818 0.361181	
3.79	0.0167144 0.000641206 0.361308	
3.8	0.0167065 0.000641592 0.361434	
3.81	0.0166986 0.000641976 0.36156	
3.82	0.0166907 0.000642358 0.361686	
3.83	0.0166828 0.000642739 0.361812	
3.84	0.016675 0.000643118 0.361938	
3.85	0.0166671 0.000643495 0.362064	
3.86	0.0166592 0.000643871 0.362189	
3.87	0.0166514 0.000644245 0.362314	
3.88	0.0166435 0.000644617 0.36244	
3.89	0.0166356 0.000644987 0.362565	
3.9	0.0166278 0.000645356 0.36269	
3.91	0.0166199 0.000645723 0.362815	
3.92	0.0166121 0.000646089 0.36294	
3.93	0.0166042 0.000646452 0.363064	
3.94	0.0165964 0.000646814 0.363189	
3.95	0.0165885 0.000647174 0.363313	
3.96	0.0165807 0.000647533 0.363438	
3.97	0.0165729 0.00064789 0.363562	
3.98	0.016565 0.000648245 0.363686	
3.99	0.0165572 0.000648599 0.36381	
4	0.0165572 0.000648599 0.36381	
4.01	0.0165572 0.000648599 0.36381	
4.02	0.0165572 0.000648599 0.36381	
4.03	0.0165572 0.000648599 0.36381	
4.04	0.0165572 0.000648599 0.36381	
4.05	0.0165572 0.000648599 0.36381	
4.06	0.0165572 0.000648599 0.36381	
4.07	0.0165572 0.000648599 0.36381	
4.08	0.0165572 0.000648599 0.36381	
4.09	0.0165572 0.000648599 0.36381	
4.1	0.0165572 0.000648599 0.36381	
4.11	0.0165572 0.000648599 0.36381	
4.12	0.0165572 0.000648599 0.36381	
4.13	0.0165572 0.000648599 0.36381	
4.14	0.0165572 0.000648599 0.36381	
4.15	0.0165572 0.000648599 0.36381	
4.16	0.0165572 0.000648599 0.36381	
4.17	0.0165572 0.000648599 0.36381	
4.18	0.0165572 0.000648599 0.36381	
4.19	0.0165572 0.000648599 0.36381	
4.2	0.0165572 0.000648599 0.36381	
4.21	0.0165572 0.000648599 0.36381	
4.22	0.0165572 0.000648599 0.36381	
4.23	0.0165572 0.000648599 0.36381	
4.24	0.0165572 0.000648599 0.36381	
4.25	0.0165572 0.000648599 0.36381	
4.26	0.0165572 0.000648599 0.36381	
4.27	0.0165572 0.000648599 0.36381	
4.28	0.0165572 0.000648599 0.36381	
4.29	0.0165572 0.000648599 0.36381	
4.3	0.0165572 0.000648599 0.36381	
4.31	0.0165572 0.000648599 0.36381	
4.32	0.0165572 0.000648599 0.36381	
4.33	0.0165572 0.000648599 0.36381	
4.34	0.0165572 0.000648599 0.36381	
4.35	0.0165572 0.000648599 0.36381	
4.36	0.0165572 0.000648599 0.36381	
4.37	0.0165572 0.000648599 0.36381	
4.38	0.0165572 0.000648599 0.36381	
4.39	0.0165572 0.000648599 0.36381	
4.4	0.0165572 0.000648599 0.36381	
4.41	0.0165572 0.000648599 0.36381	
4.42	0.0165572 0.000648599 0.36381	
4.43	0.0165572 0.000648599 0.36381	
4.44	0.0165572 0.000648599 0.36381	
4.45	0.0165572 0.000648599 0.36381	
4.46	0.0165572 0.000648599 0.36381	
4.47	0.0165572 0.000648599 0.36381	
4.48	0.0165572 0.000648599 0.36381	
4.49	0.0165572 0.000648599 0.36381	
4.5	0.0165572 0.000648599 0.36381	
4.51	0.0165572 0.000648599 0.36381	
4.52	0.0165572 0.000648599 0.36381	
4.53	0.0165572 0.000648599 0.36381	
4.54	0.0165572 0.000648599 0.36381	
4.55	0.0165572 0.000648599 0.36381	
4.56	0.0165572 0.000648599 0.36381	
4.57	0.0165572 0.000648599 0.36381	
4.58	0.0165572 0.000648599 0.36381	
4.59	0.0165572 0.000648599 0.36381	
4.6	0.0165572 0.000648599 0.36381	
4.61	0.0165572 0.000648599 0.36381	
4.62	0.0165572 0.000648599 0.36381	
4.63	0.0165572 0.000648599 0.36381	
4.64	0.0165572 0.000648599 0.36381	
4.65	0.0165572 0.000648599 0.36381	
4.66	0.0165572 0.000648599 0.36381	
4.67	0.0165572 0.000648599 0.36381	
4.68	0.0165572 0.000648599 0.36381	
4.69	0.0165572 0.000648599 0.36381	
4.7	0.0165572 0.000648599 0.36381	
4.71	0.0165572 0.000648599 0.36381	
4.72	0.0165572 0.000648599 0.36381	
4.73	0.0165572 0.000648599 0.36381	
4.74	0.0165572 0.000648599 0.36381	
4.75	0.0165572 0.000648599 0.36381	
4.76	0.0165572 0.000648599 0.36381	
4.77	0.0165572 0.000648599 0.36381	
4.78	0.0165572 0.000648599 0.36381	
4.79	0.0165572 0.000648599 0.36381	
4.8	0.0165572 0.000648599 0.36381	
4.81	0.0165572 0.000648599 0.36381	
4.82	0.0165572 0.000648599 0.36381	
4.83	0.0165572 0.000648599 0.36381	
4.84	0.0165572 0.000648599 0.36381	
4.85	0.0165572 0.000648599 0.36381	
4.86	0.0165572 0.000648599 0.36381	
4.87	0.0165572 0.000648599 0.36381	
4.88	0.0165572 0.000648599 0.36381	
4.89	0.0165572 0.000648599 0.36381	
4.9	0.0165572 0.000648599 0.36381	
4.91	0.0165572 0.000648599 0.36381	
4.92	0.0165572 0.000648599 0.36381	
4.93	0.0165572 0.000648599 0.36381	
4.94	0.0165572 0.000648599 0.36381	
4.95	0.0165572 0.000648599 0.36381	
4.96	0.0165572 0.000648599 0.36381	
4.97	0.0165572 0.000648599 0.36381	
4.98	0.0165572 0.000648599 0.36381	
4.99	0.0165572 0.000648599 0.36381	
5	0.0165572 0.000648599 0.36381	
5.01	0.0165572 0.000648599 0.36381	
5.02	0.0165572 0.000648599 0.36381	
5.03	0.0165572 0.000648599 0.36381	
5.04	0.0165572 0.000648599 0.36381	
5.05	0.0165572 0.000648599 0.36381	
5.06	0.0165572 0.000648599 0.36381	
5.07	0.0165572 0.000648599 0.36381	
5.08	0.0165572 0.000648599 0.36381	
5.09	0.0165572 0.000648599 0.36381	
5.1	0.0165572 0.000648599 0.36381	
5.11	0.0165572 0.000648599 0.36381	
5.12	0.0165572 0.000648599 0.36381	
5.13	0.0165572 0.000648599 0.36381	
5.14	0.0165572 0.000648599 0.36381	
5.15	0.0165572 0.000648599 0.36381	
5.16	0.0165572 0.000648599 0.36381	
5.17	0.0165572 0.000648599 0.36381	
5.18	0.0165572 0.000648599 0.36381	
5.19	0.0165572 0.000648599 0.36381	
5.2	0.0165572 0.000648599 0.36381	
5.21	0.0165572 0.000648599 0.36381	
5.22	0.0165572 0.000648599 0.36381	
5.23	0.0165572 0.000648599 0.36381	
5.24	0.0165572 0.000648599 0.36381	
5.25	0.0165572 0.000648599 0.36381	
5.26	0.0165572 0.000648599 0.36381	
5.27	0.0165572 0.000648599 0.36381	
5.28	0.0165572 0.000648599 0.36381	
5.29	0.0165572 0.000648599 0.36381	
5.3	0.0165572 0.000648599 0.36381	
5.31	0.0165572 0.000648599 0.36381	
5.32	0.0165572 0.000648599 0.36381	
5.33	0.0165572 0.000648599 0.36381	
5.34	0.0165572 0.000648599 0.36381	
5.35	0.0165572 0.000648599 0.36381	
5.36	0.0165572 0.000648599 0.36381	
5.37	0.0165572 0.000648599 0.36381	
5.38	0.0165572 0.000648599 0.36381	
5.39	0.0165572 0.000648599 0.36381	
5.4	0.0165572 0.000648599 0.36381	
5.41	0.0165572 0.000648599 0.36381	
5.42	0.0165572 0.000648599 0.36381	
5.43	0.0165572 0.000648599 0.36381	
5.44	0.0165572 0.000648599 0.36381	
5.45	0.0165572 0.000648599 0.36381	
5.46	0.0165572 0.000648599 0.36381	
5.47	0.0165572 0.000648599 0.36381	
5.48	0.0165572 0.000648599 0.36381	
5.49	0.0165572 0.000648599 0.36381	
5.5	0.0165572 0.000648599 0.36381	
5.51	0.0165572 0.000648599 0.36381	
5.52	0.0165572 0.000648599 0.36381	
5.53	0.0165572 0.000648599 0.36381	
5.54	0.0165572 0.000648599 0.36381	
5.55	0.0165572 0.000648599 0.36381	
5.56	0.0165572 0.000648599 0.36381	
5.57	0.0165572 0.000648599 0.36381	
5.58	0.0165572 0.000648599 0.36381	
5.59	0.0165572 0.000648599 0.36381	
5.6	0.0165572 0.000648599 0.36381	
5.61	0.0165572 0.000648599 0.36381	
5.62	0.0165572 0.000648599 0.36381	
5.63	0.0165572 0.000648599 0.36381	
5.64	0.0165572 0.000648599 0.36381	
5.65	0.0165572 0.000648599 0.36381	
5.66	0.0165572 0.000648599 0.36381	
5.67	0.0165572 0.000648599 0.36381	
5.68	0.0165572 0.000648599 0.36381	
5.69	0.0165572 0.000648599 0.36381	
5.7	0.0165572 0.000648599 0.36381	
5.71	0.0165572 0.000648599 0.36381	
5.72	0.0165572 0.000648599 0.36381	
5.73	0.0165572 0.000648599 0.36381	
5.74	0.0165572 0.000648599 0.36381	
5.75	0.0165572 0.000648599 0.36381	
5.76	0.0165572 0.000648599 0.36381	
5.77	0.0165572 0.000648599 0.36381	
5.78	0.0165572 0.000648599 0.36381	
5.79	0.0165572 0.000648599 0.36381	
5.8	0.0165572 0.000648599 0.36381	
5.81	0.0165572 0.000648599 0.36381	
5.82	0.0165572 0.000648599 0.36381	
5.83	0.0165572 0.000648599 0.36381	
5.84	0.0165572 0.000648599 0.36381	
5.85	0.0165572 0.000648599 0.36381	
5.86	0.0165572 0.000648599 0.36381	
5.87	0.0165572 0.000648599 0.36381	
5.88	0.0165572 0.000648599 0.36381	
5.89	0.0165572 0.000648599 0.36381	
5.9	0.0165572 0.000648599 0.36381	
5.91	0.0165572 0.000648599 0.36381	
5.92	0.0165572 0.000648599 0.36381	
5.93	0.0165572 0.000648599 0.36381	
5.94	0.0165572 0.000648599 0.36381	
5.95	0.0165572 0.000648599 0.36381	
5.96	0.0165572 0.000648599 0.36381	
5.97	0.0165572 0.000648599 0.36381	
5.98	0.0165572 0.000648599 0.36381	
5.99	0.0165572 0.000648599 0.36381	
6	0.0165572 0.000648599 0.36381	
6.01	0.0165572 0.000648599 0.36381	
6.02	0.0165572 0.000648599 0.36381	
6.03	0.0165572 0.000648599 0.36381	
6.04	0.0165572 0.000648599 0.36381	
6.05	0.0165572 0.000648599 0.36381	
6.06	0.0165572 0.000648599 0.36381	
6.07	0.0165572 0.000648599 0.36381	
6.08	0.0165572 0.000648599 0.36381	
6.09	0.0165572 0.000648599 0.36381	
6.1	0.0165572 0.000648599 0.36381	
6.11	0.0165572 0.000648599 0.36381	
6.12	0.0165572 0.000648599 0.36381	
6.13	0.0165572 0.000648599 0.36381	
6.14	0.0165572 0.000648599 0.36381	
6.15	0.0165572 0.000648599 0.36381	
6.16	0.0165572 0.000648599 0.36381	
6.17	0.0165572 0.000648599 0.36381	
6.18	0.0165572 0.000648599 0.36381	
6.19	0.0165572 0.000648599 0.36381	
6.2	0.0165572 0.000648599 0.36381	
6.21	0.0165572 0.000648599 0.36381	
6.22	0.0165572 0.000648599 0.36381	
6.23	0.0165572 0.000648599 0.36381	
6.24	0.0165572 0.000648599 0.36381	
6.25	0.0165572 0.000648599 0.36381	
6.26	0.0165572 0.000648599 0.36381	
6.27	0.0165572 0.000648599 0.36381	
6.28	0.0165572 0.000648599 0.36381	
6.29	0.0165572 0.000648599 0.36381	
6.3	0.0165572 0.000648599 0.36381	
6.31	0.0165572 0.000648599 0.36381	
6.32	0.0165572 0.000648599 0.36381	
6.33	0.0165572 0.000648599 0.36381	
6.34	0.0165572 0.000648599 0.36381	
6.35	0.0165572 0.000648599 0.36381	
6.36	0.0165572 0.000648599 0.36381	
6.37	0.0165572 0.000648599 0.36381	
6.38	0.0165572 0.000648599 0.36381	
6.39	0.0165572 0.000648599 0.36381	
6.4	0.0165572 0.000648599 0.36381	
6.41	0.0165572 0.000648599 0.36381	
6.42	0.0165572 0.000648599 0.36381	
6.43	0.0165572 0.000648599 0.36381	
6.44	0.0165572 0.000648599 0.36381	
6.45	0.0165572 0.000648599 0.36381	
6.46	0.0165572 0.000648599 0.36381	
6.47	0.0165572 0.000648599 0.36381	
6.48	0.0165572 0.000648599 0.36381	
6.49	0.0165572 0.000648599 0.36381	
6.5	0.0165572 0.000648599 0.36381	
6.51	0.0165572 0.000648599 0.36381	
6.52	0.0165572 0.000648599 0.36381	
6.53	0.0165572 0.000648599 0.36381	
6.54	0.0165572 0.000648599 0.36381	
6.55	0.0165572 0.000648599 0.36381	
6.56	0.0165572 0.000648599 0.36381	
6.57	0.0165572 0.000648599 0.36381	
6.58	0.0165572 0.000648599 0.36381	
6.59	0.0165572 0.000648599 0.36381	
6.6	0.0165572 0.000648599 0.36381	
6.61	0.0165572 0.000648599 0.36381	
6.62	0.0165572 0.000648599 0.36381	
6.63	0.0165572 0.000648599 0.36381	
6.64	0.0165572 0.000648599 0.36381	
6.65	0.0165572 0.000648599 0.36381	
6.66	0.0165572 0.000648599 0.36381	
6.67	0.0165572 0.000648599 0.36381	
6.68	0.0165572 0.000648599 0.36381	
6.69	0.0165572 0.000648599 0.36381	
6.7	0.0165572 0.000648599 0.36381	
6.71	0.0165572 0.000648599 0.36381	
6.72	0.0165572 0.000648599 0.36381	
6.73	0.0165572 0.000648599 0.36381	
6.74	0.0165572 0.000648599 0.36381	
6.75	0.0165572 0.000648599 0.36381	
6.76	0.0165572 0.000648599 0.36381	
6.77	0.0165572 0.000648599 0.36381	
6.78	0.0165572 0.000648599 0.36381	
6.79	0.0165572 0.000648599 0.36381	
6.8	0.0165572 0.000648599 0.36381	
6.81	0.0165572 0.000648599 0.36381	
6.82	0.0165572 0.000648599 0.36381	
6.83	0.0165572 0.000648599 0.36381	
6.84	0.0165572 0.000648599 0.36381	
6.85	0.0165572 0.000648599 0.36381	
6.86	0.0165572 0.000648599 0.36381	
6.87	0.0165572 0.000648599 0.36381	
6.88	0.0165572 0.000648599 0.36381	
6.89	0.0165572 0.000648599 0.36381	
6.9	0.0165572 0.000648599 0.36381	
6.91	0.0165572 0.000648599 0.36381	
6.92	0.0165572 0.000648599 0.36381	
6.93	0.0165572 0.000648599 0.36381	
6.94	0.0165572 0.000648599 0.36381	
6.95	0.0165572 0.000648599 0.36381	
6.96	0.0165572 0.000648599 0.36381	
6.97	0.0165572 0.000648599 0.36381	
6.98	0.0165572 0.000648599 0.36381	
6.99	0.0165572 0.000648599 0.36381	
7	0.0165572 0.000648599 0.36381	
7.01	0.0165572 0.000648599 0.36381	
7.02	0.0165572 0.000648599 0.36381	
7.03	0.0165572 0.000648599 0.36381	
7.04	0.0165572 0.000648599 0.36381	
7.05	0.0165572 0.000648599 0.36381	
7.06	0.0165572 0.000648599 0.36381	
7.07	0.0165572 0.000648599 0.36381	
7.08	0.0165572 0.000648599 0.36381	
7.09	0.0165572 0.000648599 0.36381	
7.1	0.0165572 0.000648599 0.36381	
7.11	0.0165572 0.000648599 0.36381	
7.12	0.0165572 0.000648599 0.36381	
7.13	0.0165572 0.000648599 0.36381	
7.14	0.0165572 0.000648599 0.36381	
7.15	0.0165572 0.000648599 0.36381	
7.16	0.0165572 0.000648599 0.36381	
7.17	0.0165572 0.000648599 0.36381	
7.18	0.0165572 0.000648599 0.36381	
7.19	0.0165572 0.000648599 0.36381	
7.2	0.0165572 0.000648599 0.36381	
7.21	0.0165572 0.000648599 0.36381	
7.22	0.0165572 0.000648599 0.36381	
7.23	0.0165572 0.000648599 0.36381	
7.24	0.0165572 0.000648599 0.36381	
7.25	0.0165572 0.000648599 0.36381	
7.26	0.0165572 0.000648599 0.36381	
7.27	0.0165572 0.000648599 0.36381	
7.28	0.0165572 0.000648599 0.36381	
7.29	0.0165572 0.000648599 0.36381	
7.3	0.0165572 0.000648599 0.36381	
7.31	0.0165572 0.000648599 0.36381	
7.32	0.0165572 0.000648599 0.36381	
7.33	0.0165572 0.000648599 0.36381	
7.34	0.0165572 0.000648599 0.36381	
7.35	0.0165572 0.000648599 0.36381	
7.36	0.0165572 0.000648599 0.36381	
7.37	0.0165572 0.000648599 0.36381	
7.38	0.0165572 0.000648599 0.36381	
7.39	0.0165572 0.000648599 0.36381	
7.4	0.0165572 0.000648599 0.36381	
7.41	0.0165572 0.000648599 0.36381	
7.42	0.0165572 0.000648599 0.36381	
7.43	0.0165572 0.000648599 0.36381	
7.44	0.0165572 0.000648599 0.36381	
7.45	0.0165572 0.000648599 0.36381	
7.46	0.0165572 0.000648599 0.36381	
7.47	0.0165572 0.000648599 0.36381	
7.48	0.0165572 0.000648599 0.36381	
7.49	0.0165572 0.000648599 0.36381	
7.5	0.0165572 0.000648599 0.36381	
7.51	0.0165572 0.000648599 0.36381	
7.52	0.0165572 0.000648599 0.36381	
7.53	0.0165572 0.000648599 0.36381	
7.54	0.0165572 0.000648599 0.36381	
7.55	0.0165572 0.000648599 0.36381	
7.56	0.0165572 0.000648599 0.36381	
7.57	0.0165572 0.000648599 0.36381	
7.58	0.0165572 0.000648599 0.36381	
7.59	0.0165572 0.000648599 0.36381	
7.6	0.0165572 0.000648599 0.36381	
7.61	0.0165572 0.000648599 0.36381	
7.62	0.0165572 0.000648599 0.36381	
7.63	0.0165572 0.000648599 0.36381	
7.64	0.0165572 0.000648599 0.36381	
7.65	0.0165572 0.000648599 0.36381	
7.66	0.0165572 0.000648599 0.36381	
7.67	0.0165572 0.000648599 0.36381	
7.68	0.0165572 0.000648599 0.36381	
7.69	0.0165572 0.000648599 0.36381	
7.7	0.0165572 0.000648599 0.36381	
7.71	0.0165572 0.000648599 0.36381	
7.72	0.0165572 0.000648599 0.36381	
7.73	0.0165572 0.000648599 0.36381	
7.74	0.0165572 0.000648599 0.36381	
7.75	0.0165572 0.000648599 0.36381	
7.76	0.0165572 0.000648599 0.36381	
7.77	0.0165572 0.000648599 0.36381	
7.78	0.0165572 0.000648599 0.36381	
7.79	0.0165572 0.000648599 0.36381	
7.8	0.0165572 0.000648599 0.36381	
7.81	0.0165572 0.000648599 0.36381	
7.82	0.0165572 0.000648599 0.36381	
7.83	0.0165572 0.000648599 0.36381	
7.84	0.0165572 0.000648599 0.36381	
7.85	0.0165572 0.000648599 0.36381	
7.86	0.0165572 0.000648599 0.36381	
7.87	0.0165572 0.000648599 0.36381	
7.88	0.0165572 0.000648599 0.36381	
7.89	0.0165572 0.000648599 0.36381	
7.9	0.0165572 0.000648599 0.36381	
7.91	0.0165572 0.000648599 0.36381	
7.92	0.0165572 0.000648599 0.36381	
7.93	0.0165572 0.000648599 0.36381	
7.94	0.0165572 0.000648599 0.36381	
7.95	0.0165572 0.000648599 0.36381	
7.96	0.0165572 0.000648599 0.36381	
7.97	0.0165572 0.000648599 0.36381	
7.98	0.0165572 0.000648599 0.36381	
7.99	0.0165572 0.000648599 0.36381	
8	0.0165572 0.000648599 0.36381	
8.01	0.0165572 0.000648599 0.36381	
8.02	0.0165572 0.000648599 0.36381	
8.03	0.0165572 0.000648599 0.36381	
8.04	0.0165572 0.000648599 0.36381	
8.05	0.0165572 0.000648599 0.36381	
8.06	0.0165572 0.000648599 0.36381	
8.07	0.0165572 0.000648599 0.36381	
8.08	0.0165572 0.000648599 0.36381	
8.09	0.0165572 0.000648599 0.36381	
8.1	0.0165572 0.000648599 0.36381	
8.11	0.0165572 0.000648599 0.36381	
8.12	0.0165572 0.000648599 0.36381	
8.13	0.0165572 0.000648599 0.36381	
8.14	0.0165572 0.000648599 0.36381	
8.15	0.0165572 0.000648599 0.36381	
8.16	0.0165572 0.000648599 0.36381	
8.17	0.0165572 0.000648599 0.36381	
8.18	0.0165572 0.000648599 0.36381	
8.19	0.0165572 0.000648599 0.36381	
8.2	0.0165572 0.000648599 0.36381	
8.21	0.0165572 0.000648599 0.36381	
8.22	0.0165572 0.000648599 0.36381	
8.23	0.0165572 0.000648599 0.36381	
8.24	0.0165572 0.000648599 0.36381	
8.25	0.0165572 0.000648599 0.36381	
8.26	0.0165572 0.000648599 0.36381	
8.27	0.0165572 0.000648599 0.36381	
8.28	0.0165572 0.000648599 0.36381	
8.29	0.0165572 0.000648599 0.36381	
8.3	0.0165572 0.000648599 0.36381	
8.31	0.0165572 0.000648599 0.36381	
8.32	0.0165572 0.000648599 0.36381	
8.33	0.0165572 0.000648599 0.36381	
8.34	0.0165572 0.000648599 0.36381	
8.35	0.0165572 0.000648599 0.36381	
8.36	0.0165572 0.000648599 0.36381	
8.37	0.0165572 0.000648599 0.36381	
8.38	0.0165572 0.000648599 0.36381	
8.39	0.0165572 0.000648599 0.36381	
8.4	0.0165572 0.000648599 0.36381	
8.41	0.0165572 0.000648599 0.36381	
8.42	0.0165572 0.000648599 0.36381	
8.43	0.0165572 0.000648599 0.36381	
8.44	0.0165572 0.000648599 0.36381	
8.45	0.0165572 0.000648599 0.36381	
8.46	0.0165572 0.000648599 0.36381	
8.47	0.0165572 0.000648599 0.36381	
8.48	0.0165572 0.000648599 0.36381	
8.49	0.0165572 0.000648599 0.36381	
8.5	0.0165572 0.000648599 0.36381	
8.51	0.0165572 0.000648599 0.36381	
8.52	0.0165572 0.000648599 0.36381	
8.53	0.0165572 0.000648599 0.36381	
8.54	0.0165572 0.000648599 0.36381	
8.55	0.0165572 0.000648599 0.36381	
8.56	0.0165572 0.000648599 0.36381	
8.57	0.0165572 0.000648599 0.36381	
8.58	0.0165572 0.000648599 0.36381	
8.59	0.0165572 0.000648599 0.36381	
8.6	0.0165572 0.000648599 0.36381	
8.61	0.0165572 0.000648599 0.36381	
8.62	0.0165572 0.000648599 0.36381	
8.63	0.0165572 0.000648599 0.36381	
8.64	0.0165572 0.000648599 0.36381	
8.65	0.0165572 0.000648599 0.36381	
8.66	0.0165572 0.000648599 0.36381	
8.67	0.0165572 0.000648599 0.36381	
8.68	0.0165572 0.000648599 0.36381	
8.69	0.0165572 0.000648599 0.36381	
8.7	0.0165572 0.000648599 0.36381	
8.71	0.0165572 0.000648599 0.36381	
8.72	0.0165572 0.000648599 0.36381	
8.73	0.0165572 0.000648599 0.36381	
8.74	0.0165572 0.000648599 0.36381	
8.75	0.0165572 0.000648599 0.36381	
8.76	0.0165572 0.000648599 0.36381	
8.77	0.0165572 0.000648599 0.36381	
8.78	0.0165572 0.000648599 0.36381	
8.79	0.0165572 0.000648599 0.36381	
8.8	0.0165572 0.000648599 0.36381	
8.81	0.0165572 0.000648599 0.36381	
8.82	0.0165572 0.000648599 0.36381	
8.83	0.0165572 0.000648599 0.36381	
8.84	0.0165572 0.000648599 0.36381	
8.85	0.0165572 0.000648599 0.36381	
8.86	0.0165572 0.000648599 0.36381	
8.87	0.0165572 0.000648599 0.36381	
8.88	0.0165572 0.000648599 0.36381	
8.89	0.0165572 0.000648599 0.36381	
8.9	0.0165572 0.000648599 0.36381	
8.91	0.0165572 0.000648599 0.36381	
8.92	0.0165572 0.000648599 0.36381	
8.93	0.0165572 0.000648599 0.36381	
8.94	0.0165572 0.000648599 0.36381	
8.95	0.0165572 0.000648599 0.36381	
8.96	0.0165572 0.000648599 0.36381	
8.97	0.0165572 0.000648599 0.36381	
8.98	0.0165572 0.000648599 0.36381	
8.99	0.0165572 0.000648599 0.36381	
9	0.0165572 0.000648599 0.36381	
9.01	0.0165572 0.000648599 0.36381	
9.02	0.0165572 0.000648599 0.36381	
9.03	0.0165572 0.000648599 0.36381	
9.04	0.0165572 0.000648599 0.36381	
9.05	0.0165572 0.000648599 0.36381	
9.06	0.0165572 0.000648599 0.36381	
9.07	0.0165572 0.000648599 0.36381	
9.08	0.0165572 0.000648599 0.36381	
9.09	0.0165572 0.000648599 0.36381	
9.1	0.0165572 0.000648599 0.36381	
9.11	0.0165572 0.000648599 0.36381	
9.12	0.0165572 0.000648599 0.36381	
9.13	0.0165572 0.000648599 0.36381	
9.14	0.0165572 0.000648599 0.36381	
9.15	0.0165572 0.000648599 0.36381	
9.16	0.0165572 0.000648599 0.36381	
9.17	0.0165572 0.000648599 0.36381	
9.18	0.0165572 0.000648599 0.36381	
9.19	0.0165572 0.000648599 0.36381	
9.2	0.0165572 0.000648599 0.36381	
9.21	0.0165572 0.000648599 0.36381	
9.22	0.0165572 0.000648599 0.36381	
9.23	0.0165572 0.000648599 0.36381	
9.24	0.0165572 0.000648599 0.36381	
9.25	0.0165572 0.000648599 0.36381	
9.26	0.0165572 0.000648599 0.36381	
9.27	0.0165572 0.000648599 0.36381	
9.28	0.0165572 0.000648599 0.36381	
9.29	0.0165572 0.000648599 0.36381	
9.3	0.0165572 0.000648599 0.36381	
9.31	0.0165572 0.000648599 0.36381	
9.32	0.0165572 0.000648599 0.36381	
9.33	0.0165572 0.000648599 0.36381	
9.34	0.0165572 0.000648599 0.36381	
9.35	0.0165572 0.000648599 0.36381	
9.36	0.0165572 0.000648599 0.36381	
9.37	0.0165572 0.000648599 0.36381	
9.38	0.0165572 0.000648599 0.36381	
9.39	0.0165572 0.000648599 0.36381	
9.4	0.0165572 0.000648599 0.36381	
9.41	0.0165572 0.000648599 0.36381	
9.42	0.0165572 0.000648599 0.36381	
9.43	0.0165572 0.000648599 0.36381	
9.44	0.0165572 0.000648599 0.36381	
9.45	0.0165572 0.000648599 0.36381	
9.46	0.0165572 0.000648599 0.36381	
9.47	0.0165572 0.000648599 0.36381	
9.48	0.0165572 0.000648599 0.36381	
9.49	0.0165572 0.000648599 0.36381	
9.5	0.0165572 0.000648599 0.36381	
9.51	0.0165572 0.000648599 0.36381	
9.52	0.0165572 0.000648599 0.36381	
9.53	0.0165572 0.000648599 0.36381	
9.54	0.0165572 0.000648599 0.36381	
9.55	0.0165572 0.000648599 0.36381	
9.56	0.0165572 0.000648599 0.36381	
9.57	0.0165572 0.000648599 0.36381	
9.58	0.0165572 0.000648599 0.36381	
9.59	0.0165572 0.000648599 0.36381	
9.6	0.0165572 0.000648599 0.36381	
9.61	0.0165572 0.000648599 0.36381	
9.62	0.0165572 0.000648599 0.36381	
9.63	0.0165572 0.000648599 0.36381	
9.64	0.0165572 0.000648599 0.36381	
9.65	0.0165572 0.000648599 0.36381	
9.66	0.0165572 0.000648599 0.36381	
9.67	0.0165572 0.000648599 0.36381	
9.68	0.0165572 0.000648599 0.36381	
9.69	0.0165572 0.000648599 0.36381	
9.7	0.0165572 0.000648599 0.36381	
9.71	0.0165572 0.000648599 0.36381	
9.72	0.0165572 0.000648599 0.36381	
9.73	0.0165572 0.000648599 0.36381	
9.74	0.0165572 0.000648599 0.36381	
9.75	0.0165572 0.000648599 0.36381	
9.76	0.0165572 0.000648599 0.36381	
9.77	0.0165572 0.000648599 0.36381	
9.78	0.0165572 0.000648599 0.36381	
9.79	0.0165572 0.000648599 0.36381	
9.8	0.0165572 0.000648599 0.36381	
9.81	0.0165572 0.000648599 0.36381	
9.82	0.0165572 0.000648599 0.36381	
9.83	0.0165572 0.000648599 0.36381	
9.84	0.0165572 0.000648599 0.36381	
9.85	0.0165572 0.000648599 0.36381	
9.86	0.0165572 0.000648599 0.36381	
9.87	0.0165572 0.000648599 0.36381	
9.88	0.0165572 0.000648599 0.36381	
9.89	0.0165572 0.000648599 0.36381	
9.9	0.0165572 0.000648599 0.36381	
9.91	0.0165572 0.000648599 0.36381	
9.92	0.0165572 0.000648599 0.36381	
9.93	0.0165572 0.000648599 0.36381	
9.94	0.0165572 0.000648599 0.36381	
9.95	0.0165572 0.000648599 0.36381	
9.96	0.0165572 0.000648599 0.36381	
9.97	0.0165572 0.000648599 0.36381	
9.98	0.0165572 0.000648599 0.36381	
9.99	0.0165572 0.000648599 0.36381	
10	0.0165572 0.000648599 0.36381	
