0.01	0.0202073 0.000205382 0.300446	
0.02	0.0202983 0.000295755 0.3009	
0.03	0.0203481 0.000345553 0.301356	
0.04	0.0203787 0.00037651 0.301812	
0.05	0.0203989 0.000397257 0.302266	
0.06	0.020413 0.0004119 0.302719	
0.07	0.020423 0.000422629 0.30317	
0.08	0.0204303 0.000430716 0.303619	
0.09	0.0204358 0.000436948 0.304067	
0.1	0.0204399 0.000441834 0.304512	
0.11	0.0204429 0.00044572 0.304955	
0.12	0.0204452 0.000448847 0.305397	
0.13	0.0204469 0.000451385 0.305836	
0.14	0.0204481 0.000453461 0.306274	
0.15	0.020449 0.00045517 0.306709	
0.16	0.0204495 0.000456582 0.307143	
0.17	0.0204498 0.000457752 0.307574	
0.18	0.0204499 0.000458725 0.308004	
0.19	0.0204499 0.000459533 0.308432	
0.2	0.0204497 0.000460204 0.308857	
0.21	0.0204494 0.00046076 0.309281	
0.22	0.020449 0.000461218 0.309704	
0.23	0.0204485 0.000461594 0.310124	
0.24	0.0204479 0.000461898 0.310543	
0.25	0.0204473 0.000462142 0.31096	
0.26	0.0204467 0.000462334 0.311375	
0.27	0.020446 0.00046248 0.311788	
0.28	0.0204452 0.000462587 0.3122	
0.29	0.0204444 0.00046266 0.312609	
0.3	0.0204436 0.000462702 0.313018	
0.31	0.0204428 0.000462719 0.313424	
0.32	0.020442 0.000462712 0.313829	
0.33	0.0204411 0.000462684 0.314233	
0.34	0.0204402 0.000462639 0.314634	
0.35	0.0204393 0.000462578 0.315034	
0.36	0.0204384 0.000462502 0.315433	
0.37	0.0204375 0.000462414 0.31583	
0.38	0.0204366 0.000462315 0.316225	
0.39	0.0204356 0.000462206 0.316619	
0.4	0.0204347 0.000462089 0.317012	
0.41	0.0204338 0.000461963 0.317403	
0.42	0.0204328 0.00046183 0.317792	
0.43	0.0204319 0.000461691 0.31818	
0.44	0.0204309 0.000461546 0.318566	
0.45	0.02043 0.000461397 0.318952	
0.46	0.020429 0.000461243 0.319335	
0.47	0.0204281 0.000461085 0.319718	
0.48	0.0204271 0.000460923 0.320098	
0.49	0.0204261 0.000460758 0.320478	
0.5	0.0204252 0.00046059 0.320856	
0.51	0.0204242 0.00046042 0.321233	
0.52	0.0204233 0.000460248 0.321608	
0.53	0.0204223 0.000460073 0.321982	
0.54	0.0204213 0.000459897 0.322355	
0.55	0.0204204 0.000459719 0.322727	
0.56	0.0204194 0.00045954 0.323097	
0.57	0.0204185 0.00045936 0.323466	
0.58	0.0204175 0.000459178 0.323834	
0.59	0.0204166 0.000458996 0.3242	
0.6	0.0204156 0.000458813 0.324565	
0.61	0.0204147 0.000458629 0.324929	
0.62	0.0204137 0.000458445 0.325292	
0.63	0.0204128 0.000458261 0.325654	
0.64	0.0204119 0.000458076 0.326014	
0.65	0.0204109 0.000457891 0.326373	
0.66	0.02041 0.000457705 0.326731	
0.67	0.0204091 0.00045752 0.327088	
0.68	0.0204081 0.000457334 0.327444	
0.69	0.0204072 0.000457149 0.327799	
0.7	0.0204063 0.000456964 0.328152	
0.71	0.0204054 0.000456778 0.328504	
0.72	0.0204044 0.000456593 0.328856	
0.73	0.0204035 0.000456408 0.329206	
0.74	0.0204026 0.000456223 0.329555	
0.75	0.0204017 0.000456039 0.329903	
0.76	0.0204008 0.000455855 0.33025	
0.77	0.0203999 0.000455671 0.330596	
0.78	0.020399 0.000455488 0.33094	
0.79	0.0203981 0.000455305 0.331284	
0.8	0.0203972 0.000455122 0.331627	
0.81	0.0203963 0.00045494 0.331968	
0.82	0.0203954 0.000454758 0.332309	
0.83	0.0203945 0.000454577 0.332649	
0.84	0.0203936 0.000454396 0.332987	
0.85	0.0203928 0.000454215 0.333325	
0.86	0.0203919 0.000454036 0.333661	
0.87	0.020391 0.000453856 0.333997	
0.88	0.0203901 0.000453677 0.334332	
0.89	0.0203892 0.000453499 0.334666	
0.9	0.0203884 0.000453321 0.334998	
0.91	0.0203875 0.000453144 0.33533	
0.92	0.0203866 0.000452968 0.335661	
0.93	0.0203858 0.000452791 0.335991	
0.94	0.0203849 0.000452616 0.33632	
0.95	0.0203841 0.000452441 0.336648	
0.96	0.0203832 0.000452267 0.336975	
0.97	0.0203824 0.000452093 0.337301	
0.98	0.0203815 0.00045192 0.337627	
0.99	0.0203807 0.000451747 0.337951	
1	0.0203798 0.000451575 0.338275	
1.01	0.020379 0.000451404 0.338598	
1.02	0.0203782 0.000451233 0.338919	
1.03	0.0203773 0.000451063 0.33924	
1.04	0.0203765 0.000450893 0.33956	
1.05	0.0203757 0.000450724 0.33988	
1.06	0.0203748 0.000450556 0.340198	
1.07	0.020374 0.000450388 0.340516	
1.08	0.0203732 0.000450221 0.340832	
1.09	0.0203724 0.000450055 0.341148	
1.1	0.0203716 0.000449889 0.341463	
1.11	0.0203708 0.000449723 0.341778	
1.12	0.02037 0.000449558 0.342091	
1.13	0.0203691 0.000449394 0.342404	
1.14	0.0203683 0.000449231 0.342715	
1.15	0.0203675 0.000449068 0.343027	
1.16	0.0203667 0.000448905 0.343337	
1.17	0.0203659 0.000448744 0.343646	
1.18	0.0203651 0.000448582 0.343955	
1.19	0.0203644 0.000448422 0.344263	
1.2	0.0203636 0.000448262 0.34457	
1.21	0.0203628 0.000448102 0.344876	
1.22	0.020362 0.000447943 0.345182	
1.23	0.0203612 0.000447785 0.345487	
1.24	0.0203604 0.000447628 0.345791	
1.25	0.0203597 0.00044747 0.346094	
1.26	0.0203589 0.000447314 0.346397	
1.27	0.0203581 0.000447158 0.346699	
1.28	0.0203573 0.000447003 0.347	
1.29	0.0203566 0.000446848 0.3473	
1.3	0.0203558 0.000446693 0.3476	
1.31	0.020355 0.00044654 0.347899	
1.32	0.0203543 0.000446387 0.348198	
1.33	0.0203535 0.000446234 0.348495	
1.34	0.0203528 0.000446082 0.348792	
1.35	0.020352 0.000445931 0.349088	
1.36	0.0203513 0.00044578 0.349384	
1.37	0.0203505 0.000445629 0.349679	
1.38	0.0203498 0.000445479 0.349973	
1.39	0.020349 0.00044533 0.350266	
1.4	0.0203483 0.000445181 0.350559	
1.41	0.0203475 0.000445033 0.350851	
1.42	0.0203468 0.000444886 0.351142	
1.43	0.0203461 0.000444738 0.351433	
1.44	0.0203453 0.000444592 0.351723	
1.45	0.0203446 0.000444446 0.352013	
1.46	0.0203439 0.0004443 0.352302	
1.47	0.0203432 0.000444155 0.35259	
1.48	0.0203424 0.00044401 0.352877	
1.49	0.0203417 0.000443866 0.353164	
1.5	0.020341 0.000443723 0.35345	
1.51	0.0203403 0.00044358 0.353736	
1.52	0.0203395 0.000443437 0.354021	
1.53	0.0203388 0.000443295 0.354305	
1.54	0.0203381 0.000443154 0.354589	
1.55	0.0203374 0.000443013 0.354872	
1.56	0.0203367 0.000442872 0.355155	
1.57	0.020336 0.000442732 0.355437	
1.58	0.0203353 0.000442593 0.355718	
1.59	0.0203346 0.000442454 0.355999	
1.6	0.0203339 0.000442315 0.356279	
1.61	0.0203332 0.000442177 0.356558	
1.62	0.0203325 0.000442039 0.356837	
1.63	0.0203318 0.000441902 0.357116	
1.64	0.0203311 0.000441765 0.357393	
1.65	0.0203304 0.000441629 0.357671	
1.66	0.0203297 0.000441493 0.357947	
1.67	0.0203291 0.000441358 0.358223	
1.68	0.0203284 0.000441223 0.358499	
1.69	0.0203277 0.000441089 0.358773	
1.7	0.020327 0.000440955 0.359048	
1.71	0.0203263 0.000440822 0.359321	
1.72	0.0203257 0.000440689 0.359595	
1.73	0.020325 0.000440556 0.359867	
1.74	0.0203243 0.000440424 0.360139	
1.75	0.0203236 0.000440292 0.360411	
1.76	0.020323 0.000440161 0.360682	
1.77	0.0203223 0.00044003 0.360952	
1.78	0.0203216 0.0004399 0.361222	
1.79	0.020321 0.00043977 0.361491	
1.8	0.0203203 0.00043964 0.36176	
1.81	0.0203197 0.000439511 0.362029	
1.82	0.020319 0.000439383 0.362296	
1.83	0.0203184 0.000439254 0.362563	
1.84	0.0203177 0.000439127 0.36283	
1.85	0.020317 0.000438999 0.363096	
1.86	0.0203164 0.000438872 0.363362	
1.87	0.0203158 0.000438746 0.363627	
1.88	0.0203151 0.00043862 0.363892	
1.89	0.0203145 0.000438494 0.364156	
1.9	0.0203138 0.000438368 0.364419	
1.91	0.0203132 0.000438244 0.364682	
1.92	0.0203125 0.000438119 0.364945	
1.93	0.0203119 0.000437995 0.365207	
1.94	0.0203113 0.000437871 0.365469	
1.95	0.0203106 0.000437748 0.36573	
1.96	0.02031 0.000437625 0.36599	
1.97	0.0203094 0.000437502 0.36625	
1.98	0.0203087 0.00043738 0.36651	
1.99	0.0203081 0.000437258 0.366769	
2	0.0203081 0.000437258 0.366769	
2.01	0.0203081 0.000437258 0.366769	
2.02	0.0203081 0.000437258 0.366769	
2.03	0.0203081 0.000437258 0.366769	
2.04	0.0203081 0.000437258 0.366769	
2.05	0.0203081 0.000437258 0.366769	
2.06	0.0203081 0.000437258 0.366769	
2.07	0.0203081 0.000437258 0.366769	
2.08	0.0203081 0.000437258 0.366769	
2.09	0.0203081 0.000437258 0.366769	
2.1	0.0203081 0.000437258 0.366769	
2.11	0.0203081 0.000437258 0.366769	
2.12	0.0203081 0.000437258 0.366769	
2.13	0.0203081 0.000437258 0.366769	
2.14	0.0203081 0.000437258 0.366769	
2.15	0.0203081 0.000437258 0.366769	
2.16	0.0203081 0.000437258 0.366769	
2.17	0.0203081 0.000437258 0.366769	
2.18	0.0203081 0.000437258 0.366769	
2.19	0.0203081 0.000437258 0.366769	
2.2	0.0203081 0.000437258 0.366769	
2.21	0.0203081 0.000437258 0.366769	
2.22	0.0203081 0.000437258 0.366769	
2.23	0.0203081 0.000437258 0.366769	
2.24	0.0203081 0.000437258 0.366769	
2.25	0.0203081 0.000437258 0.366769	
2.26	0.0203081 0.000437258 0.366769	
2.27	0.0203081 0.000437258 0.366769	
2.28	0.0203081 0.000437258 0.366769	
2.29	0.0203081 0.000437258 0.366769	
2.3	0.0203081 0.000437258 0.366769	
2.31	0.0203081 0.000437258 0.366769	
2.32	0.0203081 0.000437258 0.366769	
2.33	0.0203081 0.000437258 0.366769	
2.34	0.0203081 0.000437258 0.366769	
2.35	0.0203081 0.000437258 0.366769	
2.36	0.0203081 0.000437258 0.366769	
2.37	0.0203081 0.000437258 0.366769	
2.38	0.0203081 0.000437258 0.366769	
2.39	0.0203081 0.000437258 0.366769	
2.4	0.0203081 0.000437258 0.366769	
2.41	0.0203081 0.000437258 0.366769	
2.42	0.0203081 0.000437258 0.366769	
2.43	0.0203081 0.000437258 0.366769	
2.44	0.0203081 0.000437258 0.366769	
2.45	0.0203081 0.000437258 0.366769	
2.46	0.0203081 0.000437258 0.366769	
2.47	0.0203081 0.000437258 0.366769	
2.48	0.0203081 0.000437258 0.366769	
2.49	0.0203081 0.000437258 0.366769	
2.5	0.0203081 0.000437258 0.366769	
2.51	0.0203081 0.000437258 0.366769	
2.52	0.0203081 0.000437258 0.366769	
2.53	0.0203081 0.000437258 0.366769	
2.54	0.0203081 0.000437258 0.366769	
2.55	0.0203081 0.000437258 0.366769	
2.56	0.0203081 0.000437258 0.366769	
2.57	0.0203081 0.000437258 0.366769	
2.58	0.0203081 0.000437258 0.366769	
2.59	0.0203081 0.000437258 0.366769	
2.6	0.0203081 0.000437258 0.366769	
2.61	0.0203081 0.000437258 0.366769	
2.62	0.0203081 0.000437258 0.366769	
2.63	0.0203081 0.000437258 0.366769	
2.64	0.0203081 0.000437258 0.366769	
2.65	0.0203081 0.000437258 0.366769	
2.66	0.0203081 0.000437258 0.366769	
2.67	0.0203081 0.000437258 0.366769	
2.68	0.0203081 0.000437258 0.366769	
2.69	0.0203081 0.000437258 0.366769	
2.7	0.0203081 0.000437258 0.366769	
2.71	0.0203081 0.000437258 0.366769	
2.72	0.0203081 0.000437258 0.366769	
2.73	0.0203081 0.000437258 0.366769	
2.74	0.0203081 0.000437258 0.366769	
2.75	0.0203081 0.000437258 0.366769	
2.76	0.0203081 0.000437258 0.366769	
2.77	0.0203081 0.000437258 0.366769	
2.78	0.0203081 0.000437258 0.366769	
2.79	0.0203081 0.000437258 0.366769	
2.8	0.0203081 0.000437258 0.366769	
2.81	0.0203081 0.000437258 0.366769	
2.82	0.0203081 0.000437258 0.366769	
2.83	0.0203081 0.000437258 0.366769	
2.84	0.0203081 0.000437258 0.366769	
2.85	0.0203081 0.000437258 0.366769	
2.86	0.0203081 0.000437258 0.366769	
2.87	0.0203081 0.000437258 0.366769	
2.88	0.0203081 0.000437258 0.366769	
2.89	0.0203081 0.000437258 0.366769	
2.9	0.0203081 0.000437258 0.366769	
2.91	0.0203081 0.000437258 0.366769	
2.92	0.0203081 0.000437258 0.366769	
2.93	0.0203081 0.000437258 0.366769	
2.94	0.0203081 0.000437258 0.366769	
2.95	0.0203081 0.000437258 0.366769	
2.96	0.0203081 0.000437258 0.366769	
2.97	0.0203081 0.000437258 0.366769	
2.98	0.0203081 0.000437258 0.366769	
2.99	0.0203081 0.000437258 0.366769	
3	0.0203081 0.000437258 0.366769	
3.01	0.0203081 0.000437258 0.366769	
3.02	0.0203081 0.000437258 0.366769	
3.03	0.0203081 0.000437258 0.366769	
3.04	0.0203081 0.000437258 0.366769	
3.05	0.0203081 0.000437258 0.366769	
3.06	0.0203081 0.000437258 0.366769	
3.07	0.0203081 0.000437258 0.366769	
3.08	0.0203081 0.000437258 0.366769	
3.09	0.0203081 0.000437258 0.366769	
3.1	0.0203081 0.000437258 0.366769	
3.11	0.0203081 0.000437258 0.366769	
3.12	0.0203081 0.000437258 0.366769	
3.13	0.0203081 0.000437258 0.366769	
3.14	0.0203081 0.000437258 0.366769	
3.15	0.0203081 0.000437258 0.366769	
3.16	0.0203081 0.000437258 0.366769	
3.17	0.0203081 0.000437258 0.366769	
3.18	0.0203081 0.000437258 0.366769	
3.19	0.0203081 0.000437258 0.366769	
3.2	0.0203081 0.000437258 0.366769	
3.21	0.0203081 0.000437258 0.366769	
3.22	0.0203081 0.000437258 0.366769	
3.23	0.0203081 0.000437258 0.366769	
3.24	0.0203081 0.000437258 0.366769	
3.25	0.0203081 0.000437258 0.366769	
3.26	0.0203081 0.000437258 0.366769	
3.27	0.0203081 0.000437258 0.366769	
3.28	0.0203081 0.000437258 0.366769	
3.29	0.0203081 0.000437258 0.366769	
3.3	0.0203081 0.000437258 0.366769	
3.31	0.0203081 0.000437258 0.366769	
3.32	0.0203081 0.000437258 0.366769	
3.33	0.0203081 0.000437258 0.366769	
3.34	0.0203081 0.000437258 0.366769	
3.35	0.0203081 0.000437258 0.366769	
3.36	0.0203081 0.000437258 0.366769	
3.37	0.0203081 0.000437258 0.366769	
3.38	0.0203081 0.000437258 0.366769	
3.39	0.0203081 0.000437258 0.366769	
3.4	0.0203081 0.000437258 0.366769	
3.41	0.0203081 0.000437258 0.366769	
3.42	0.0203081 0.000437258 0.366769	
3.43	0.0203081 0.000437258 0.366769	
3.44	0.0203081 0.000437258 0.366769	
3.45	0.0203081 0.000437258 0.366769	
3.46	0.0203081 0.000437258 0.366769	
3.47	0.0203081 0.000437258 0.366769	
3.48	0.0203081 0.000437258 0.366769	
3.49	0.0203081 0.000437258 0.366769	
3.5	0.0203081 0.000437258 0.366769	
3.51	0.0203081 0.000437258 0.366769	
3.52	0.0203081 0.000437258 0.366769	
3.53	0.0203081 0.000437258 0.366769	
3.54	0.0203081 0.000437258 0.366769	
3.55	0.0203081 0.000437258 0.366769	
3.56	0.0203081 0.000437258 0.366769	
3.57	0.0203081 0.000437258 0.366769	
3.58	0.0203081 0.000437258 0.366769	
3.59	0.0203081 0.000437258 0.366769	
3.6	0.0203081 0.000437258 0.366769	
3.61	0.0203081 0.000437258 0.366769	
3.62	0.0203081 0.000437258 0.366769	
3.63	0.0203081 0.000437258 0.366769	
3.64	0.0203081 0.000437258 0.366769	
3.65	0.0203081 0.000437258 0.366769	
3.66	0.0203081 0.000437258 0.366769	
3.67	0.0203081 0.000437258 0.366769	
3.68	0.0203081 0.000437258 0.366769	
3.69	0.0203081 0.000437258 0.366769	
3.7	0.0203081 0.000437258 0.366769	
3.71	0.0203081 0.000437258 0.366769	
3.72	0.0203081 0.000437258 0.366769	
3.73	0.0203081 0.000437258 0.366769	
3.74	0.0203081 0.000437258 0.366769	
3.75	0.0203081 0.000437258 0.366769	
3.76	0.0203081 0.000437258 0.366769	
3.77	0.0203081 0.000437258 0.366769	
3.78	0.0203081 0.000437258 0.366769	
3.79	0.0203081 0.000437258 0.366769	
3.8	0.0203081 0.000437258 0.366769	
3.81	0.0203081 0.000437258 0.366769	
3.82	0.0203081 0.000437258 0.366769	
3.83	0.0203081 0.000437258 0.366769	
3.84	0.0203081 0.000437258 0.366769	
3.85	0.0203081 0.000437258 0.366769	
3.86	0.0203081 0.000437258 0.366769	
3.87	0.0203081 0.000437258 0.366769	
3.88	0.0203081 0.000437258 0.366769	
3.89	0.0203081 0.000437258 0.366769	
3.9	0.0203081 0.000437258 0.366769	
3.91	0.0203081 0.000437258 0.366769	
3.92	0.0203081 0.000437258 0.366769	
3.93	0.0203081 0.000437258 0.366769	
3.94	0.0203081 0.000437258 0.366769	
3.95	0.0203081 0.000437258 0.366769	
3.96	0.0203081 0.000437258 0.366769	
3.97	0.0203081 0.000437258 0.366769	
3.98	0.0203081 0.000437258 0.366769	
3.99	0.0203081 0.000437258 0.366769	
4	0.0203081 0.000437258 0.366769	
4.01	0.0203081 0.000437258 0.366769	
4.02	0.0203081 0.000437258 0.366769	
4.03	0.0203081 0.000437258 0.366769	
4.04	0.0203081 0.000437258 0.366769	
4.05	0.0203081 0.000437258 0.366769	
4.06	0.0203081 0.000437258 0.366769	
4.07	0.0203081 0.000437258 0.366769	
4.08	0.0203081 0.000437258 0.366769	
4.09	0.0203081 0.000437258 0.366769	
4.1	0.0203081 0.000437258 0.366769	
4.11	0.0203081 0.000437258 0.366769	
4.12	0.0203081 0.000437258 0.366769	
4.13	0.0203081 0.000437258 0.366769	
4.14	0.0203081 0.000437258 0.366769	
4.15	0.0203081 0.000437258 0.366769	
4.16	0.0203081 0.000437258 0.366769	
4.17	0.0203081 0.000437258 0.366769	
4.18	0.0203081 0.000437258 0.366769	
4.19	0.0203081 0.000437258 0.366769	
4.2	0.0203081 0.000437258 0.366769	
4.21	0.0203081 0.000437258 0.366769	
4.22	0.0203081 0.000437258 0.366769	
4.23	0.0203081 0.000437258 0.366769	
4.24	0.0203081 0.000437258 0.366769	
4.25	0.0203081 0.000437258 0.366769	
4.26	0.0203081 0.000437258 0.366769	
4.27	0.0203081 0.000437258 0.366769	
4.28	0.0203081 0.000437258 0.366769	
4.29	0.0203081 0.000437258 0.366769	
4.3	0.0203081 0.000437258 0.366769	
4.31	0.0203081 0.000437258 0.366769	
4.32	0.0203081 0.000437258 0.366769	
4.33	0.0203081 0.000437258 0.366769	
4.34	0.0203081 0.000437258 0.366769	
4.35	0.0203081 0.000437258 0.366769	
4.36	0.0203081 0.000437258 0.366769	
4.37	0.0203081 0.000437258 0.366769	
4.38	0.0203081 0.000437258 0.366769	
4.39	0.0203081 0.000437258 0.366769	
4.4	0.0203081 0.000437258 0.366769	
4.41	0.0203081 0.000437258 0.366769	
4.42	0.0203081 0.000437258 0.366769	
4.43	0.0203081 0.000437258 0.366769	
4.44	0.0203081 0.000437258 0.366769	
4.45	0.0203081 0.000437258 0.366769	
4.46	0.0203081 0.000437258 0.366769	
4.47	0.0203081 0.000437258 0.366769	
4.48	0.0203081 0.000437258 0.366769	
4.49	0.0203081 0.000437258 0.366769	
4.5	0.0203081 0.000437258 0.366769	
4.51	0.0203081 0.000437258 0.366769	
4.52	0.0203081 0.000437258 0.366769	
4.53	0.0203081 0.000437258 0.366769	
4.54	0.0203081 0.000437258 0.366769	
4.55	0.0203081 0.000437258 0.366769	
4.56	0.0203081 0.000437258 0.366769	
4.57	0.0203081 0.000437258 0.366769	
4.58	0.0203081 0.000437258 0.366769	
4.59	0.0203081 0.000437258 0.366769	
4.6	0.0203081 0.000437258 0.366769	
4.61	0.0203081 0.000437258 0.366769	
4.62	0.0203081 0.000437258 0.366769	
4.63	0.0203081 0.000437258 0.366769	
4.64	0.0203081 0.000437258 0.366769	
4.65	0.0203081 0.000437258 0.366769	
4.66	0.0203081 0.000437258 0.366769	
4.67	0.0203081 0.000437258 0.366769	
4.68	0.0203081 0.000437258 0.366769	
4.69	0.0203081 0.000437258 0.366769	
4.7	0.0203081 0.000437258 0.366769	
4.71	0.0203081 0.000437258 0.366769	
4.72	0.0203081 0.000437258 0.366769	
4.73	0.0203081 0.000437258 0.366769	
4.74	0.0203081 0.000437258 0.366769	
4.75	0.0203081 0.000437258 0.366769	
4.76	0.0203081 0.000437258 0.366769	
4.77	0.0203081 0.000437258 0.366769	
4.78	0.0203081 0.000437258 0.366769	
4.79	0.0203081 0.000437258 0.366769	
4.8	0.0203081 0.000437258 0.366769	
4.81	0.0203081 0.000437258 0.366769	
4.82	0.0203081 0.000437258 0.366769	
4.83	0.0203081 0.000437258 0.366769	
4.84	0.0203081 0.000437258 0.366769	
4.85	0.0203081 0.000437258 0.366769	
4.86	0.0203081 0.000437258 0.366769	
4.87	0.0203081 0.000437258 0.366769	
4.88	0.0203081 0.000437258 0.366769	
4.89	0.0203081 0.000437258 0.366769	
4.9	0.0203081 0.000437258 0.366769	
4.91	0.0203081 0.000437258 0.366769	
4.92	0.0203081 0.000437258 0.366769	
4.93	0.0203081 0.000437258 0.366769	
4.94	0.0203081 0.000437258 0.366769	
4.95	0.0203081 0.000437258 0.366769	
4.96	0.0203081 0.000437258 0.366769	
4.97	0.0203081 0.000437258 0.366769	
4.98	0.0203081 0.000437258 0.366769	
4.99	0.0203081 0.000437258 0.366769	
5	0.0203081 0.000437258 0.366769	
5.01	0.0203081 0.000437258 0.366769	
5.02	0.0203081 0.000437258 0.366769	
5.03	0.0203081 0.000437258 0.366769	
5.04	0.0203081 0.000437258 0.366769	
5.05	0.0203081 0.000437258 0.366769	
5.06	0.0203081 0.000437258 0.366769	
5.07	0.0203081 0.000437258 0.366769	
5.08	0.0203081 0.000437258 0.366769	
5.09	0.0203081 0.000437258 0.366769	
5.1	0.0203081 0.000437258 0.366769	
5.11	0.0203081 0.000437258 0.366769	
5.12	0.0203081 0.000437258 0.366769	
5.13	0.0203081 0.000437258 0.366769	
5.14	0.0203081 0.000437258 0.366769	
5.15	0.0203081 0.000437258 0.366769	
5.16	0.0203081 0.000437258 0.366769	
5.17	0.0203081 0.000437258 0.366769	
5.18	0.0203081 0.000437258 0.366769	
5.19	0.0203081 0.000437258 0.366769	
5.2	0.0203081 0.000437258 0.366769	
5.21	0.0203081 0.000437258 0.366769	
5.22	0.0203081 0.000437258 0.366769	
5.23	0.0203081 0.000437258 0.366769	
5.24	0.0203081 0.000437258 0.366769	
5.25	0.0203081 0.000437258 0.366769	
5.26	0.0203081 0.000437258 0.366769	
5.27	0.0203081 0.000437258 0.366769	
5.28	0.0203081 0.000437258 0.366769	
5.29	0.0203081 0.000437258 0.366769	
5.3	0.0203081 0.000437258 0.366769	
5.31	0.0203081 0.000437258 0.366769	
5.32	0.0203081 0.000437258 0.366769	
5.33	0.0203081 0.000437258 0.366769	
5.34	0.0203081 0.000437258 0.366769	
5.35	0.0203081 0.000437258 0.366769	
5.36	0.0203081 0.000437258 0.366769	
5.37	0.0203081 0.000437258 0.366769	
5.38	0.0203081 0.000437258 0.366769	
5.39	0.0203081 0.000437258 0.366769	
5.4	0.0203081 0.000437258 0.366769	
5.41	0.0203081 0.000437258 0.366769	
5.42	0.0203081 0.000437258 0.366769	
5.43	0.0203081 0.000437258 0.366769	
5.44	0.0203081 0.000437258 0.366769	
5.45	0.0203081 0.000437258 0.366769	
5.46	0.0203081 0.000437258 0.366769	
5.47	0.0203081 0.000437258 0.366769	
5.48	0.0203081 0.000437258 0.366769	
5.49	0.0203081 0.000437258 0.366769	
5.5	0.0203081 0.000437258 0.366769	
5.51	0.0203081 0.000437258 0.366769	
5.52	0.0203081 0.000437258 0.366769	
5.53	0.0203081 0.000437258 0.366769	
5.54	0.0203081 0.000437258 0.366769	
5.55	0.0203081 0.000437258 0.366769	
5.56	0.0203081 0.000437258 0.366769	
5.57	0.0203081 0.000437258 0.366769	
5.58	0.0203081 0.000437258 0.366769	
5.59	0.0203081 0.000437258 0.366769	
5.6	0.0203081 0.000437258 0.366769	
5.61	0.0203081 0.000437258 0.366769	
5.62	0.0203081 0.000437258 0.366769	
5.63	0.0203081 0.000437258 0.366769	
5.64	0.0203081 0.000437258 0.366769	
5.65	0.0203081 0.000437258 0.366769	
5.66	0.0203081 0.000437258 0.366769	
5.67	0.0203081 0.000437258 0.366769	
5.68	0.0203081 0.000437258 0.366769	
5.69	0.0203081 0.000437258 0.366769	
5.7	0.0203081 0.000437258 0.366769	
5.71	0.0203081 0.000437258 0.366769	
5.72	0.0203081 0.000437258 0.366769	
5.73	0.0203081 0.000437258 0.366769	
5.74	0.0203081 0.000437258 0.366769	
5.75	0.0203081 0.000437258 0.366769	
5.76	0.0203081 0.000437258 0.366769	
5.77	0.0203081 0.000437258 0.366769	
5.78	0.0203081 0.000437258 0.366769	
5.79	0.0203081 0.000437258 0.366769	
5.8	0.0203081 0.000437258 0.366769	
5.81	0.0203081 0.000437258 0.366769	
5.82	0.0203081 0.000437258 0.366769	
5.83	0.0203081 0.000437258 0.366769	
5.84	0.0203081 0.000437258 0.366769	
5.85	0.0203081 0.000437258 0.366769	
5.86	0.0203081 0.000437258 0.366769	
5.87	0.0203081 0.000437258 0.366769	
5.88	0.0203081 0.000437258 0.366769	
5.89	0.0203081 0.000437258 0.366769	
5.9	0.0203081 0.000437258 0.366769	
5.91	0.0203081 0.000437258 0.366769	
5.92	0.0203081 0.000437258 0.366769	
5.93	0.0203081 0.000437258 0.366769	
5.94	0.0203081 0.000437258 0.366769	
5.95	0.0203081 0.000437258 0.366769	
5.96	0.0203081 0.000437258 0.366769	
5.97	0.0203081 0.000437258 0.366769	
5.98	0.0203081 0.000437258 0.366769	
5.99	0.0203081 0.000437258 0.366769	
6	0.0203081 0.000437258 0.366769	
6.01	0.0203081 0.000437258 0.366769	
6.02	0.0203081 0.000437258 0.366769	
6.03	0.0203081 0.000437258 0.366769	
6.04	0.0203081 0.000437258 0.366769	
6.05	0.0203081 0.000437258 0.366769	
6.06	0.0203081 0.000437258 0.366769	
6.07	0.0203081 0.000437258 0.366769	
6.08	0.0203081 0.000437258 0.366769	
6.09	0.0203081 0.000437258 0.366769	
6.1	0.0203081 0.000437258 0.366769	
6.11	0.0203081 0.000437258 0.366769	
6.12	0.0203081 0.000437258 0.366769	
6.13	0.0203081 0.000437258 0.366769	
6.14	0.0203081 0.000437258 0.366769	
6.15	0.0203081 0.000437258 0.366769	
6.16	0.0203081 0.000437258 0.366769	
6.17	0.0203081 0.000437258 0.366769	
6.18	0.0203081 0.000437258 0.366769	
6.19	0.0203081 0.000437258 0.366769	
6.2	0.0203081 0.000437258 0.366769	
6.21	0.0203081 0.000437258 0.366769	
6.22	0.0203081 0.000437258 0.366769	
6.23	0.0203081 0.000437258 0.366769	
6.24	0.0203081 0.000437258 0.366769	
6.25	0.0203081 0.000437258 0.366769	
6.26	0.0203081 0.000437258 0.366769	
6.27	0.0203081 0.000437258 0.366769	
6.28	0.0203081 0.000437258 0.366769	
6.29	0.0203081 0.000437258 0.366769	
6.3	0.0203081 0.000437258 0.366769	
6.31	0.0203081 0.000437258 0.366769	
6.32	0.0203081 0.000437258 0.366769	
6.33	0.0203081 0.000437258 0.366769	
6.34	0.0203081 0.000437258 0.366769	
6.35	0.0203081 0.000437258 0.366769	
6.36	0.0203081 0.000437258 0.366769	
6.37	0.0203081 0.000437258 0.366769	
6.38	0.0203081 0.000437258 0.366769	
6.39	0.0203081 0.000437258 0.366769	
6.4	0.0203081 0.000437258 0.366769	
6.41	0.0203081 0.000437258 0.366769	
6.42	0.0203081 0.000437258 0.366769	
6.43	0.0203081 0.000437258 0.366769	
6.44	0.0203081 0.000437258 0.366769	
6.45	0.0203081 0.000437258 0.366769	
6.46	0.0203081 0.000437258 0.366769	
6.47	0.0203081 0.000437258 0.366769	
6.48	0.0203081 0.000437258 0.366769	
6.49	0.0203081 0.000437258 0.366769	
6.5	0.0203081 0.000437258 0.366769	
6.51	0.0203081 0.000437258 0.366769	
6.52	0.0203081 0.000437258 0.366769	
6.53	0.0203081 0.000437258 0.366769	
6.54	0.0203081 0.000437258 0.366769	
6.55	0.0203081 0.000437258 0.366769	
6.56	0.0203081 0.000437258 0.366769	
6.57	0.0203081 0.000437258 0.366769	
6.58	0.0203081 0.000437258 0.366769	
6.59	0.0203081 0.000437258 0.366769	
6.6	0.0203081 0.000437258 0.366769	
6.61	0.0203081 0.000437258 0.366769	
6.62	0.0203081 0.000437258 0.366769	
6.63	0.0203081 0.000437258 0.366769	
6.64	0.0203081 0.000437258 0.366769	
6.65	0.0203081 0.000437258 0.366769	
6.66	0.0203081 0.000437258 0.366769	
6.67	0.0203081 0.000437258 0.366769	
6.68	0.0203081 0.000437258 0.366769	
6.69	0.0203081 0.000437258 0.366769	
6.7	0.0203081 0.000437258 0.366769	
6.71	0.0203081 0.000437258 0.366769	
6.72	0.0203081 0.000437258 0.366769	
6.73	0.0203081 0.000437258 0.366769	
6.74	0.0203081 0.000437258 0.366769	
6.75	0.0203081 0.000437258 0.366769	
6.76	0.0203081 0.000437258 0.366769	
6.77	0.0203081 0.000437258 0.366769	
6.78	0.0203081 0.000437258 0.366769	
6.79	0.0203081 0.000437258 0.366769	
6.8	0.0203081 0.000437258 0.366769	
6.81	0.0203081 0.000437258 0.366769	
6.82	0.0203081 0.000437258 0.366769	
6.83	0.0203081 0.000437258 0.366769	
6.84	0.0203081 0.000437258 0.366769	
6.85	0.0203081 0.000437258 0.366769	
6.86	0.0203081 0.000437258 0.366769	
