0	0.02 0 0.3	
0.01	0.020017 3.27165e-05 0.300215	
0.02	0.0200297 6.10111e-05 0.30043	
0.03	0.0200388 8.56895e-05 0.300645	
0.04	0.020045 0.000107375 0.300859	
0.05	0.0200488 0.000126556 0.301074	
0.06	0.0200505 0.000143624 0.301288	
0.07	0.0200505 0.000158892 0.301502	
0.08	0.020049 0.000172616 0.301716	
0.09	0.0200462 0.000185007 0.301929	
0.1	0.0200423 0.00019624 0.302142	
0.11	0.0200375 0.00020646 0.302355	
0.12	0.0200318 0.00021579 0.302567	
0.13	0.0200254 0.00022434 0.302779	
0.14	0.0200183 0.000232191 0.30299	
0.15	0.0200107 0.000239422 0.303201	
0.16	0.0200025 0.000246102 0.303411	
0.17	0.0199939 0.000252286 0.303621	
0.18	0.019985 0.000258025 0.303831	
0.19	0.0199756 0.000263362 0.30404	
0.2	0.019966 0.000268337 0.304249	
0.21	0.0199561 0.000272983 0.304457	
0.22	0.0199459 0.00027733 0.304665	
0.23	0.0199355 0.000281404 0.304872	
0.24	0.0199249 0.00028523 0.305079	
0.25	0.0199141 0.000288828 0.305285	
0.26	0.0199031 0.000292218 0.305491	
0.27	0.019892 0.000295417 0.305697	
0.28	0.0198808 0.000298439 0.305902	
0.29	0.0198694 0.000301299 0.306107	
0.3	0.0198579 0.00030401 0.306311	
0.31	0.0198464 0.000306582 0.306515	
0.32	0.0198347 0.000309027 0.306718	
0.33	0.019823 0.000311352 0.306921	
0.34	0.0198112 0.000313568 0.307123	
0.35	0.0197993 0.000315682 0.307325	
0.36	0.0197874 0.0003177 0.307527	
0.37	0.0197754 0.000319629 0.307728	
0.38	0.0197634 0.000321476 0.307929	
0.39	0.0197514 0.000323246 0.308129	
0.4	0.0197393 0.000324944 0.308329	
0.41	0.0197272 0.000326575 0.308528	
0.42	0.019715 0.000328143 0.308727	
0.43	0.0197028 0.000329651 0.308926	
0.44	0.0196906 0.000331105 0.309124	
0.45	0.0196784 0.000332506 0.309322	
0.46	0.0196662 0.000333858 0.309519	
0.47	0.019654 0.000335165 0.309716	
0.48	0.0196417 0.000336429 0.309912	
0.49	0.0196295 0.000337651 0.310108	
0.5	0.0196172 0.000338836 0.310304	
0.51	0.0196049 0.000339985 0.310499	
0.52	0.0195927 0.000341099 0.310694	
0.53	0.0195804 0.000342182 0.310888	
0.54	0.0195681 0.000343234 0.311082	
0.55	0.0195559 0.000344258 0.311276	
0.56	0.0195436 0.000345254 0.311469	
0.57	0.0195314 0.000346225 0.311662	
0.58	0.0195191 0.000347171 0.311854	
0.59	0.0195069 0.000348095 0.312046	
0.6	0.0194946 0.000348997 0.312238	
0.61	0.0194824 0.000349878 0.312429	
0.62	0.0194702 0.000350739 0.31262	
0.63	0.0194579 0.000351582 0.312811	
0.64	0.0194457 0.000352407 0.313001	
0.65	0.0194335 0.000353215 0.31319	
0.66	0.0194214 0.000354008 0.31338	
0.67	0.0194092 0.000354785 0.313569	
0.68	0.019397 0.000355548 0.313757	
0.69	0.0193849 0.000356297 0.313946	
0.7	0.0193727 0.000357032 0.314133	
0.71	0.0193606 0.000357756 0.314321	
0.72	0.0193485 0.000358467 0.314508	
0.73	0.0193364 0.000359167 0.314695	
0.74	0.0193243 0.000359856 0.314881	
0.75	0.0193123 0.000360535 0.315067	
0.76	0.0193002 0.000361204 0.315253	
0.77	0.0192882 0.000361863 0.315438	
0.78	0.0192762 0.000362514 0.315623	
0.79	0.0192642 0.000363156 0.315808	
0.8	0.0192522 0.000363789 0.315992	
0.81	0.0192402 0.000364415 0.316176	
0.82	0.0192282 0.000365033 0.316359	
0.83	0.0192163 0.000365643 0.316543	
0.84	0.0192044 0.000366247 0.316725	
0.85	0.0191925 0.000366844 0.316908	
0.86	0.0191806 0.000367435 0.31709	
0.87	0.0191687 0.000368019 0.317272	
0.88	0.0191568 0.000368598 0.317453	
0.89	0.019145 0.000369171 0.317635	
0.9	0.0191331 0.000369738 0.317815	
0.91	0.0191213 0.0003703 0.317996	
0.92	0.0191095 0.000370857 0.318176	
0.93	0.0190977 0.00037141 0.318356	
0.94	0.0190859 0.000371957 0.318535	
0.95	0.0190742 0.0003725 0.318715	
0.96	0.0190625 0.000373039 0.318893	
0.97	0.0190507 0.000373574 0.319072	
0.98	0.019039 0.000374104 0.31925	
0.99	0.0190273 0.000374631 0.319428	
1	0.0190157 0.000375154 0.319606	
1.01	0.019004 0.000375673 0.319783	
1.02	0.0189924 0.000376189 0.31996	
1.03	0.0189807 0.000376701 0.320136	
1.04	0.0189691 0.00037721 0.320313	
1.05	0.0189575 0.000377716 0.320489	
1.06	0.0189459 0.000378219 0.320664	
1.07	0.0189344 0.000378719 0.32084	
1.08	0.0189228 0.000379215 0.321015	
1.09	0.0189113 0.00037971 0.32119	
1.1	0.0188998 0.000380201 0.321364	
1.11	0.0188883 0.00038069 0.321538	
1.12	0.0188768 0.000381176 0.321712	
1.13	0.0188653 0.000381659 0.321886	
1.14	0.0188539 0.000382141 0.322059	
1.15	0.0188424 0.000382619 0.322232	
1.16	0.018831 0.000383096 0.322404	
1.17	0.0188196 0.00038357 0.322577	
1.18	0.0188082 0.000384042 0.322749	
1.19	0.0187968 0.000384512 0.322921	
1.2	0.0187854 0.00038498 0.323092	
1.21	0.0187741 0.000385446 0.323263	
1.22	0.0187627 0.00038591 0.323434	
1.23	0.0187514 0.000386372 0.323605	
1.24	0.0187401 0.000386832 0.323775	
1.25	0.0187288 0.00038729 0.323945	
1.26	0.0187175 0.000387746 0.324115	
1.27	0.0187063 0.000388201 0.324285	
1.28	0.018695 0.000388654 0.324454	
1.29	0.0186838 0.000389105 0.324623	
1.3	0.0186725 0.000389554 0.324792	
1.31	0.0186613 0.000390002 0.32496	
1.32	0.0186501 0.000390448 0.325128	
1.33	0.0186389 0.000390893 0.325296	
1.34	0.0186278 0.000391336 0.325463	
1.35	0.0186166 0.000391778 0.325631	
1.36	0.0186055 0.000392218 0.325798	
1.37	0.0185943 0.000392656 0.325965	
1.38	0.0185832 0.000393093 0.326131	
1.39	0.0185721 0.000393529 0.326297	
1.4	0.018561 0.000393963 0.326463	
1.41	0.01855 0.000394396 0.326629	
1.42	0.0185389 0.000394827 0.326794	
1.43	0.0185278 0.000395257 0.32696	
1.44	0.0185168 0.000395686 0.327124	
1.45	0.0185058 0.000396113 0.327289	
1.46	0.0184948 0.000396539 0.327454	
1.47	0.0184838 0.000396964 0.327618	
1.48	0.0184728 0.000397387 0.327782	
1.49	0.0184618 0.000397809 0.327945	
1.5	0.0184508 0.00039823 0.328109	
1.51	0.0184399 0.00039865 0.328272	
1.52	0.0184289 0.000399068 0.328435	
1.53	0.018418 0.000399485 0.328597	
1.54	0.0184071 0.000399901 0.328759	
1.55	0.0183962 0.000400316 0.328922	
1.56	0.0183853 0.000400729 0.329083	
1.57	0.0183744 0.000401142 0.329245	
1.58	0.0183635 0.000401553 0.329406	
1.59	0.0183527 0.000401963 0.329568	
1.6	0.0183418 0.000402371 0.329728	
1.61	0.018331 0.000402779 0.329889	
1.62	0.0183202 0.000403185 0.33005	
1.63	0.0183094 0.000403591 0.33021	
1.64	0.0182986 0.000403995 0.33037	
1.65	0.0182878 0.000404398 0.330529	
1.66	0.018277 0.0004048 0.330689	
1.67	0.0182663 0.0004052 0.330848	
1.68	0.0182555 0.0004056 0.331007	
1.69	0.0182448 0.000405998 0.331166	
1.7	0.018234 0.000406396 0.331324	
1.71	0.0182233 0.000406792 0.331482	
1.72	0.0182126 0.000407187 0.33164	
1.73	0.0182019 0.000407581 0.331798	
1.74	0.0181912 0.000407974 0.331956	
1.75	0.0181805 0.000408366 0.332113	
1.76	0.0181699 0.000408757 0.33227	
1.77	0.0181592 0.000409146 0.332427	
1.78	0.0181485 0.000409535 0.332584	
1.79	0.0181379 0.000409922 0.33274	
1.8	0.0181273 0.000410309 0.332896	
1.81	0.0181167 0.000410694 0.333052	
1.82	0.0181061 0.000411078 0.333208	
1.83	0.0180955 0.000411461 0.333364	
1.84	0.0180849 0.000411843 0.333519	
1.85	0.0180743 0.000412224 0.333674	
1.86	0.0180637 0.000412604 0.333829	
1.87	0.0180532 0.000412983 0.333984	
1.88	0.0180426 0.000413361 0.334138	
1.89	0.0180321 0.000413737 0.334292	
1.9	0.0180215 0.000414113 0.334446	
1.91	0.018011 0.000414487 0.3346	
1.92	0.0180005 0.000414861 0.334754	
1.93	0.01799 0.000415233 0.334907	
1.94	0.0179795 0.000415605 0.33506	
1.95	0.017969 0.000415975 0.335213	
1.96	0.0179586 0.000416344 0.335366	
1.97	0.0179481 0.000416712 0.335518	
1.98	0.0179377 0.000417079 0.335671	
1.99	0.0179272 0.000417445 0.335823	
2	0.0179168 0.00041781 0.335975	
2.01	0.0179063 0.000418174 0.336126	
2.02	0.0178959 0.000418536 0.336278	
2.03	0.0178855 0.000418898 0.336429	
2.04	0.0178751 0.000419259 0.33658	
2.05	0.0178647 0.000419618 0.336731	
2.06	0.0178543 0.000419976 0.336882	
2.07	0.017844 0.000420334 0.337032	
2.08	0.0178336 0.00042069 0.337182	
2.09	0.0178232 0.000421045 0.337332	
2.1	0.0178129 0.0004214 0.337482	
2.11	0.0178026 0.000421753 0.337632	
2.12	0.0177922 0.000422105 0.337781	
2.13	0.0177819 0.000422456 0.33793	
2.14	0.0177716 0.000422805 0.338079	
2.15	0.0177613 0.000423154 0.338228	
2.16	0.017751 0.000423502 0.338377	
2.17	0.0177407 0.000423848 0.338525	
2.18	0.0177304 0.000424194 0.338674	
2.19	0.0177201 0.000424538 0.338822	
2.2	0.0177099 0.000424882 0.33897	
2.21	0.0176996 0.000425224 0.339117	
2.22	0.0176893 0.000425565 0.339265	
2.23	0.0176791 0.000425905 0.339412	
2.24	0.0176689 0.000426244 0.339559	
2.25	0.0176586 0.000426582 0.339706	
2.26	0.0176484 0.000426919 0.339853	
2.27	0.0176382 0.000427255 0.339999	
2.28	0.017628 0.00042759 0.340146	
2.29	0.0176178 0.000427923 0.340292	
2.3	0.0176076 0.000428256 0.340438	
2.31	0.0175974 0.000428587 0.340583	
2.32	0.0175872 0.000428918 0.340729	
2.33	0.0175771 0.000429247 0.340874	
2.34	0.0175669 0.000429575 0.34102	
2.35	0.0175568 0.000429902 0.341165	
2.36	0.0175466 0.000430228 0.341309	
2.37	0.0175365 0.000430553 0.341454	
2.38	0.0175263 0.000430877 0.341599	
2.39	0.0175162 0.0004312 0.341743	
2.4	0.0175061 0.000431521 0.341887	
2.41	0.017496 0.000431842 0.342031	
2.42	0.0174859 0.000432161 0.342175	
2.43	0.0174758 0.000432479 0.342318	
2.44	0.0174657 0.000432797 0.342462	
2.45	0.0174556 0.000433113 0.342605	
2.46	0.0174455 0.000433428 0.342748	
2.47	0.0174355 0.000433741 0.342891	
2.48	0.0174254 0.000434054 0.343033	
2.49	0.0174153 0.000434366 0.343176	
2.5	0.0174053 0.000434676 0.343318	
2.51	0.0173952 0.000434986 0.34346	
2.52	0.0173852 0.000435294 0.343602	
2.53	0.0173752 0.000435602 0.343744	
2.54	0.0173652 0.000435908 0.343886	
2.55	0.0173551 0.000436213 0.344027	
2.56	0.0173451 0.000436517 0.344169	
2.57	0.0173351 0.000436819 0.34431	
2.58	0.0173251 0.000437121 0.344451	
2.59	0.0173151 0.000437422 0.344591	
2.6	0.0173051 0.000437721 0.344732	
2.61	0.0172952 0.00043802 0.344872	
2.62	0.0172852 0.000438317 0.345013	
2.63	0.0172752 0.000438613 0.345153	
2.64	0.0172653 0.000438908 0.345293	
2.65	0.0172553 0.000439202 0.345432	
2.66	0.0172453 0.000439495 0.345572	
2.67	0.0172354 0.000439786 0.345712	
2.68	0.0172255 0.000440077 0.345851	
2.69	0.0172155 0.000440366 0.34599	
2.7	0.0172056 0.000440654 0.346129	
2.71	0.0171957 0.000440942 0.346268	
2.72	0.0171858 0.000441228 0.346406	
2.73	0.0171759 0.000441512 0.346545	
2.74	0.017166 0.000441796 0.346683	
2.75	0.0171561 0.000442079 0.346821	
2.76	0.0171462 0.00044236 0.346959	
2.77	0.0171363 0.000442641 0.347097	
2.78	0.0171264 0.00044292 0.347234	
2.79	0.0171165 0.000443198 0.347372	
2.8	0.0171067 0.000443475 0.347509	
2.81	0.0170968 0.000443751 0.347646	
2.82	0.0170869 0.000444026 0.347783	
2.83	0.0170771 0.0004443 0.34792	
2.84	0.0170672 0.000444572 0.348057	
2.85	0.0170574 0.000444844 0.348193	
2.86	0.0170476 0.000445114 0.34833	
2.87	0.0170377 0.000445383 0.348466	
2.88	0.0170279 0.000445651 0.348602	
2.89	0.0170181 0.000445918 0.348738	
2.9	0.0170083 0.000446184 0.348874	
2.91	0.0169985 0.000446448 0.349009	
2.92	0.0169886 0.000446712 0.349145	
2.93	0.0169788 0.000446974 0.34928	
2.94	0.0169691 0.000447235 0.349415	
2.95	0.0169593 0.000447495 0.34955	
2.96	0.0169495 0.000447754 0.349685	
2.97	0.0169397 0.000448012 0.34982	
2.98	0.0169299 0.000448269 0.349954	
2.99	0.0169202 0.000448524 0.350089	
3	0.0169104 0.000448779 0.350223	
3.01	0.0169006 0.000449032 0.350357	
3.02	0.0168909 0.000449284 0.350491	
3.03	0.0168811 0.000449535 0.350625	
3.04	0.0168714 0.000449785 0.350758	
3.05	0.0168616 0.000450034 0.350892	
3.06	0.0168519 0.000450281 0.351025	
3.07	0.0168422 0.000450528 0.351158	
3.08	0.0168324 0.000450773 0.351291	
3.09	0.0168227 0.000451017 0.351424	
3.1	0.016813 0.00045126 0.351557	
3.11	0.0168033 0.000451502 0.35169	
3.12	0.0167936 0.000451743 0.351822	
3.13	0.0167839 0.000451982 0.351954	
3.14	0.0167742 0.000452221 0.352086	
3.15	0.0167645 0.000452458 0.352218	
3.16	0.0167548 0.000452694 0.35235	
3.17	0.0167451 0.000452929 0.352482	
3.18	0.0167354 0.000453163 0.352614	
3.19	0.0167257 0.000453396 0.352745	
3.2	0.0167161 0.000453628 0.352876	
3.21	0.0167064 0.000453858 0.353008	
3.22	0.0166967 0.000454088 0.353139	
3.23	0.0166871 0.000454316 0.35327	
3.24	0.0166774 0.000454543 0.3534	
3.25	0.0166678 0.000454769 0.353531	
3.26	0.0166581 0.000454994 0.353661	
3.27	0.0166485 0.000455217 0.353792	
3.28	0.0166388 0.00045544 0.353922	
3.29	0.0166292 0.000455661 0.354052	
3.3	0.0166196 0.000455881 0.354182	
3.31	0.0166099 0.0004561 0.354312	
3.32	0.0166003 0.000456318 0.354441	
3.33	0.0165907 0.000456535 0.354571	
3.34	0.0165811 0.000456751 0.3547	
3.35	0.0165715 0.000456965 0.354829	
3.36	0.0165618 0.000457179 0.354958	
3.37	0.0165522 0.000457391 0.355087	
3.38	0.0165426 0.000457602 0.355216	
3.39	0.016533 0.000457812 0.355345	
3.4	0.0165235 0.000458021 0.355474	
3.41	0.0165139 0.000458229 0.355602	
3.42	0.0165043 0.000458435 0.35573	
3.43	0.0164947 0.00045864 0.355858	
3.44	0.0164851 0.000458845 0.355986	
3.45	0.0164755 0.000459048 0.356114	
3.46	0.016466 0.00045925 0.356242	
3.47	0.0164564 0.000459451 0.35637	
3.48	0.0164468 0.00045965 0.356497	
3.49	0.0164373 0.000459849 0.356625	
3.5	0.0164277 0.000460046 0.356752	
3.51	0.0164182 0.000460243 0.356879	
3.52	0.0164086 0.000460438 0.357006	
3.53	0.0163991 0.000460632 0.357133	
3.54	0.0163895 0.000460825 0.357259	
3.55	0.01638 0.000461017 0.357386	
3.56	0.0163705 0.000461207 0.357513	
3.57	0.0163609 0.000461397 0.357639	
3.58	0.0163514 0.000461585 0.357765	
3.59	0.0163419 0.000461772 0.357891	
3.6	0.0163324 0.000461958 0.358017	
3.61	0.0163229 0.000462143 0.358143	
3.62	0.0163133 0.000462327 0.358269	
3.63	0.0163038 0.00046251 0.358394	
3.64	0.0162943 0.000462691 0.35852	
3.65	0.0162848 0.000462871 0.358645	
3.66	0.0162753 0.000463051 0.35877	
3.67	0.0162658 0.000463229 0.358895	
3.68	0.0162563 0.000463406 0.35902	
3.69	0.0162468 0.000463582 0.359145	
3.7	0.0162373 0.000463756 0.35927	
3.71	0.0162279 0.00046393 0.359394	
3.72	0.0162184 0.000464102 0.359519	
3.73	0.0162089 0.000464274 0.359643	
3.74	0.0161994 0.000464444 0.359767	
3.75	0.0161899 0.000464613 0.359891	
3.76	0.0161805 0.000464781 0.360015	
3.77	0.016171 0.000464947 0.360139	
3.78	0.0161615 0.000465113 0.360263	
3.79	0.0161521 0.000465278 0.360386	
3.8	0.0161426 0.000465441 0.36051	
3.81	0.0161332 0.000465603 0.360633	
3.82	0.0161237 0.000465764 0.360757	
3.83	0.0161143 0.000465924 0.36088	
3.84	0.0161048 0.000466083 0.361003	
3.85	0.0160954 0.000466241 0.361126	
3.86	0.0160859 0.000466397 0.361248	
3.87	0.0160765 0.000466553 0.361371	
3.88	0.0160671 0.000466707 0.361493	
3.89	0.0160576 0.00046686 0.361616	
3.9	0.0160482 0.000467013 0.361738	
3.91	0.0160388 0.000467164 0.36186	
3.92	0.0160294 0.000467313 0.361982	
3.93	0.0160199 0.000467462 0.362104	
3.94	0.0160105 0.00046761 0.362226	
3.95	0.0160011 0.000467756 0.362348	
3.96	0.0159917 0.000467901 0.362469	
3.97	0.0159823 0.000468046 0.362591	
3.98	0.0159729 0.000468189 0.362712	
3.99	0.0159635 0.000468331 0.362833	
4	0.0159635 0.000468331 0.362833	
4.01	0.0159635 0.000468331 0.362833	
4.02	0.0159635 0.000468331 0.362833	
4.03	0.0159635 0.000468331 0.362833	
4.04	0.0159635 0.000468331 0.362833	
4.05	0.0159635 0.000468331 0.362833	
4.06	0.0159635 0.000468331 0.362833	
4.07	0.0159635 0.000468331 0.362833	
4.08	0.0159635 0.000468331 0.362833	
4.09	0.0159635 0.000468331 0.362833	
4.1	0.0159635 0.000468331 0.362833	
4.11	0.0159635 0.000468331 0.362833	
4.12	0.0159635 0.000468331 0.362833	
4.13	0.0159635 0.000468331 0.362833	
4.14	0.0159635 0.000468331 0.362833	
4.15	0.0159635 0.000468331 0.362833	
4.16	0.0159635 0.000468331 0.362833	
4.17	0.0159635 0.000468331 0.362833	
4.18	0.0159635 0.000468331 0.362833	
4.19	0.0159635 0.000468331 0.362833	
4.2	0.0159635 0.000468331 0.362833	
4.21	0.0159635 0.000468331 0.362833	
4.22	0.0159635 0.000468331 0.362833	
4.23	0.0159635 0.000468331 0.362833	
4.24	0.0159635 0.000468331 0.362833	
4.25	0.0159635 0.000468331 0.362833	
4.26	0.0159635 0.000468331 0.362833	
4.27	0.0159635 0.000468331 0.362833	
4.28	0.0159635 0.000468331 0.362833	
4.29	0.0159635 0.000468331 0.362833	
4.3	0.0159635 0.000468331 0.362833	
4.31	0.0159635 0.000468331 0.362833	
4.32	0.0159635 0.000468331 0.362833	
4.33	0.0159635 0.000468331 0.362833	
4.34	0.0159635 0.000468331 0.362833	
4.35	0.0159635 0.000468331 0.362833	
4.36	0.0159635 0.000468331 0.362833	
4.37	0.0159635 0.000468331 0.362833	
4.38	0.0159635 0.000468331 0.362833	
4.39	0.0159635 0.000468331 0.362833	
4.4	0.0159635 0.000468331 0.362833	
4.41	0.0159635 0.000468331 0.362833	
4.42	0.0159635 0.000468331 0.362833	
4.43	0.0159635 0.000468331 0.362833	
4.44	0.0159635 0.000468331 0.362833	
4.45	0.0159635 0.000468331 0.362833	
4.46	0.0159635 0.000468331 0.362833	
4.47	0.0159635 0.000468331 0.362833	
4.48	0.0159635 0.000468331 0.362833	
4.49	0.0159635 0.000468331 0.362833	
4.5	0.0159635 0.000468331 0.362833	
4.51	0.0159635 0.000468331 0.362833	
4.52	0.0159635 0.000468331 0.362833	
4.53	0.0159635 0.000468331 0.362833	
4.54	0.0159635 0.000468331 0.362833	
4.55	0.0159635 0.000468331 0.362833	
4.56	0.0159635 0.000468331 0.362833	
4.57	0.0159635 0.000468331 0.362833	
4.58	0.0159635 0.000468331 0.362833	
4.59	0.0159635 0.000468331 0.362833	
4.6	0.0159635 0.000468331 0.362833	
4.61	0.0159635 0.000468331 0.362833	
4.62	0.0159635 0.000468331 0.362833	
4.63	0.0159635 0.000468331 0.362833	
4.64	0.0159635 0.000468331 0.362833	
4.65	0.0159635 0.000468331 0.362833	
4.66	0.0159635 0.000468331 0.362833	
4.67	0.0159635 0.000468331 0.362833	
4.68	0.0159635 0.000468331 0.362833	
4.69	0.0159635 0.000468331 0.362833	
4.7	0.0159635 0.000468331 0.362833	
4.71	0.0159635 0.000468331 0.362833	
4.72	0.0159635 0.000468331 0.362833	
4.73	0.0159635 0.000468331 0.362833	
4.74	0.0159635 0.000468331 0.362833	
4.75	0.0159635 0.000468331 0.362833	
4.76	0.0159635 0.000468331 0.362833	
4.77	0.0159635 0.000468331 0.362833	
4.78	0.0159635 0.000468331 0.362833	
4.79	0.0159635 0.000468331 0.362833	
4.8	0.0159635 0.000468331 0.362833	
4.81	0.0159635 0.000468331 0.362833	
4.82	0.0159635 0.000468331 0.362833	
4.83	0.0159635 0.000468331 0.362833	
4.84	0.0159635 0.000468331 0.362833	
4.85	0.0159635 0.000468331 0.362833	
4.86	0.0159635 0.000468331 0.362833	
4.87	0.0159635 0.000468331 0.362833	
4.88	0.0159635 0.000468331 0.362833	
4.89	0.0159635 0.000468331 0.362833	
4.9	0.0159635 0.000468331 0.362833	
4.91	0.0159635 0.000468331 0.362833	
4.92	0.0159635 0.000468331 0.362833	
4.93	0.0159635 0.000468331 0.362833	
4.94	0.0159635 0.000468331 0.362833	
4.95	0.0159635 0.000468331 0.362833	
4.96	0.0159635 0.000468331 0.362833	
4.97	0.0159635 0.000468331 0.362833	
4.98	0.0159635 0.000468331 0.362833	
4.99	0.0159635 0.000468331 0.362833	
5	0.0159635 0.000468331 0.362833	
5.01	0.0159635 0.000468331 0.362833	
5.02	0.0159635 0.000468331 0.362833	
5.03	0.0159635 0.000468331 0.362833	
5.04	0.0159635 0.000468331 0.362833	
5.05	0.0159635 0.000468331 0.362833	
5.06	0.0159635 0.000468331 0.362833	
5.07	0.0159635 0.000468331 0.362833	
5.08	0.0159635 0.000468331 0.362833	
5.09	0.0159635 0.000468331 0.362833	
5.1	0.0159635 0.000468331 0.362833	
5.11	0.0159635 0.000468331 0.362833	
5.12	0.0159635 0.000468331 0.362833	
5.13	0.0159635 0.000468331 0.362833	
5.14	0.0159635 0.000468331 0.362833	
5.15	0.0159635 0.000468331 0.362833	
5.16	0.0159635 0.000468331 0.362833	
5.17	0.0159635 0.000468331 0.362833	
5.18	0.0159635 0.000468331 0.362833	
5.19	0.0159635 0.000468331 0.362833	
5.2	0.0159635 0.000468331 0.362833	
5.21	0.0159635 0.000468331 0.362833	
5.22	0.0159635 0.000468331 0.362833	
5.23	0.0159635 0.000468331 0.362833	
5.24	0.0159635 0.000468331 0.362833	
5.25	0.0159635 0.000468331 0.362833	
5.26	0.0159635 0.000468331 0.362833	
5.27	0.0159635 0.000468331 0.362833	
5.28	0.0159635 0.000468331 0.362833	
5.29	0.0159635 0.000468331 0.362833	
5.3	0.0159635 0.000468331 0.362833	
5.31	0.0159635 0.000468331 0.362833	
5.32	0.0159635 0.000468331 0.362833	
5.33	0.0159635 0.000468331 0.362833	
5.34	0.0159635 0.000468331 0.362833	
5.35	0.0159635 0.000468331 0.362833	
5.36	0.0159635 0.000468331 0.362833	
5.37	0.0159635 0.000468331 0.362833	
5.38	0.0159635 0.000468331 0.362833	
5.39	0.0159635 0.000468331 0.362833	
5.4	0.0159635 0.000468331 0.362833	
5.41	0.0159635 0.000468331 0.362833	
5.42	0.0159635 0.000468331 0.362833	
5.43	0.0159635 0.000468331 0.362833	
5.44	0.0159635 0.000468331 0.362833	
5.45	0.0159635 0.000468331 0.362833	
5.46	0.0159635 0.000468331 0.362833	
5.47	0.0159635 0.000468331 0.362833	
5.48	0.0159635 0.000468331 0.362833	
5.49	0.0159635 0.000468331 0.362833	
5.5	0.0159635 0.000468331 0.362833	
5.51	0.0159635 0.000468331 0.362833	
5.52	0.0159635 0.000468331 0.362833	
5.53	0.0159635 0.000468331 0.362833	
5.54	0.0159635 0.000468331 0.362833	
5.55	0.0159635 0.000468331 0.362833	
5.56	0.0159635 0.000468331 0.362833	
5.57	0.0159635 0.000468331 0.362833	
5.58	0.0159635 0.000468331 0.362833	
5.59	0.0159635 0.000468331 0.362833	
5.6	0.0159635 0.000468331 0.362833	
5.61	0.0159635 0.000468331 0.362833	
5.62	0.0159635 0.000468331 0.362833	
5.63	0.0159635 0.000468331 0.362833	
5.64	0.0159635 0.000468331 0.362833	
5.65	0.0159635 0.000468331 0.362833	
5.66	0.0159635 0.000468331 0.362833	
5.67	0.0159635 0.000468331 0.362833	
5.68	0.0159635 0.000468331 0.362833	
5.69	0.0159635 0.000468331 0.362833	
5.7	0.0159635 0.000468331 0.362833	
5.71	0.0159635 0.000468331 0.362833	
5.72	0.0159635 0.000468331 0.362833	
5.73	0.0159635 0.000468331 0.362833	
5.74	0.0159635 0.000468331 0.362833	
5.75	0.0159635 0.000468331 0.362833	
5.76	0.0159635 0.000468331 0.362833	
5.77	0.0159635 0.000468331 0.362833	
5.78	0.0159635 0.000468331 0.362833	
5.79	0.0159635 0.000468331 0.362833	
5.8	0.0159635 0.000468331 0.362833	
5.81	0.0159635 0.000468331 0.362833	
5.82	0.0159635 0.000468331 0.362833	
5.83	0.0159635 0.000468331 0.362833	
5.84	0.0159635 0.000468331 0.362833	
5.85	0.0159635 0.000468331 0.362833	
5.86	0.0159635 0.000468331 0.362833	
5.87	0.0159635 0.000468331 0.362833	
5.88	0.0159635 0.000468331 0.362833	
5.89	0.0159635 0.000468331 0.362833	
5.9	0.0159635 0.000468331 0.362833	
5.91	0.0159635 0.000468331 0.362833	
5.92	0.0159635 0.000468331 0.362833	
5.93	0.0159635 0.000468331 0.362833	
5.94	0.0159635 0.000468331 0.362833	
5.95	0.0159635 0.000468331 0.362833	
5.96	0.0159635 0.000468331 0.362833	
5.97	0.0159635 0.000468331 0.362833	
5.98	0.0159635 0.000468331 0.362833	
5.99	0.0159635 0.000468331 0.362833	
6	0.0159635 0.000468331 0.362833	
6.01	0.0159635 0.000468331 0.362833	
6.02	0.0159635 0.000468331 0.362833	
6.03	0.0159635 0.000468331 0.362833	
6.04	0.0159635 0.000468331 0.362833	
6.05	0.0159635 0.000468331 0.362833	
6.06	0.0159635 0.000468331 0.362833	
6.07	0.0159635 0.000468331 0.362833	
6.08	0.0159635 0.000468331 0.362833	
6.09	0.0159635 0.000468331 0.362833	
6.1	0.0159635 0.000468331 0.362833	
6.11	0.0159635 0.000468331 0.362833	
6.12	0.0159635 0.000468331 0.362833	
6.13	0.0159635 0.000468331 0.362833	
6.14	0.0159635 0.000468331 0.362833	
6.15	0.0159635 0.000468331 0.362833	
6.16	0.0159635 0.000468331 0.362833	
6.17	0.0159635 0.000468331 0.362833	
6.18	0.0159635 0.000468331 0.362833	
6.19	0.0159635 0.000468331 0.362833	
6.2	0.0159635 0.000468331 0.362833	
6.21	0.0159635 0.000468331 0.362833	
6.22	0.0159635 0.000468331 0.362833	
6.23	0.0159635 0.000468331 0.362833	
6.24	0.0159635 0.000468331 0.362833	
6.25	0.0159635 0.000468331 0.362833	
6.26	0.0159635 0.000468331 0.362833	
6.27	0.0159635 0.000468331 0.362833	
6.28	0.0159635 0.000468331 0.362833	
6.29	0.0159635 0.000468331 0.362833	
6.3	0.0159635 0.000468331 0.362833	
6.31	0.0159635 0.000468331 0.362833	
6.32	0.0159635 0.000468331 0.362833	
6.33	0.0159635 0.000468331 0.362833	
6.34	0.0159635 0.000468331 0.362833	
6.35	0.0159635 0.000468331 0.362833	
6.36	0.0159635 0.000468331 0.362833	
6.37	0.0159635 0.000468331 0.362833	
6.38	0.0159635 0.000468331 0.362833	
6.39	0.0159635 0.000468331 0.362833	
6.4	0.0159635 0.000468331 0.362833	
6.41	0.0159635 0.000468331 0.362833	
6.42	0.0159635 0.000468331 0.362833	
6.43	0.0159635 0.000468331 0.362833	
6.44	0.0159635 0.000468331 0.362833	
6.45	0.0159635 0.000468331 0.362833	
6.46	0.0159635 0.000468331 0.362833	
6.47	0.0159635 0.000468331 0.362833	
6.48	0.0159635 0.000468331 0.362833	
6.49	0.0159635 0.000468331 0.362833	
6.5	0.0159635 0.000468331 0.362833	
6.51	0.0159635 0.000468331 0.362833	
6.52	0.0159635 0.000468331 0.362833	
6.53	0.0159635 0.000468331 0.362833	
6.54	0.0159635 0.000468331 0.362833	
6.55	0.0159635 0.000468331 0.362833	
6.56	0.0159635 0.000468331 0.362833	
6.57	0.0159635 0.000468331 0.362833	
6.58	0.0159635 0.000468331 0.362833	
6.59	0.0159635 0.000468331 0.362833	
6.6	0.0159635 0.000468331 0.362833	
6.61	0.0159635 0.000468331 0.362833	
6.62	0.0159635 0.000468331 0.362833	
6.63	0.0159635 0.000468331 0.362833	
6.64	0.0159635 0.000468331 0.362833	
6.65	0.0159635 0.000468331 0.362833	
6.66	0.0159635 0.000468331 0.362833	
6.67	0.0159635 0.000468331 0.362833	
6.68	0.0159635 0.000468331 0.362833	
6.69	0.0159635 0.000468331 0.362833	
6.7	0.0159635 0.000468331 0.362833	
6.71	0.0159635 0.000468331 0.362833	
6.72	0.0159635 0.000468331 0.362833	
6.73	0.0159635 0.000468331 0.362833	
6.74	0.0159635 0.000468331 0.362833	
6.75	0.0159635 0.000468331 0.362833	
6.76	0.0159635 0.000468331 0.362833	
6.77	0.0159635 0.000468331 0.362833	
6.78	0.0159635 0.000468331 0.362833	
6.79	0.0159635 0.000468331 0.362833	
6.8	0.0159635 0.000468331 0.362833	
6.81	0.0159635 0.000468331 0.362833	
6.82	0.0159635 0.000468331 0.362833	
6.83	0.0159635 0.000468331 0.362833	
6.84	0.0159635 0.000468331 0.362833	
6.85	0.0159635 0.000468331 0.362833	
6.86	0.0159635 0.000468331 0.362833	
6.87	0.0159635 0.000468331 0.362833	
6.88	0.0159635 0.000468331 0.362833	
6.89	0.0159635 0.000468331 0.362833	
6.9	0.0159635 0.000468331 0.362833	
6.91	0.0159635 0.000468331 0.362833	
6.92	0.0159635 0.000468331 0.362833	
6.93	0.0159635 0.000468331 0.362833	
6.94	0.0159635 0.000468331 0.362833	
6.95	0.0159635 0.000468331 0.362833	
6.96	0.0159635 0.000468331 0.362833	
6.97	0.0159635 0.000468331 0.362833	
6.98	0.0159635 0.000468331 0.362833	
6.99	0.0159635 0.000468331 0.362833	
7	0.0159635 0.000468331 0.362833	
7.01	0.0159635 0.000468331 0.362833	
7.02	0.0159635 0.000468331 0.362833	
7.03	0.0159635 0.000468331 0.362833	
7.04	0.0159635 0.000468331 0.362833	
7.05	0.0159635 0.000468331 0.362833	
7.06	0.0159635 0.000468331 0.362833	
7.07	0.0159635 0.000468331 0.362833	
7.08	0.0159635 0.000468331 0.362833	
7.09	0.0159635 0.000468331 0.362833	
7.1	0.0159635 0.000468331 0.362833	
7.11	0.0159635 0.000468331 0.362833	
7.12	0.0159635 0.000468331 0.362833	
7.13	0.0159635 0.000468331 0.362833	
7.14	0.0159635 0.000468331 0.362833	
7.15	0.0159635 0.000468331 0.362833	
7.16	0.0159635 0.000468331 0.362833	
7.17	0.0159635 0.000468331 0.362833	
7.18	0.0159635 0.000468331 0.362833	
7.19	0.0159635 0.000468331 0.362833	
7.2	0.0159635 0.000468331 0.362833	
7.21	0.0159635 0.000468331 0.362833	
7.22	0.0159635 0.000468331 0.362833	
7.23	0.0159635 0.000468331 0.362833	
7.24	0.0159635 0.000468331 0.362833	
7.25	0.0159635 0.000468331 0.362833	
7.26	0.0159635 0.000468331 0.362833	
7.27	0.0159635 0.000468331 0.362833	
7.28	0.0159635 0.000468331 0.362833	
7.29	0.0159635 0.000468331 0.362833	
7.3	0.0159635 0.000468331 0.362833	
7.31	0.0159635 0.000468331 0.362833	
7.32	0.0159635 0.000468331 0.362833	
7.33	0.0159635 0.000468331 0.362833	
7.34	0.0159635 0.000468331 0.362833	
7.35	0.0159635 0.000468331 0.362833	
7.36	0.0159635 0.000468331 0.362833	
7.37	0.0159635 0.000468331 0.362833	
7.38	0.0159635 0.000468331 0.362833	
7.39	0.0159635 0.000468331 0.362833	
7.4	0.0159635 0.000468331 0.362833	
7.41	0.0159635 0.000468331 0.362833	
7.42	0.0159635 0.000468331 0.362833	
7.43	0.0159635 0.000468331 0.362833	
7.44	0.0159635 0.000468331 0.362833	
7.45	0.0159635 0.000468331 0.362833	
7.46	0.0159635 0.000468331 0.362833	
7.47	0.0159635 0.000468331 0.362833	
7.48	0.0159635 0.000468331 0.362833	
7.49	0.0159635 0.000468331 0.362833	
7.5	0.0159635 0.000468331 0.362833	
7.51	0.0159635 0.000468331 0.362833	
7.52	0.0159635 0.000468331 0.362833	
7.53	0.0159635 0.000468331 0.362833	
7.54	0.0159635 0.000468331 0.362833	
7.55	0.0159635 0.000468331 0.362833	
7.56	0.0159635 0.000468331 0.362833	
7.57	0.0159635 0.000468331 0.362833	
7.58	0.0159635 0.000468331 0.362833	
7.59	0.0159635 0.000468331 0.362833	
7.6	0.0159635 0.000468331 0.362833	
7.61	0.0159635 0.000468331 0.362833	
7.62	0.0159635 0.000468331 0.362833	
7.63	0.0159635 0.000468331 0.362833	
7.64	0.0159635 0.000468331 0.362833	
7.65	0.0159635 0.000468331 0.362833	
7.66	0.0159635 0.000468331 0.362833	
7.67	0.0159635 0.000468331 0.362833	
7.68	0.0159635 0.000468331 0.362833	
7.69	0.0159635 0.000468331 0.362833	
7.7	0.0159635 0.000468331 0.362833	
7.71	0.0159635 0.000468331 0.362833	
7.72	0.0159635 0.000468331 0.362833	
7.73	0.0159635 0.000468331 0.362833	
7.74	0.0159635 0.000468331 0.362833	
7.75	0.0159635 0.000468331 0.362833	
7.76	0.0159635 0.000468331 0.362833	
7.77	0.0159635 0.000468331 0.362833	
7.78	0.0159635 0.000468331 0.362833	
7.79	0.0159635 0.000468331 0.362833	
7.8	0.0159635 0.000468331 0.362833	
7.81	0.0159635 0.000468331 0.362833	
7.82	0.0159635 0.000468331 0.362833	
7.83	0.0159635 0.000468331 0.362833	
7.84	0.0159635 0.000468331 0.362833	
7.85	0.0159635 0.000468331 0.362833	
7.86	0.0159635 0.000468331 0.362833	
7.87	0.0159635 0.000468331 0.362833	
7.88	0.0159635 0.000468331 0.362833	
7.89	0.0159635 0.000468331 0.362833	
7.9	0.0159635 0.000468331 0.362833	
7.91	0.0159635 0.000468331 0.362833	
7.92	0.0159635 0.000468331 0.362833	
7.93	0.0159635 0.000468331 0.362833	
7.94	0.0159635 0.000468331 0.362833	
7.95	0.0159635 0.000468331 0.362833	
7.96	0.0159635 0.000468331 0.362833	
7.97	0.0159635 0.000468331 0.362833	
7.98	0.0159635 0.000468331 0.362833	
7.99	0.0159635 0.000468331 0.362833	
8	0.0159635 0.000468331 0.362833	
8.01	0.0159635 0.000468331 0.362833	
8.02	0.0159635 0.000468331 0.362833	
8.03	0.0159635 0.000468331 0.362833	
8.04	0.0159635 0.000468331 0.362833	
8.05	0.0159635 0.000468331 0.362833	
8.06	0.0159635 0.000468331 0.362833	
8.07	0.0159635 0.000468331 0.362833	
8.08	0.0159635 0.000468331 0.362833	
8.09	0.0159635 0.000468331 0.362833	
8.1	0.0159635 0.000468331 0.362833	
8.11	0.0159635 0.000468331 0.362833	
8.12	0.0159635 0.000468331 0.362833	
8.13	0.0159635 0.000468331 0.362833	
8.14	0.0159635 0.000468331 0.362833	
8.15	0.0159635 0.000468331 0.362833	
8.16	0.0159635 0.000468331 0.362833	
8.17	0.0159635 0.000468331 0.362833	
8.18	0.0159635 0.000468331 0.362833	
8.19	0.0159635 0.000468331 0.362833	
8.2	0.0159635 0.000468331 0.362833	
8.21	0.0159635 0.000468331 0.362833	
8.22	0.0159635 0.000468331 0.362833	
8.23	0.0159635 0.000468331 0.362833	
8.24	0.0159635 0.000468331 0.362833	
8.25	0.0159635 0.000468331 0.362833	
8.26	0.0159635 0.000468331 0.362833	
8.27	0.0159635 0.000468331 0.362833	
8.28	0.0159635 0.000468331 0.362833	
8.29	0.0159635 0.000468331 0.362833	
8.3	0.0159635 0.000468331 0.362833	
8.31	0.0159635 0.000468331 0.362833	
8.32	0.0159635 0.000468331 0.362833	
8.33	0.0159635 0.000468331 0.362833	
8.34	0.0159635 0.000468331 0.362833	
8.35	0.0159635 0.000468331 0.362833	
8.36	0.0159635 0.000468331 0.362833	
8.37	0.0159635 0.000468331 0.362833	
8.38	0.0159635 0.000468331 0.362833	
8.39	0.0159635 0.000468331 0.362833	
8.4	0.0159635 0.000468331 0.362833	
8.41	0.0159635 0.000468331 0.362833	
8.42	0.0159635 0.000468331 0.362833	
8.43	0.0159635 0.000468331 0.362833	
8.44	0.0159635 0.000468331 0.362833	
8.45	0.0159635 0.000468331 0.362833	
8.46	0.0159635 0.000468331 0.362833	
8.47	0.0159635 0.000468331 0.362833	
8.48	0.0159635 0.000468331 0.362833	
8.49	0.0159635 0.000468331 0.362833	
8.5	0.0159635 0.000468331 0.362833	
8.51	0.0159635 0.000468331 0.362833	
8.52	0.0159635 0.000468331 0.362833	
8.53	0.0159635 0.000468331 0.362833	
8.54	0.0159635 0.000468331 0.362833	
8.55	0.0159635 0.000468331 0.362833	
8.56	0.0159635 0.000468331 0.362833	
8.57	0.0159635 0.000468331 0.362833	
8.58	0.0159635 0.000468331 0.362833	
8.59	0.0159635 0.000468331 0.362833	
8.6	0.0159635 0.000468331 0.362833	
8.61	0.0159635 0.000468331 0.362833	
8.62	0.0159635 0.000468331 0.362833	
8.63	0.0159635 0.000468331 0.362833	
8.64	0.0159635 0.000468331 0.362833	
8.65	0.0159635 0.000468331 0.362833	
8.66	0.0159635 0.000468331 0.362833	
8.67	0.0159635 0.000468331 0.362833	
8.68	0.0159635 0.000468331 0.362833	
8.69	0.0159635 0.000468331 0.362833	
8.7	0.0159635 0.000468331 0.362833	
8.71	0.0159635 0.000468331 0.362833	
8.72	0.0159635 0.000468331 0.362833	
8.73	0.0159635 0.000468331 0.362833	
8.74	0.0159635 0.000468331 0.362833	
8.75	0.0159635 0.000468331 0.362833	
8.76	0.0159635 0.000468331 0.362833	
8.77	0.0159635 0.000468331 0.362833	
8.78	0.0159635 0.000468331 0.362833	
8.79	0.0159635 0.000468331 0.362833	
8.8	0.0159635 0.000468331 0.362833	
8.81	0.0159635 0.000468331 0.362833	
8.82	0.0159635 0.000468331 0.362833	
8.83	0.0159635 0.000468331 0.362833	
8.84	0.0159635 0.000468331 0.362833	
8.85	0.0159635 0.000468331 0.362833	
8.86	0.0159635 0.000468331 0.362833	
8.87	0.0159635 0.000468331 0.362833	
8.88	0.0159635 0.000468331 0.362833	
8.89	0.0159635 0.000468331 0.362833	
8.9	0.0159635 0.000468331 0.362833	
8.91	0.0159635 0.000468331 0.362833	
8.92	0.0159635 0.000468331 0.362833	
8.93	0.0159635 0.000468331 0.362833	
8.94	0.0159635 0.000468331 0.362833	
8.95	0.0159635 0.000468331 0.362833	
8.96	0.0159635 0.000468331 0.362833	
8.97	0.0159635 0.000468331 0.362833	
8.98	0.0159635 0.000468331 0.362833	
8.99	0.0159635 0.000468331 0.362833	
9	0.0159635 0.000468331 0.362833	
9.01	0.0159635 0.000468331 0.362833	
9.02	0.0159635 0.000468331 0.362833	
9.03	0.0159635 0.000468331 0.362833	
9.04	0.0159635 0.000468331 0.362833	
9.05	0.0159635 0.000468331 0.362833	
9.06	0.0159635 0.000468331 0.362833	
9.07	0.0159635 0.000468331 0.362833	
9.08	0.0159635 0.000468331 0.362833	
9.09	0.0159635 0.000468331 0.362833	
9.1	0.0159635 0.000468331 0.362833	
9.11	0.0159635 0.000468331 0.362833	
9.12	0.0159635 0.000468331 0.362833	
9.13	0.0159635 0.000468331 0.362833	
9.14	0.0159635 0.000468331 0.362833	
9.15	0.0159635 0.000468331 0.362833	
9.16	0.0159635 0.000468331 0.362833	
9.17	0.0159635 0.000468331 0.362833	
9.18	0.0159635 0.000468331 0.362833	
9.19	0.0159635 0.000468331 0.362833	
9.2	0.0159635 0.000468331 0.362833	
9.21	0.0159635 0.000468331 0.362833	
9.22	0.0159635 0.000468331 0.362833	
9.23	0.0159635 0.000468331 0.362833	
9.24	0.0159635 0.000468331 0.362833	
9.25	0.0159635 0.000468331 0.362833	
9.26	0.0159635 0.000468331 0.362833	
9.27	0.0159635 0.000468331 0.362833	
9.28	0.0159635 0.000468331 0.362833	
9.29	0.0159635 0.000468331 0.362833	
9.3	0.0159635 0.000468331 0.362833	
9.31	0.0159635 0.000468331 0.362833	
9.32	0.0159635 0.000468331 0.362833	
9.33	0.0159635 0.000468331 0.362833	
9.34	0.0159635 0.000468331 0.362833	
9.35	0.0159635 0.000468331 0.362833	
9.36	0.0159635 0.000468331 0.362833	
9.37	0.0159635 0.000468331 0.362833	
9.38	0.0159635 0.000468331 0.362833	
9.39	0.0159635 0.000468331 0.362833	
9.4	0.0159635 0.000468331 0.362833	
9.41	0.0159635 0.000468331 0.362833	
9.42	0.0159635 0.000468331 0.362833	
9.43	0.0159635 0.000468331 0.362833	
9.44	0.0159635 0.000468331 0.362833	
9.45	0.0159635 0.000468331 0.362833	
9.46	0.0159635 0.000468331 0.362833	
9.47	0.0159635 0.000468331 0.362833	
9.48	0.0159635 0.000468331 0.362833	
9.49	0.0159635 0.000468331 0.362833	
9.5	0.0159635 0.000468331 0.362833	
9.51	0.0159635 0.000468331 0.362833	
9.52	0.0159635 0.000468331 0.362833	
9.53	0.0159635 0.000468331 0.362833	
9.54	0.0159635 0.000468331 0.362833	
9.55	0.0159635 0.000468331 0.362833	
9.56	0.0159635 0.000468331 0.362833	
9.57	0.0159635 0.000468331 0.362833	
9.58	0.0159635 0.000468331 0.362833	
9.59	0.0159635 0.000468331 0.362833	
9.6	0.0159635 0.000468331 0.362833	
9.61	0.0159635 0.000468331 0.362833	
9.62	0.0159635 0.000468331 0.362833	
9.63	0.0159635 0.000468331 0.362833	
9.64	0.0159635 0.000468331 0.362833	
9.65	0.0159635 0.000468331 0.362833	
9.66	0.0159635 0.000468331 0.362833	
9.67	0.0159635 0.000468331 0.362833	
9.68	0.0159635 0.000468331 0.362833	
9.69	0.0159635 0.000468331 0.362833	
9.7	0.0159635 0.000468331 0.362833	
9.71	0.0159635 0.000468331 0.362833	
9.72	0.0159635 0.000468331 0.362833	
9.73	0.0159635 0.000468331 0.362833	
9.74	0.0159635 0.000468331 0.362833	
9.75	0.0159635 0.000468331 0.362833	
9.76	0.0159635 0.000468331 0.362833	
9.77	0.0159635 0.000468331 0.362833	
9.78	0.0159635 0.000468331 0.362833	
9.79	0.0159635 0.000468331 0.362833	
9.8	0.0159635 0.000468331 0.362833	
9.81	0.0159635 0.000468331 0.362833	
9.82	0.0159635 0.000468331 0.362833	
9.83	0.0159635 0.000468331 0.362833	
9.84	0.0159635 0.000468331 0.362833	
9.85	0.0159635 0.000468331 0.362833	
9.86	0.0159635 0.000468331 0.362833	
9.87	0.0159635 0.000468331 0.362833	
9.88	0.0159635 0.000468331 0.362833	
9.89	0.0159635 0.000468331 0.362833	
9.9	0.0159635 0.000468331 0.362833	
9.91	0.0159635 0.000468331 0.362833	
9.92	0.0159635 0.000468331 0.362833	
9.93	0.0159635 0.000468331 0.362833	
9.94	0.0159635 0.000468331 0.362833	
9.95	0.0159635 0.000468331 0.362833	
9.96	0.0159635 0.000468331 0.362833	
9.97	0.0159635 0.000468331 0.362833	
9.98	0.0159635 0.000468331 0.362833	
9.99	0.0159635 0.000468331 0.362833	
10	0.0159635 0.000468331 0.362833	
