0	0.02 0 0.15	
0.01	0.0200365 3.60873e-05 0.150154	
0.02	0.0200573 5.65853e-05 0.150311	
0.03	0.0200699 6.90471e-05 0.15047	
0.04	0.0200779 7.68797e-05 0.150629	
0.05	0.020083 8.18394e-05 0.150789	
0.06	0.0200861 8.49213e-05 0.150949	
0.07	0.020088 8.67279e-05 0.151108	
0.08	0.0200889 8.76438e-05 0.151268	
0.09	0.0200892 8.79248e-05 0.151427	
0.1	0.020089 8.77465e-05 0.151585	
0.11	0.0200885 8.72327e-05 0.151744	
0.12	0.0200877 8.64727e-05 0.151902	
0.13	0.0200868 8.5532e-05 0.152059	
0.14	0.0200857 8.44593e-05 0.152216	
0.15	0.0200845 8.32914e-05 0.152373	
0.16	0.0200832 8.20561e-05 0.152529	
0.17	0.0200819 8.07751e-05 0.152685	
0.18	0.0200806 7.94649e-05 0.15284	
0.19	0.0200792 7.81384e-05 0.152995	
0.2	0.0200779 7.68055e-05 0.153149	
0.21	0.0200765 7.54741e-05 0.153303	
0.22	0.0200752 7.41503e-05 0.153457	
0.23	0.0200738 7.28387e-05 0.15361	
0.24	0.0200725 7.1543e-05 0.153763	
0.25	0.0200712 7.0266e-05 0.153915	
0.26	0.0200699 6.90098e-05 0.154067	
0.27	0.0200686 6.7776e-05 0.154218	
0.28	0.0200674 6.65658e-05 0.154369	
0.29	0.0200662 6.53798e-05 0.15452	
0.3	0.020065 6.42187e-05 0.15467	
0.31	0.0200638 6.30826e-05 0.154819	
0.32	0.0200627 6.19716e-05 0.154969	
0.33	0.0200616 6.08858e-05 0.155117	
0.34	0.0200605 5.9825e-05 0.155266	
0.35	0.0200594 5.87888e-05 0.155414	
0.36	0.0200584 5.77769e-05 0.155561	
0.37	0.0200574 5.6789e-05 0.155709	
0.38	0.0200564 5.58246e-05 0.155855	
0.39	0.0200554 5.48833e-05 0.156002	
0.4	0.0200545 5.39645e-05 0.156148	
0.41	0.0200535 5.30677e-05 0.156293	
0.42	0.0200526 5.21925e-05 0.156439	
0.43	0.0200518 5.13382e-05 0.156583	
0.44	0.0200509 5.05044e-05 0.156728	
0.45	0.0200501 4.96905e-05 0.156872	
0.46	0.0200492 4.8896e-05 0.157016	
0.47	0.0200484 4.81203e-05 0.157159	
0.48	0.0200477 4.7363e-05 0.157302	
0.49	0.0200469 4.66236e-05 0.157444	
0.5	0.0200462 4.59015e-05 0.157587	
0.51	0.0200454 4.51963e-05 0.157728	
0.52	0.0200447 4.45075e-05 0.15787	
0.53	0.020044 4.38347e-05 0.158011	
0.54	0.0200433 4.31773e-05 0.158152	
0.55	0.0200427 4.25349e-05 0.158292	
0.56	0.020042 4.19072e-05 0.158432	
0.57	0.0200414 4.12937e-05 0.158572	
0.58	0.0200408 4.0694e-05 0.158711	
0.59	0.0200402 4.01077e-05 0.15885	
0.6	0.0200396 3.95345e-05 0.158989	
0.61	0.020039 3.89739e-05 0.159127	
0.62	0.0200384 3.84256e-05 0.159265	
0.63	0.0200379 3.78893e-05 0.159402	
0.64	0.0200373 3.73646e-05 0.15954	
0.65	0.0200368 3.68512e-05 0.159677	
0.66	0.0200363 3.63488e-05 0.159813	
0.67	0.0200357 3.58571e-05 0.159949	
0.68	0.0200352 3.53758e-05 0.160085	
0.69	0.0200348 3.49046e-05 0.160221	
0.7	0.0200343 3.44433e-05 0.160356	
0.71	0.0200338 3.39915e-05 0.160491	
0.72	0.0200333 3.3549e-05 0.160626	
0.73	0.0200329 3.31155e-05 0.16076	
0.74	0.0200324 3.26909e-05 0.160894	
0.75	0.020032 3.22749e-05 0.161028	
0.76	0.0200316 3.18672e-05 0.161161	
0.77	0.0200312 3.14677e-05 0.161294	
0.78	0.0200308 3.10761e-05 0.161427	
0.79	0.0200304 3.06922e-05 0.161559	
0.8	0.02003 3.03158e-05 0.161691	
0.81	0.0200296 2.99467e-05 0.161823	
0.82	0.0200292 2.95847e-05 0.161955	
0.83	0.0200288 2.92298e-05 0.162086	
0.84	0.0200285 2.88815e-05 0.162217	
0.85	0.0200281 2.85399e-05 0.162347	
0.86	0.0200277 2.82048e-05 0.162478	
0.87	0.0200274 2.78759e-05 0.162608	
0.88	0.0200271 2.75531e-05 0.162738	
0.89	0.0200267 2.72363e-05 0.162867	
0.9	0.0200264 2.69253e-05 0.162996	
0.91	0.0200261 2.662e-05 0.163125	
0.92	0.0200258 2.63203e-05 0.163254	
0.93	0.0200254 2.60259e-05 0.163382	
0.94	0.0200251 2.57369e-05 0.16351	
0.95	0.0200248 2.5453e-05 0.163638	
0.96	0.0200245 2.51741e-05 0.163765	
0.97	0.0200243 2.49001e-05 0.163893	
0.98	0.020024 2.4631e-05 0.16402	
0.99	0.0200237 2.43665e-05 0.164146	
1	0.0200234 2.41066e-05 0.164273	
1.01	0.0200231 2.38512e-05 0.164399	
1.02	0.0200229 2.36002e-05 0.164525	
1.03	0.0200226 2.33534e-05 0.16465	
1.04	0.0200224 2.31108e-05 0.164775	
1.05	0.0200221 2.28723e-05 0.164901	
1.06	0.0200219 2.26378e-05 0.165025	
1.07	0.0200216 2.24072e-05 0.16515	
1.08	0.0200214 2.21803e-05 0.165274	
1.09	0.0200211 2.19573e-05 0.165398	
1.1	0.0200209 2.17378e-05 0.165522	
1.11	0.0200207 2.1522e-05 0.165645	
1.12	0.0200204 2.13096e-05 0.165769	
1.13	0.0200202 2.11007e-05 0.165892	
1.14	0.02002 2.0895e-05 0.166014	
1.15	0.0200198 2.06927e-05 0.166137	
1.16	0.0200196 2.04936e-05 0.166259	
1.17	0.0200194 2.02976e-05 0.166381	
1.18	0.0200192 2.01046e-05 0.166503	
1.19	0.020019 1.99147e-05 0.166625	
1.2	0.0200188 1.97277e-05 0.166746	
1.21	0.0200186 1.95436e-05 0.166867	
1.22	0.0200184 1.93623e-05 0.166988	
1.23	0.0200182 1.91838e-05 0.167108	
1.24	0.020018 1.9008e-05 0.167229	
1.25	0.0200178 1.88348e-05 0.167349	
1.26	0.0200176 1.86643e-05 0.167468	
1.27	0.0200174 1.84963e-05 0.167588	
1.28	0.0200172 1.83307e-05 0.167707	
1.29	0.0200171 1.81677e-05 0.167827	
1.3	0.0200169 1.8007e-05 0.167945	
1.31	0.0200167 1.78487e-05 0.168064	
1.32	0.0200166 1.76927e-05 0.168183	
1.33	0.0200164 1.75389e-05 0.168301	
1.34	0.0200162 1.73874e-05 0.168419	
1.35	0.0200161 1.7238e-05 0.168537	
1.36	0.0200159 1.70908e-05 0.168654	
1.37	0.0200157 1.69457e-05 0.168772	
1.38	0.0200156 1.68026e-05 0.168889	
1.39	0.0200154 1.66615e-05 0.169006	
1.4	0.0200153 1.65225e-05 0.169122	
1.41	0.0200151 1.63853e-05 0.169239	
1.42	0.020015 1.62501e-05 0.169355	
1.43	0.0200148 1.61167e-05 0.169471	
1.44	0.0200147 1.59851e-05 0.169587	
1.45	0.0200146 1.58554e-05 0.169702	
1.46	0.0200144 1.57274e-05 0.169818	
1.47	0.0200143 1.56011e-05 0.169933	
1.48	0.0200141 1.54766e-05 0.170048	
1.49	0.020014 1.53537e-05 0.170163	
1.5	0.0200139 1.52325e-05 0.170277	
1.51	0.0200137 1.51129e-05 0.170391	
1.52	0.0200136 1.49949e-05 0.170506	
1.53	0.0200135 1.48784e-05 0.170619	
1.54	0.0200134 1.47634e-05 0.170733	
1.55	0.0200132 1.465e-05 0.170847	
1.56	0.0200131 1.4538e-05 0.17096	
1.57	0.020013 1.44275e-05 0.171073	
1.58	0.0200129 1.43184e-05 0.171186	
1.59	0.0200127 1.42107e-05 0.171299	
1.6	0.0200126 1.41044e-05 0.171411	
1.61	0.0200125 1.39995e-05 0.171524	
1.62	0.0200124 1.38958e-05 0.171636	
1.63	0.0200123 1.37935e-05 0.171748	
1.64	0.0200122 1.36925e-05 0.171859	
1.65	0.0200121 1.35927e-05 0.171971	
1.66	0.0200119 1.34942e-05 0.172082	
1.67	0.0200118 1.33969e-05 0.172193	
1.68	0.0200117 1.33008e-05 0.172304	
1.69	0.0200116 1.32058e-05 0.172415	
1.7	0.0200115 1.31121e-05 0.172525	
1.71	0.0200114 1.30195e-05 0.172636	
1.72	0.0200113 1.2928e-05 0.172746	
1.73	0.0200112 1.28376e-05 0.172856	
1.74	0.0200111 1.27483e-05 0.172966	
1.75	0.020011 1.26601e-05 0.173075	
1.76	0.0200109 1.25729e-05 0.173185	
1.77	0.0200108 1.24868e-05 0.173294	
1.78	0.0200107 1.24017e-05 0.173403	
1.79	0.0200106 1.23176e-05 0.173512	
1.8	0.0200105 1.22344e-05 0.173621	
1.81	0.0200104 1.21523e-05 0.173729	
1.82	0.0200104 1.20711e-05 0.173838	
1.83	0.0200103 1.19909e-05 0.173946	
1.84	0.0200102 1.19116e-05 0.174054	
1.85	0.0200101 1.18332e-05 0.174162	
1.86	0.02001 1.17557e-05 0.174269	
1.87	0.0200099 1.16791e-05 0.174377	
1.88	0.0200098 1.16034e-05 0.174484	
1.89	0.0200097 1.15285e-05 0.174591	
1.9	0.0200097 1.14544e-05 0.174698	
1.91	0.0200096 1.13813e-05 0.174805	
1.92	0.0200095 1.13089e-05 0.174911	
1.93	0.0200094 1.12373e-05 0.175018	
1.94	0.0200093 1.11666e-05 0.175124	
1.95	0.0200092 1.10966e-05 0.17523	
1.96	0.0200092 1.10274e-05 0.175336	
1.97	0.0200091 1.09589e-05 0.175442	
1.98	0.020009 1.08912e-05 0.175547	
1.99	0.0200089 1.08243e-05 0.175653	
2	0.0200089 1.07581e-05 0.175758	
2.01	0.0200088 1.06926e-05 0.175863	
2.02	0.0200087 1.06278e-05 0.175968	
2.03	0.0200086 1.05637e-05 0.176073	
2.04	0.0200086 1.05003e-05 0.176177	
2.05	0.0200085 1.04375e-05 0.176282	
2.06	0.0200084 1.03755e-05 0.176386	
2.07	0.0200083 1.03141e-05 0.17649	
2.08	0.0200083 1.02533e-05 0.176594	
2.09	0.0200082 1.01932e-05 0.176698	
2.1	0.0200081 1.01337e-05 0.176801	
2.11	0.0200081 1.00749e-05 0.176905	
2.12	0.020008 1.00166e-05 0.177008	
2.13	0.0200079 9.95901e-06 0.177111	
2.14	0.0200079 9.90197e-06 0.177214	
2.15	0.0200078 9.84552e-06 0.177317	
2.16	0.0200077 9.78965e-06 0.177419	
2.17	0.0200077 9.73436e-06 0.177522	
2.18	0.0200076 9.67963e-06 0.177624	
2.19	0.0200075 9.62545e-06 0.177726	
2.2	0.0200075 9.57183e-06 0.177828	
2.21	0.0200074 9.51875e-06 0.17793	
2.22	0.0200073 9.46621e-06 0.178032	
2.23	0.0200073 9.41419e-06 0.178133	
2.24	0.0200072 9.3627e-06 0.178235	
2.25	0.0200072 9.31172e-06 0.178336	
2.26	0.0200071 9.26124e-06 0.178437	
2.27	0.020007 9.21127e-06 0.178538	
2.28	0.020007 9.16179e-06 0.178639	
2.29	0.0200069 9.1128e-06 0.17874	
2.3	0.0200069 9.06429e-06 0.17884	
2.31	0.0200068 9.01625e-06 0.178941	
2.32	0.0200068 8.96868e-06 0.179041	
2.33	0.0200067 8.92158e-06 0.179141	
2.34	0.0200066 8.87493e-06 0.179241	
2.35	0.0200066 8.82873e-06 0.179341	
2.36	0.0200065 8.78298e-06 0.17944	
2.37	0.0200065 8.73767e-06 0.17954	
2.38	0.0200064 8.69279e-06 0.179639	
2.39	0.0200064 8.64834e-06 0.179738	
2.4	0.0200063 8.60431e-06 0.179837	
2.41	0.0200063 8.5607e-06 0.179936	
2.42	0.0200062 8.5175e-06 0.180035	
2.43	0.0200062 8.47471e-06 0.180134	
2.44	0.0200061 8.43232e-06 0.180232	
2.45	0.0200061 8.39032e-06 0.180331	
2.46	0.020006 8.34872e-06 0.180429	
2.47	0.020006 8.30751e-06 0.180527	
2.48	0.0200059 8.26667e-06 0.180625	
2.49	0.0200059 8.22622e-06 0.180723	
2.5	0.0200058 8.18614e-06 0.18082	
2.51	0.0200058 8.14642e-06 0.180918	
2.52	0.0200057 8.10707e-06 0.181015	
2.53	0.0200057 8.06808e-06 0.181113	
2.54	0.0200056 8.02945e-06 0.18121	
2.55	0.0200056 7.99117e-06 0.181307	
2.56	0.0200055 7.95323e-06 0.181404	
2.57	0.0200055 7.91563e-06 0.1815	
2.58	0.0200054 7.87838e-06 0.181597	
2.59	0.0200054 7.84145e-06 0.181693	
2.6	0.0200053 7.80486e-06 0.18179	
2.61	0.0200053 7.7686e-06 0.181886	
2.62	0.0200053 7.73265e-06 0.181982	
2.63	0.0200052 7.69703e-06 0.182078	
2.64	0.0200052 7.66172e-06 0.182174	
2.65	0.0200051 7.62672e-06 0.182269	
2.66	0.0200051 7.59203e-06 0.182365	
2.67	0.020005 7.55765e-06 0.18246	
2.68	0.020005 7.52356e-06 0.182555	
2.69	0.020005 7.48977e-06 0.182651	
2.7	0.0200049 7.45628e-06 0.182746	
2.71	0.0200049 7.42307e-06 0.182841	
2.72	0.0200048 7.39016e-06 0.182935	
2.73	0.0200048 7.35752e-06 0.18303	
2.74	0.0200047 7.32517e-06 0.183124	
2.75	0.0200047 7.29309e-06 0.183219	
2.76	0.0200047 7.26129e-06 0.183313	
2.77	0.0200046 7.22976e-06 0.183407	
2.78	0.0200046 7.1985e-06 0.183501	
2.79	0.0200046 7.1675e-06 0.183595	
2.8	0.0200045 7.13676e-06 0.183689	
2.81	0.0200045 7.10629e-06 0.183783	
2.82	0.0200044 7.07607e-06 0.183876	
2.83	0.0200044 7.0461e-06 0.18397	
2.84	0.0200044 7.01638e-06 0.184063	
2.85	0.0200043 6.98691e-06 0.184156	
2.86	0.0200043 6.95769e-06 0.184249	
2.87	0.0200042 6.92871e-06 0.184342	
2.88	0.0200042 6.89996e-06 0.184435	
2.89	0.0200042 6.87146e-06 0.184527	
2.9	0.0200041 6.84319e-06 0.18462	
2.91	0.0200041 6.81515e-06 0.184712	
2.92	0.0200041 6.78734e-06 0.184805	
2.93	0.020004 6.75976e-06 0.184897	
2.94	0.020004 6.7324e-06 0.184989	
2.95	0.020004 6.70527e-06 0.185081	
2.96	0.0200039 6.67835e-06 0.185173	
2.97	0.0200039 6.65165e-06 0.185265	
2.98	0.0200039 6.62517e-06 0.185356	
2.99	0.0200038 6.5989e-06 0.185448	
3	0.0200038 6.57284e-06 0.185539	
3.01	0.0200038 6.54698e-06 0.18563	
3.02	0.0200037 6.52134e-06 0.185722	
3.03	0.0200037 6.4959e-06 0.185813	
3.04	0.0200037 6.47066e-06 0.185903	
3.05	0.0200036 6.44562e-06 0.185994	
3.06	0.0200036 6.42077e-06 0.186085	
3.07	0.0200036 6.39613e-06 0.186176	
3.08	0.0200035 6.37167e-06 0.186266	
3.09	0.0200035 6.34741e-06 0.186356	
3.1	0.0200035 6.32334e-06 0.186447	
3.11	0.0200034 6.29945e-06 0.186537	
3.12	0.0200034 6.27575e-06 0.186627	
3.13	0.0200034 6.25224e-06 0.186717	
3.14	0.0200033 6.2289e-06 0.186807	
3.15	0.0200033 6.20575e-06 0.186896	
3.16	0.0200033 6.18277e-06 0.186986	
3.17	0.0200032 6.15997e-06 0.187075	
3.18	0.0200032 6.13735e-06 0.187165	
3.19	0.0200032 6.1149e-06 0.187254	
3.2	0.0200032 6.09262e-06 0.187343	
3.21	0.0200031 6.0705e-06 0.187432	
3.22	0.0200031 6.04856e-06 0.187521	
3.23	0.0200031 6.02678e-06 0.18761	
3.24	0.020003 6.00517e-06 0.187699	
3.25	0.020003 5.98372e-06 0.187787	
3.26	0.020003 5.96243e-06 0.187876	
3.27	0.0200029 5.9413e-06 0.187964	
3.28	0.0200029 5.92033e-06 0.188053	
3.29	0.0200029 5.89951e-06 0.188141	
3.3	0.0200029 5.87885e-06 0.188229	
3.31	0.0200028 5.85835e-06 0.188317	
3.32	0.0200028 5.83799e-06 0.188405	
3.33	0.0200028 5.81779e-06 0.188493	
3.34	0.0200028 5.79773e-06 0.18858	
3.35	0.0200027 5.77782e-06 0.188668	
3.36	0.0200027 5.75806e-06 0.188755	
3.37	0.0200027 5.73844e-06 0.188843	
3.38	0.0200026 5.71897e-06 0.18893	
3.39	0.0200026 5.69964e-06 0.189017	
3.4	0.0200026 5.68044e-06 0.189104	
3.41	0.0200026 5.66139e-06 0.189191	
3.42	0.0200025 5.64248e-06 0.189278	
3.43	0.0200025 5.6237e-06 0.189365	
3.44	0.0200025 5.60506e-06 0.189451	
3.45	0.0200025 5.58655e-06 0.189538	
3.46	0.0200024 5.56817e-06 0.189624	
3.47	0.0200024 5.54993e-06 0.189711	
3.48	0.0200024 5.53181e-06 0.189797	
3.49	0.0200024 5.51383e-06 0.189883	
3.5	0.0200023 5.49597e-06 0.189969	
3.51	0.0200023 5.47824e-06 0.190055	
3.52	0.0200023 5.46064e-06 0.190141	
3.53	0.0200023 5.44316e-06 0.190227	
3.54	0.0200022 5.4258e-06 0.190312	
3.55	0.0200022 5.40856e-06 0.190398	
3.56	0.0200022 5.39145e-06 0.190484	
3.57	0.0200022 5.37446e-06 0.190569	
3.58	0.0200021 5.35758e-06 0.190654	
3.59	0.0200021 5.34082e-06 0.190739	
3.6	0.0200021 5.32418e-06 0.190824	
3.61	0.0200021 5.30765e-06 0.190909	
3.62	0.020002 5.29124e-06 0.190994	
3.63	0.020002 5.27494e-06 0.191079	
3.64	0.020002 5.25876e-06 0.191164	
3.65	0.020002 5.24268e-06 0.191248	
3.66	0.020002 5.22672e-06 0.191333	
3.67	0.0200019 5.21087e-06 0.191417	
3.68	0.0200019 5.19512e-06 0.191502	
3.69	0.0200019 5.17948e-06 0.191586	
3.7	0.0200019 5.16395e-06 0.19167	
3.71	0.0200018 5.14852e-06 0.191754	
3.72	0.0200018 5.1332e-06 0.191838	
3.73	0.0200018 5.11798e-06 0.191922	
3.74	0.0200018 5.10287e-06 0.192006	
3.75	0.0200018 5.08785e-06 0.19209	
3.76	0.0200017 5.07294e-06 0.192173	
3.77	0.0200017 5.05813e-06 0.192257	
3.78	0.0200017 5.04341e-06 0.19234	
3.79	0.0200017 5.0288e-06 0.192423	
3.8	0.0200016 5.01428e-06 0.192507	
3.81	0.0200016 4.99986e-06 0.19259	
3.82	0.0200016 4.98554e-06 0.192673	
3.83	0.0200016 4.97131e-06 0.192756	
3.84	0.0200016 4.95717e-06 0.192839	
3.85	0.0200015 4.94313e-06 0.192921	
3.86	0.0200015 4.92918e-06 0.193004	
3.87	0.0200015 4.91532e-06 0.193087	
3.88	0.0200015 4.90155e-06 0.193169	
3.89	0.0200015 4.88788e-06 0.193252	
3.9	0.0200014 4.87429e-06 0.193334	
3.91	0.0200014 4.86079e-06 0.193416	
3.92	0.0200014 4.84738e-06 0.193498	
3.93	0.0200014 4.83406e-06 0.19358	
3.94	0.0200014 4.82082e-06 0.193662	
3.95	0.0200013 4.80767e-06 0.193744	
3.96	0.0200013 4.7946e-06 0.193826	
3.97	0.0200013 4.78162e-06 0.193908	
3.98	0.0200013 4.76872e-06 0.19399	
3.99	0.0200013 4.7559e-06 0.194071	
4	0.0200013 4.7559e-06 0.194071	
4.01	0.0200013 4.7559e-06 0.194071	
4.02	0.0200013 4.7559e-06 0.194071	
4.03	0.0200013 4.7559e-06 0.194071	
4.04	0.0200013 4.7559e-06 0.194071	
4.05	0.0200013 4.7559e-06 0.194071	
4.06	0.0200013 4.7559e-06 0.194071	
4.07	0.0200013 4.7559e-06 0.194071	
4.08	0.0200013 4.7559e-06 0.194071	
4.09	0.0200013 4.7559e-06 0.194071	
4.1	0.0200013 4.7559e-06 0.194071	
4.11	0.0200013 4.7559e-06 0.194071	
4.12	0.0200013 4.7559e-06 0.194071	
4.13	0.0200013 4.7559e-06 0.194071	
4.14	0.0200013 4.7559e-06 0.194071	
4.15	0.0200013 4.7559e-06 0.194071	
4.16	0.0200013 4.7559e-06 0.194071	
4.17	0.0200013 4.7559e-06 0.194071	
4.18	0.0200013 4.7559e-06 0.194071	
4.19	0.0200013 4.7559e-06 0.194071	
4.2	0.0200013 4.7559e-06 0.194071	
4.21	0.0200013 4.7559e-06 0.194071	
4.22	0.0200013 4.7559e-06 0.194071	
4.23	0.0200013 4.7559e-06 0.194071	
4.24	0.0200013 4.7559e-06 0.194071	
4.25	0.0200013 4.7559e-06 0.194071	
4.26	0.0200013 4.7559e-06 0.194071	
4.27	0.0200013 4.7559e-06 0.194071	
4.28	0.0200013 4.7559e-06 0.194071	
4.29	0.0200013 4.7559e-06 0.194071	
4.3	0.0200013 4.7559e-06 0.194071	
4.31	0.0200013 4.7559e-06 0.194071	
4.32	0.0200013 4.7559e-06 0.194071	
4.33	0.0200013 4.7559e-06 0.194071	
4.34	0.0200013 4.7559e-06 0.194071	
4.35	0.0200013 4.7559e-06 0.194071	
4.36	0.0200013 4.7559e-06 0.194071	
4.37	0.0200013 4.7559e-06 0.194071	
4.38	0.0200013 4.7559e-06 0.194071	
4.39	0.0200013 4.7559e-06 0.194071	
4.4	0.0200013 4.7559e-06 0.194071	
4.41	0.0200013 4.7559e-06 0.194071	
4.42	0.0200013 4.7559e-06 0.194071	
4.43	0.0200013 4.7559e-06 0.194071	
4.44	0.0200013 4.7559e-06 0.194071	
4.45	0.0200013 4.7559e-06 0.194071	
4.46	0.0200013 4.7559e-06 0.194071	
4.47	0.0200013 4.7559e-06 0.194071	
4.48	0.0200013 4.7559e-06 0.194071	
4.49	0.0200013 4.7559e-06 0.194071	
4.5	0.0200013 4.7559e-06 0.194071	
4.51	0.0200013 4.7559e-06 0.194071	
4.52	0.0200013 4.7559e-06 0.194071	
4.53	0.0200013 4.7559e-06 0.194071	
4.54	0.0200013 4.7559e-06 0.194071	
4.55	0.0200013 4.7559e-06 0.194071	
4.56	0.0200013 4.7559e-06 0.194071	
4.57	0.0200013 4.7559e-06 0.194071	
4.58	0.0200013 4.7559e-06 0.194071	
4.59	0.0200013 4.7559e-06 0.194071	
4.6	0.0200013 4.7559e-06 0.194071	
4.61	0.0200013 4.7559e-06 0.194071	
4.62	0.0200013 4.7559e-06 0.194071	
4.63	0.0200013 4.7559e-06 0.194071	
4.64	0.0200013 4.7559e-06 0.194071	
4.65	0.0200013 4.7559e-06 0.194071	
4.66	0.0200013 4.7559e-06 0.194071	
4.67	0.0200013 4.7559e-06 0.194071	
4.68	0.0200013 4.7559e-06 0.194071	
4.69	0.0200013 4.7559e-06 0.194071	
4.7	0.0200013 4.7559e-06 0.194071	
4.71	0.0200013 4.7559e-06 0.194071	
4.72	0.0200013 4.7559e-06 0.194071	
4.73	0.0200013 4.7559e-06 0.194071	
4.74	0.0200013 4.7559e-06 0.194071	
4.75	0.0200013 4.7559e-06 0.194071	
4.76	0.0200013 4.7559e-06 0.194071	
4.77	0.0200013 4.7559e-06 0.194071	
4.78	0.0200013 4.7559e-06 0.194071	
4.79	0.0200013 4.7559e-06 0.194071	
4.8	0.0200013 4.7559e-06 0.194071	
4.81	0.0200013 4.7559e-06 0.194071	
4.82	0.0200013 4.7559e-06 0.194071	
4.83	0.0200013 4.7559e-06 0.194071	
4.84	0.0200013 4.7559e-06 0.194071	
4.85	0.0200013 4.7559e-06 0.194071	
4.86	0.0200013 4.7559e-06 0.194071	
4.87	0.0200013 4.7559e-06 0.194071	
4.88	0.0200013 4.7559e-06 0.194071	
4.89	0.0200013 4.7559e-06 0.194071	
4.9	0.0200013 4.7559e-06 0.194071	
4.91	0.0200013 4.7559e-06 0.194071	
4.92	0.0200013 4.7559e-06 0.194071	
4.93	0.0200013 4.7559e-06 0.194071	
4.94	0.0200013 4.7559e-06 0.194071	
4.95	0.0200013 4.7559e-06 0.194071	
4.96	0.0200013 4.7559e-06 0.194071	
4.97	0.0200013 4.7559e-06 0.194071	
4.98	0.0200013 4.7559e-06 0.194071	
4.99	0.0200013 4.7559e-06 0.194071	
5	0.0200013 4.7559e-06 0.194071	
5.01	0.0200013 4.7559e-06 0.194071	
5.02	0.0200013 4.7559e-06 0.194071	
5.03	0.0200013 4.7559e-06 0.194071	
5.04	0.0200013 4.7559e-06 0.194071	
5.05	0.0200013 4.7559e-06 0.194071	
5.06	0.0200013 4.7559e-06 0.194071	
5.07	0.0200013 4.7559e-06 0.194071	
5.08	0.0200013 4.7559e-06 0.194071	
5.09	0.0200013 4.7559e-06 0.194071	
5.1	0.0200013 4.7559e-06 0.194071	
5.11	0.0200013 4.7559e-06 0.194071	
5.12	0.0200013 4.7559e-06 0.194071	
5.13	0.0200013 4.7559e-06 0.194071	
5.14	0.0200013 4.7559e-06 0.194071	
5.15	0.0200013 4.7559e-06 0.194071	
5.16	0.0200013 4.7559e-06 0.194071	
5.17	0.0200013 4.7559e-06 0.194071	
5.18	0.0200013 4.7559e-06 0.194071	
5.19	0.0200013 4.7559e-06 0.194071	
5.2	0.0200013 4.7559e-06 0.194071	
5.21	0.0200013 4.7559e-06 0.194071	
5.22	0.0200013 4.7559e-06 0.194071	
5.23	0.0200013 4.7559e-06 0.194071	
5.24	0.0200013 4.7559e-06 0.194071	
5.25	0.0200013 4.7559e-06 0.194071	
5.26	0.0200013 4.7559e-06 0.194071	
5.27	0.0200013 4.7559e-06 0.194071	
5.28	0.0200013 4.7559e-06 0.194071	
5.29	0.0200013 4.7559e-06 0.194071	
5.3	0.0200013 4.7559e-06 0.194071	
5.31	0.0200013 4.7559e-06 0.194071	
5.32	0.0200013 4.7559e-06 0.194071	
5.33	0.0200013 4.7559e-06 0.194071	
5.34	0.0200013 4.7559e-06 0.194071	
5.35	0.0200013 4.7559e-06 0.194071	
5.36	0.0200013 4.7559e-06 0.194071	
5.37	0.0200013 4.7559e-06 0.194071	
5.38	0.0200013 4.7559e-06 0.194071	
5.39	0.0200013 4.7559e-06 0.194071	
5.4	0.0200013 4.7559e-06 0.194071	
5.41	0.0200013 4.7559e-06 0.194071	
5.42	0.0200013 4.7559e-06 0.194071	
5.43	0.0200013 4.7559e-06 0.194071	
5.44	0.0200013 4.7559e-06 0.194071	
5.45	0.0200013 4.7559e-06 0.194071	
5.46	0.0200013 4.7559e-06 0.194071	
5.47	0.0200013 4.7559e-06 0.194071	
5.48	0.0200013 4.7559e-06 0.194071	
5.49	0.0200013 4.7559e-06 0.194071	
5.5	0.0200013 4.7559e-06 0.194071	
5.51	0.0200013 4.7559e-06 0.194071	
5.52	0.0200013 4.7559e-06 0.194071	
5.53	0.0200013 4.7559e-06 0.194071	
5.54	0.0200013 4.7559e-06 0.194071	
5.55	0.0200013 4.7559e-06 0.194071	
5.56	0.0200013 4.7559e-06 0.194071	
5.57	0.0200013 4.7559e-06 0.194071	
5.58	0.0200013 4.7559e-06 0.194071	
5.59	0.0200013 4.7559e-06 0.194071	
5.6	0.0200013 4.7559e-06 0.194071	
5.61	0.0200013 4.7559e-06 0.194071	
5.62	0.0200013 4.7559e-06 0.194071	
5.63	0.0200013 4.7559e-06 0.194071	
5.64	0.0200013 4.7559e-06 0.194071	
5.65	0.0200013 4.7559e-06 0.194071	
5.66	0.0200013 4.7559e-06 0.194071	
5.67	0.0200013 4.7559e-06 0.194071	
5.68	0.0200013 4.7559e-06 0.194071	
5.69	0.0200013 4.7559e-06 0.194071	
5.7	0.0200013 4.7559e-06 0.194071	
5.71	0.0200013 4.7559e-06 0.194071	
5.72	0.0200013 4.7559e-06 0.194071	
5.73	0.0200013 4.7559e-06 0.194071	
5.74	0.0200013 4.7559e-06 0.194071	
5.75	0.0200013 4.7559e-06 0.194071	
5.76	0.0200013 4.7559e-06 0.194071	
5.77	0.0200013 4.7559e-06 0.194071	
5.78	0.0200013 4.7559e-06 0.194071	
5.79	0.0200013 4.7559e-06 0.194071	
5.8	0.0200013 4.7559e-06 0.194071	
5.81	0.0200013 4.7559e-06 0.194071	
5.82	0.0200013 4.7559e-06 0.194071	
5.83	0.0200013 4.7559e-06 0.194071	
5.84	0.0200013 4.7559e-06 0.194071	
5.85	0.0200013 4.7559e-06 0.194071	
5.86	0.0200013 4.7559e-06 0.194071	
5.87	0.0200013 4.7559e-06 0.194071	
5.88	0.0200013 4.7559e-06 0.194071	
5.89	0.0200013 4.7559e-06 0.194071	
5.9	0.0200013 4.7559e-06 0.194071	
5.91	0.0200013 4.7559e-06 0.194071	
5.92	0.0200013 4.7559e-06 0.194071	
5.93	0.0200013 4.7559e-06 0.194071	
5.94	0.0200013 4.7559e-06 0.194071	
5.95	0.0200013 4.7559e-06 0.194071	
5.96	0.0200013 4.7559e-06 0.194071	
5.97	0.0200013 4.7559e-06 0.194071	
5.98	0.0200013 4.7559e-06 0.194071	
5.99	0.0200013 4.7559e-06 0.194071	
6	0.0200013 4.7559e-06 0.194071	
6.01	0.0200013 4.7559e-06 0.194071	
6.02	0.0200013 4.7559e-06 0.194071	
6.03	0.0200013 4.7559e-06 0.194071	
6.04	0.0200013 4.7559e-06 0.194071	
6.05	0.0200013 4.7559e-06 0.194071	
6.06	0.0200013 4.7559e-06 0.194071	
6.07	0.0200013 4.7559e-06 0.194071	
6.08	0.0200013 4.7559e-06 0.194071	
6.09	0.0200013 4.7559e-06 0.194071	
6.1	0.0200013 4.7559e-06 0.194071	
6.11	0.0200013 4.7559e-06 0.194071	
6.12	0.0200013 4.7559e-06 0.194071	
6.13	0.0200013 4.7559e-06 0.194071	
6.14	0.0200013 4.7559e-06 0.194071	
6.15	0.0200013 4.7559e-06 0.194071	
6.16	0.0200013 4.7559e-06 0.194071	
6.17	0.0200013 4.7559e-06 0.194071	
6.18	0.0200013 4.7559e-06 0.194071	
6.19	0.0200013 4.7559e-06 0.194071	
6.2	0.0200013 4.7559e-06 0.194071	
6.21	0.0200013 4.7559e-06 0.194071	
6.22	0.0200013 4.7559e-06 0.194071	
6.23	0.0200013 4.7559e-06 0.194071	
6.24	0.0200013 4.7559e-06 0.194071	
6.25	0.0200013 4.7559e-06 0.194071	
6.26	0.0200013 4.7559e-06 0.194071	
6.27	0.0200013 4.7559e-06 0.194071	
6.28	0.0200013 4.7559e-06 0.194071	
6.29	0.0200013 4.7559e-06 0.194071	
6.3	0.0200013 4.7559e-06 0.194071	
6.31	0.0200013 4.7559e-06 0.194071	
6.32	0.0200013 4.7559e-06 0.194071	
6.33	0.0200013 4.7559e-06 0.194071	
6.34	0.0200013 4.7559e-06 0.194071	
6.35	0.0200013 4.7559e-06 0.194071	
6.36	0.0200013 4.7559e-06 0.194071	
6.37	0.0200013 4.7559e-06 0.194071	
6.38	0.0200013 4.7559e-06 0.194071	
6.39	0.0200013 4.7559e-06 0.194071	
6.4	0.0200013 4.7559e-06 0.194071	
6.41	0.0200013 4.7559e-06 0.194071	
6.42	0.0200013 4.7559e-06 0.194071	
6.43	0.0200013 4.7559e-06 0.194071	
6.44	0.0200013 4.7559e-06 0.194071	
6.45	0.0200013 4.7559e-06 0.194071	
6.46	0.0200013 4.7559e-06 0.194071	
6.47	0.0200013 4.7559e-06 0.194071	
6.48	0.0200013 4.7559e-06 0.194071	
6.49	0.0200013 4.7559e-06 0.194071	
6.5	0.0200013 4.7559e-06 0.194071	
6.51	0.0200013 4.7559e-06 0.194071	
6.52	0.0200013 4.7559e-06 0.194071	
6.53	0.0200013 4.7559e-06 0.194071	
6.54	0.0200013 4.7559e-06 0.194071	
6.55	0.0200013 4.7559e-06 0.194071	
6.56	0.0200013 4.7559e-06 0.194071	
6.57	0.0200013 4.7559e-06 0.194071	
6.58	0.0200013 4.7559e-06 0.194071	
6.59	0.0200013 4.7559e-06 0.194071	
6.6	0.0200013 4.7559e-06 0.194071	
6.61	0.0200013 4.7559e-06 0.194071	
6.62	0.0200013 4.7559e-06 0.194071	
6.63	0.0200013 4.7559e-06 0.194071	
6.64	0.0200013 4.7559e-06 0.194071	
6.65	0.0200013 4.7559e-06 0.194071	
6.66	0.0200013 4.7559e-06 0.194071	
6.67	0.0200013 4.7559e-06 0.194071	
6.68	0.0200013 4.7559e-06 0.194071	
6.69	0.0200013 4.7559e-06 0.194071	
6.7	0.0200013 4.7559e-06 0.194071	
6.71	0.0200013 4.7559e-06 0.194071	
6.72	0.0200013 4.7559e-06 0.194071	
6.73	0.0200013 4.7559e-06 0.194071	
6.74	0.0200013 4.7559e-06 0.194071	
6.75	0.0200013 4.7559e-06 0.194071	
6.76	0.0200013 4.7559e-06 0.194071	
6.77	0.0200013 4.7559e-06 0.194071	
6.78	0.0200013 4.7559e-06 0.194071	
6.79	0.0200013 4.7559e-06 0.194071	
6.8	0.0200013 4.7559e-06 0.194071	
6.81	0.0200013 4.7559e-06 0.194071	
6.82	0.0200013 4.7559e-06 0.194071	
6.83	0.0200013 4.7559e-06 0.194071	
6.84	0.0200013 4.7559e-06 0.194071	
6.85	0.0200013 4.7559e-06 0.194071	
6.86	0.0200013 4.7559e-06 0.194071	
6.87	0.0200013 4.7559e-06 0.194071	
6.88	0.0200013 4.7559e-06 0.194071	
6.89	0.0200013 4.7559e-06 0.194071	
6.9	0.0200013 4.7559e-06 0.194071	
6.91	0.0200013 4.7559e-06 0.194071	
6.92	0.0200013 4.7559e-06 0.194071	
6.93	0.0200013 4.7559e-06 0.194071	
6.94	0.0200013 4.7559e-06 0.194071	
6.95	0.0200013 4.7559e-06 0.194071	
6.96	0.0200013 4.7559e-06 0.194071	
6.97	0.0200013 4.7559e-06 0.194071	
6.98	0.0200013 4.7559e-06 0.194071	
6.99	0.0200013 4.7559e-06 0.194071	
7	0.0200013 4.7559e-06 0.194071	
7.01	0.0200013 4.7559e-06 0.194071	
7.02	0.0200013 4.7559e-06 0.194071	
7.03	0.0200013 4.7559e-06 0.194071	
7.04	0.0200013 4.7559e-06 0.194071	
7.05	0.0200013 4.7559e-06 0.194071	
7.06	0.0200013 4.7559e-06 0.194071	
7.07	0.0200013 4.7559e-06 0.194071	
7.08	0.0200013 4.7559e-06 0.194071	
7.09	0.0200013 4.7559e-06 0.194071	
7.1	0.0200013 4.7559e-06 0.194071	
7.11	0.0200013 4.7559e-06 0.194071	
7.12	0.0200013 4.7559e-06 0.194071	
7.13	0.0200013 4.7559e-06 0.194071	
7.14	0.0200013 4.7559e-06 0.194071	
7.15	0.0200013 4.7559e-06 0.194071	
7.16	0.0200013 4.7559e-06 0.194071	
7.17	0.0200013 4.7559e-06 0.194071	
7.18	0.0200013 4.7559e-06 0.194071	
7.19	0.0200013 4.7559e-06 0.194071	
7.2	0.0200013 4.7559e-06 0.194071	
7.21	0.0200013 4.7559e-06 0.194071	
7.22	0.0200013 4.7559e-06 0.194071	
7.23	0.0200013 4.7559e-06 0.194071	
7.24	0.0200013 4.7559e-06 0.194071	
7.25	0.0200013 4.7559e-06 0.194071	
7.26	0.0200013 4.7559e-06 0.194071	
7.27	0.0200013 4.7559e-06 0.194071	
7.28	0.0200013 4.7559e-06 0.194071	
7.29	0.0200013 4.7559e-06 0.194071	
7.3	0.0200013 4.7559e-06 0.194071	
7.31	0.0200013 4.7559e-06 0.194071	
7.32	0.0200013 4.7559e-06 0.194071	
7.33	0.0200013 4.7559e-06 0.194071	
7.34	0.0200013 4.7559e-06 0.194071	
7.35	0.0200013 4.7559e-06 0.194071	
7.36	0.0200013 4.7559e-06 0.194071	
7.37	0.0200013 4.7559e-06 0.194071	
7.38	0.0200013 4.7559e-06 0.194071	
7.39	0.0200013 4.7559e-06 0.194071	
7.4	0.0200013 4.7559e-06 0.194071	
7.41	0.0200013 4.7559e-06 0.194071	
7.42	0.0200013 4.7559e-06 0.194071	
7.43	0.0200013 4.7559e-06 0.194071	
7.44	0.0200013 4.7559e-06 0.194071	
7.45	0.0200013 4.7559e-06 0.194071	
7.46	0.0200013 4.7559e-06 0.194071	
7.47	0.0200013 4.7559e-06 0.194071	
7.48	0.0200013 4.7559e-06 0.194071	
7.49	0.0200013 4.7559e-06 0.194071	
7.5	0.0200013 4.7559e-06 0.194071	
7.51	0.0200013 4.7559e-06 0.194071	
7.52	0.0200013 4.7559e-06 0.194071	
7.53	0.0200013 4.7559e-06 0.194071	
7.54	0.0200013 4.7559e-06 0.194071	
7.55	0.0200013 4.7559e-06 0.194071	
7.56	0.0200013 4.7559e-06 0.194071	
7.57	0.0200013 4.7559e-06 0.194071	
7.58	0.0200013 4.7559e-06 0.194071	
7.59	0.0200013 4.7559e-06 0.194071	
7.6	0.0200013 4.7559e-06 0.194071	
7.61	0.0200013 4.7559e-06 0.194071	
7.62	0.0200013 4.7559e-06 0.194071	
7.63	0.0200013 4.7559e-06 0.194071	
7.64	0.0200013 4.7559e-06 0.194071	
7.65	0.0200013 4.7559e-06 0.194071	
7.66	0.0200013 4.7559e-06 0.194071	
7.67	0.0200013 4.7559e-06 0.194071	
7.68	0.0200013 4.7559e-06 0.194071	
7.69	0.0200013 4.7559e-06 0.194071	
7.7	0.0200013 4.7559e-06 0.194071	
7.71	0.0200013 4.7559e-06 0.194071	
7.72	0.0200013 4.7559e-06 0.194071	
7.73	0.0200013 4.7559e-06 0.194071	
7.74	0.0200013 4.7559e-06 0.194071	
7.75	0.0200013 4.7559e-06 0.194071	
7.76	0.0200013 4.7559e-06 0.194071	
7.77	0.0200013 4.7559e-06 0.194071	
7.78	0.0200013 4.7559e-06 0.194071	
7.79	0.0200013 4.7559e-06 0.194071	
7.8	0.0200013 4.7559e-06 0.194071	
7.81	0.0200013 4.7559e-06 0.194071	
7.82	0.0200013 4.7559e-06 0.194071	
7.83	0.0200013 4.7559e-06 0.194071	
7.84	0.0200013 4.7559e-06 0.194071	
7.85	0.0200013 4.7559e-06 0.194071	
7.86	0.0200013 4.7559e-06 0.194071	
7.87	0.0200013 4.7559e-06 0.194071	
7.88	0.0200013 4.7559e-06 0.194071	
7.89	0.0200013 4.7559e-06 0.194071	
7.9	0.0200013 4.7559e-06 0.194071	
7.91	0.0200013 4.7559e-06 0.194071	
7.92	0.0200013 4.7559e-06 0.194071	
7.93	0.0200013 4.7559e-06 0.194071	
7.94	0.0200013 4.7559e-06 0.194071	
7.95	0.0200013 4.7559e-06 0.194071	
7.96	0.0200013 4.7559e-06 0.194071	
7.97	0.0200013 4.7559e-06 0.194071	
7.98	0.0200013 4.7559e-06 0.194071	
7.99	0.0200013 4.7559e-06 0.194071	
8	0.0200013 4.7559e-06 0.194071	
8.01	0.0200013 4.7559e-06 0.194071	
8.02	0.0200013 4.7559e-06 0.194071	
8.03	0.0200013 4.7559e-06 0.194071	
8.04	0.0200013 4.7559e-06 0.194071	
8.05	0.0200013 4.7559e-06 0.194071	
8.06	0.0200013 4.7559e-06 0.194071	
8.07	0.0200013 4.7559e-06 0.194071	
8.08	0.0200013 4.7559e-06 0.194071	
8.09	0.0200013 4.7559e-06 0.194071	
8.1	0.0200013 4.7559e-06 0.194071	
8.11	0.0200013 4.7559e-06 0.194071	
8.12	0.0200013 4.7559e-06 0.194071	
8.13	0.0200013 4.7559e-06 0.194071	
8.14	0.0200013 4.7559e-06 0.194071	
8.15	0.0200013 4.7559e-06 0.194071	
8.16	0.0200013 4.7559e-06 0.194071	
8.17	0.0200013 4.7559e-06 0.194071	
8.18	0.0200013 4.7559e-06 0.194071	
8.19	0.0200013 4.7559e-06 0.194071	
8.2	0.0200013 4.7559e-06 0.194071	
8.21	0.0200013 4.7559e-06 0.194071	
8.22	0.0200013 4.7559e-06 0.194071	
8.23	0.0200013 4.7559e-06 0.194071	
8.24	0.0200013 4.7559e-06 0.194071	
8.25	0.0200013 4.7559e-06 0.194071	
8.26	0.0200013 4.7559e-06 0.194071	
8.27	0.0200013 4.7559e-06 0.194071	
8.28	0.0200013 4.7559e-06 0.194071	
8.29	0.0200013 4.7559e-06 0.194071	
8.3	0.0200013 4.7559e-06 0.194071	
8.31	0.0200013 4.7559e-06 0.194071	
8.32	0.0200013 4.7559e-06 0.194071	
8.33	0.0200013 4.7559e-06 0.194071	
8.34	0.0200013 4.7559e-06 0.194071	
8.35	0.0200013 4.7559e-06 0.194071	
8.36	0.0200013 4.7559e-06 0.194071	
8.37	0.0200013 4.7559e-06 0.194071	
8.38	0.0200013 4.7559e-06 0.194071	
8.39	0.0200013 4.7559e-06 0.194071	
8.4	0.0200013 4.7559e-06 0.194071	
8.41	0.0200013 4.7559e-06 0.194071	
8.42	0.0200013 4.7559e-06 0.194071	
8.43	0.0200013 4.7559e-06 0.194071	
8.44	0.0200013 4.7559e-06 0.194071	
8.45	0.0200013 4.7559e-06 0.194071	
8.46	0.0200013 4.7559e-06 0.194071	
8.47	0.0200013 4.7559e-06 0.194071	
8.48	0.0200013 4.7559e-06 0.194071	
8.49	0.0200013 4.7559e-06 0.194071	
8.5	0.0200013 4.7559e-06 0.194071	
8.51	0.0200013 4.7559e-06 0.194071	
8.52	0.0200013 4.7559e-06 0.194071	
8.53	0.0200013 4.7559e-06 0.194071	
8.54	0.0200013 4.7559e-06 0.194071	
8.55	0.0200013 4.7559e-06 0.194071	
8.56	0.0200013 4.7559e-06 0.194071	
8.57	0.0200013 4.7559e-06 0.194071	
8.58	0.0200013 4.7559e-06 0.194071	
8.59	0.0200013 4.7559e-06 0.194071	
8.6	0.0200013 4.7559e-06 0.194071	
8.61	0.0200013 4.7559e-06 0.194071	
8.62	0.0200013 4.7559e-06 0.194071	
8.63	0.0200013 4.7559e-06 0.194071	
8.64	0.0200013 4.7559e-06 0.194071	
8.65	0.0200013 4.7559e-06 0.194071	
8.66	0.0200013 4.7559e-06 0.194071	
8.67	0.0200013 4.7559e-06 0.194071	
8.68	0.0200013 4.7559e-06 0.194071	
8.69	0.0200013 4.7559e-06 0.194071	
8.7	0.0200013 4.7559e-06 0.194071	
8.71	0.0200013 4.7559e-06 0.194071	
8.72	0.0200013 4.7559e-06 0.194071	
8.73	0.0200013 4.7559e-06 0.194071	
8.74	0.0200013 4.7559e-06 0.194071	
8.75	0.0200013 4.7559e-06 0.194071	
8.76	0.0200013 4.7559e-06 0.194071	
8.77	0.0200013 4.7559e-06 0.194071	
8.78	0.0200013 4.7559e-06 0.194071	
8.79	0.0200013 4.7559e-06 0.194071	
8.8	0.0200013 4.7559e-06 0.194071	
8.81	0.0200013 4.7559e-06 0.194071	
8.82	0.0200013 4.7559e-06 0.194071	
8.83	0.0200013 4.7559e-06 0.194071	
8.84	0.0200013 4.7559e-06 0.194071	
8.85	0.0200013 4.7559e-06 0.194071	
8.86	0.0200013 4.7559e-06 0.194071	
8.87	0.0200013 4.7559e-06 0.194071	
8.88	0.0200013 4.7559e-06 0.194071	
8.89	0.0200013 4.7559e-06 0.194071	
8.9	0.0200013 4.7559e-06 0.194071	
8.91	0.0200013 4.7559e-06 0.194071	
8.92	0.0200013 4.7559e-06 0.194071	
8.93	0.0200013 4.7559e-06 0.194071	
8.94	0.0200013 4.7559e-06 0.194071	
8.95	0.0200013 4.7559e-06 0.194071	
8.96	0.0200013 4.7559e-06 0.194071	
8.97	0.0200013 4.7559e-06 0.194071	
8.98	0.0200013 4.7559e-06 0.194071	
8.99	0.0200013 4.7559e-06 0.194071	
9	0.0200013 4.7559e-06 0.194071	
9.01	0.0200013 4.7559e-06 0.194071	
9.02	0.0200013 4.7559e-06 0.194071	
9.03	0.0200013 4.7559e-06 0.194071	
9.04	0.0200013 4.7559e-06 0.194071	
9.05	0.0200013 4.7559e-06 0.194071	
9.06	0.0200013 4.7559e-06 0.194071	
9.07	0.0200013 4.7559e-06 0.194071	
9.08	0.0200013 4.7559e-06 0.194071	
9.09	0.0200013 4.7559e-06 0.194071	
9.1	0.0200013 4.7559e-06 0.194071	
9.11	0.0200013 4.7559e-06 0.194071	
9.12	0.0200013 4.7559e-06 0.194071	
9.13	0.0200013 4.7559e-06 0.194071	
9.14	0.0200013 4.7559e-06 0.194071	
9.15	0.0200013 4.7559e-06 0.194071	
9.16	0.0200013 4.7559e-06 0.194071	
9.17	0.0200013 4.7559e-06 0.194071	
9.18	0.0200013 4.7559e-06 0.194071	
9.19	0.0200013 4.7559e-06 0.194071	
9.2	0.0200013 4.7559e-06 0.194071	
9.21	0.0200013 4.7559e-06 0.194071	
9.22	0.0200013 4.7559e-06 0.194071	
9.23	0.0200013 4.7559e-06 0.194071	
9.24	0.0200013 4.7559e-06 0.194071	
9.25	0.0200013 4.7559e-06 0.194071	
9.26	0.0200013 4.7559e-06 0.194071	
9.27	0.0200013 4.7559e-06 0.194071	
9.28	0.0200013 4.7559e-06 0.194071	
9.29	0.0200013 4.7559e-06 0.194071	
9.3	0.0200013 4.7559e-06 0.194071	
9.31	0.0200013 4.7559e-06 0.194071	
9.32	0.0200013 4.7559e-06 0.194071	
9.33	0.0200013 4.7559e-06 0.194071	
9.34	0.0200013 4.7559e-06 0.194071	
9.35	0.0200013 4.7559e-06 0.194071	
9.36	0.0200013 4.7559e-06 0.194071	
9.37	0.0200013 4.7559e-06 0.194071	
9.38	0.0200013 4.7559e-06 0.194071	
9.39	0.0200013 4.7559e-06 0.194071	
9.4	0.0200013 4.7559e-06 0.194071	
9.41	0.0200013 4.7559e-06 0.194071	
9.42	0.0200013 4.7559e-06 0.194071	
9.43	0.0200013 4.7559e-06 0.194071	
9.44	0.0200013 4.7559e-06 0.194071	
9.45	0.0200013 4.7559e-06 0.194071	
9.46	0.0200013 4.7559e-06 0.194071	
9.47	0.0200013 4.7559e-06 0.194071	
9.48	0.0200013 4.7559e-06 0.194071	
9.49	0.0200013 4.7559e-06 0.194071	
9.5	0.0200013 4.7559e-06 0.194071	
9.51	0.0200013 4.7559e-06 0.194071	
9.52	0.0200013 4.7559e-06 0.194071	
9.53	0.0200013 4.7559e-06 0.194071	
9.54	0.0200013 4.7559e-06 0.194071	
9.55	0.0200013 4.7559e-06 0.194071	
9.56	0.0200013 4.7559e-06 0.194071	
9.57	0.0200013 4.7559e-06 0.194071	
9.58	0.0200013 4.7559e-06 0.194071	
9.59	0.0200013 4.7559e-06 0.194071	
9.6	0.0200013 4.7559e-06 0.194071	
9.61	0.0200013 4.7559e-06 0.194071	
9.62	0.0200013 4.7559e-06 0.194071	
9.63	0.0200013 4.7559e-06 0.194071	
9.64	0.0200013 4.7559e-06 0.194071	
9.65	0.0200013 4.7559e-06 0.194071	
9.66	0.0200013 4.7559e-06 0.194071	
9.67	0.0200013 4.7559e-06 0.194071	
9.68	0.0200013 4.7559e-06 0.194071	
9.69	0.0200013 4.7559e-06 0.194071	
9.7	0.0200013 4.7559e-06 0.194071	
9.71	0.0200013 4.7559e-06 0.194071	
9.72	0.0200013 4.7559e-06 0.194071	
9.73	0.0200013 4.7559e-06 0.194071	
9.74	0.0200013 4.7559e-06 0.194071	
9.75	0.0200013 4.7559e-06 0.194071	
9.76	0.0200013 4.7559e-06 0.194071	
9.77	0.0200013 4.7559e-06 0.194071	
9.78	0.0200013 4.7559e-06 0.194071	
9.79	0.0200013 4.7559e-06 0.194071	
9.8	0.0200013 4.7559e-06 0.194071	
9.81	0.0200013 4.7559e-06 0.194071	
9.82	0.0200013 4.7559e-06 0.194071	
9.83	0.0200013 4.7559e-06 0.194071	
9.84	0.0200013 4.7559e-06 0.194071	
9.85	0.0200013 4.7559e-06 0.194071	
9.86	0.0200013 4.7559e-06 0.194071	
9.87	0.0200013 4.7559e-06 0.194071	
9.88	0.0200013 4.7559e-06 0.194071	
9.89	0.0200013 4.7559e-06 0.194071	
9.9	0.0200013 4.7559e-06 0.194071	
9.91	0.0200013 4.7559e-06 0.194071	
9.92	0.0200013 4.7559e-06 0.194071	
9.93	0.0200013 4.7559e-06 0.194071	
9.94	0.0200013 4.7559e-06 0.194071	
9.95	0.0200013 4.7559e-06 0.194071	
9.96	0.0200013 4.7559e-06 0.194071	
9.97	0.0200013 4.7559e-06 0.194071	
9.98	0.0200013 4.7559e-06 0.194071	
9.99	0.0200013 4.7559e-06 0.194071	
10	0.0200013 4.7559e-06 0.194071	
