0	0.02 0 0.15	
0.01	0.0199867 1.19777e-05 0.150139	
0.02	0.019972 2.11657e-05 0.150279	
0.03	0.0199562 2.83895e-05 0.150418	
0.04	0.0199398 3.41898e-05 0.150557	
0.05	0.0199229 3.89348e-05 0.150696	
0.06	0.0199058 4.28832e-05 0.150834	
0.07	0.0198884 4.62215e-05 0.150972	
0.08	0.0198709 4.90873e-05 0.15111	
0.09	0.0198534 5.15839e-05 0.151247	
0.1	0.0198359 5.379e-05 0.151384	
0.11	0.0198185 5.57664e-05 0.151521	
0.12	0.0198011 5.75608e-05 0.151657	
0.13	0.0197837 5.92124e-05 0.151793	
0.14	0.0197665 6.07476e-05 0.151929	
0.15	0.0197493 6.21924e-05 0.152064	
0.16	0.0197323 6.35661e-05 0.152199	
0.17	0.0197154 6.48846e-05 0.152333	
0.18	0.0196986 6.61606e-05 0.152467	
0.19	0.0196819 6.74048e-05 0.1526	
0.2	0.0196653 6.86256e-05 0.152734	
0.21	0.0196489 6.98303e-05 0.152866	
0.22	0.0196326 7.10246e-05 0.152999	
0.23	0.0196164 7.22134e-05 0.153131	
0.24	0.0196003 7.34006e-05 0.153262	
0.25	0.0195843 7.45895e-05 0.153394	
0.26	0.0195685 7.57827e-05 0.153525	
0.27	0.0195527 7.69825e-05 0.153655	
0.28	0.0195371 7.81905e-05 0.153785	
0.29	0.0195216 7.94082e-05 0.153915	
0.3	0.0195062 8.06368e-05 0.154044	
0.31	0.0194909 8.18771e-05 0.154173	
0.32	0.0194757 8.31298e-05 0.154302	
0.33	0.0194607 8.43953e-05 0.15443	
0.34	0.0194457 8.56741e-05 0.154558	
0.35	0.0194308 8.69664e-05 0.154686	
0.36	0.019416 8.82723e-05 0.154813	
0.37	0.0194013 8.95919e-05 0.15494	
0.38	0.0193867 9.09251e-05 0.155066	
0.39	0.0193722 9.22718e-05 0.155193	
0.4	0.0193578 9.36318e-05 0.155319	
0.41	0.0193435 9.5005e-05 0.155444	
0.42	0.0193293 9.63912e-05 0.155569	
0.43	0.0193151 9.77901e-05 0.155694	
0.44	0.019301 9.92013e-05 0.155819	
0.45	0.019287 0.000100625 0.155943	
0.46	0.0192731 0.00010206 0.156067	
0.47	0.0192593 0.000103506 0.15619	
0.48	0.0192455 0.000104964 0.156313	
0.49	0.0192318 0.000106433 0.156436	
0.5	0.0192182 0.000107911 0.156559	
0.51	0.0192046 0.0001094 0.156681	
0.52	0.0191911 0.000110899 0.156803	
0.53	0.0191777 0.000112407 0.156925	
0.54	0.0191644 0.000113924 0.157046	
0.55	0.0191511 0.000115449 0.157167	
0.56	0.0191379 0.000116983 0.157288	
0.57	0.0191247 0.000118525 0.157408	
0.58	0.0191116 0.000120075 0.157528	
0.59	0.0190986 0.000121631 0.157648	
0.6	0.0190856 0.000123195 0.157767	
0.61	0.0190726 0.000124765 0.157887	
0.62	0.0190598 0.000126342 0.158006	
0.63	0.019047 0.000127925 0.158124	
0.64	0.0190342 0.000129513 0.158243	
0.65	0.0190215 0.000131107 0.158361	
0.66	0.0190089 0.000132705 0.158478	
0.67	0.0189963 0.000134309 0.158596	
0.68	0.0189837 0.000135917 0.158713	
0.69	0.0189712 0.00013753 0.15883	
0.7	0.0189587 0.000139146 0.158947	
0.71	0.0189463 0.000140767 0.159063	
0.72	0.018934 0.000142391 0.159179	
0.73	0.0189217 0.000144018 0.159295	
0.74	0.0189094 0.000145648 0.15941	
0.75	0.0188972 0.000147281 0.159526	
0.76	0.018885 0.000148916 0.159641	
0.77	0.0188729 0.000150554 0.159755	
0.78	0.0188608 0.000152194 0.15987	
0.79	0.0188487 0.000153836 0.159984	
0.8	0.0188367 0.00015548 0.160098	
0.81	0.0188247 0.000157125 0.160211	
0.82	0.0188128 0.000158771 0.160325	
0.83	0.0188009 0.000160419 0.160438	
0.84	0.0187891 0.000162068 0.160551	
0.85	0.0187772 0.000163717 0.160664	
0.86	0.0187655 0.000165368 0.160776	
0.87	0.0187537 0.000167018 0.160888	
0.88	0.018742 0.000168669 0.161	
0.89	0.0187303 0.00017032 0.161112	
0.9	0.0187187 0.000171971 0.161223	
0.91	0.0187071 0.000173622 0.161334	
0.92	0.0186955 0.000175273 0.161445	
0.93	0.018684 0.000176923 0.161556	
0.94	0.0186725 0.000178573 0.161666	
0.95	0.018661 0.000180222 0.161776	
0.96	0.0186496 0.00018187 0.161886	
0.97	0.0186382 0.000183518 0.161996	
0.98	0.0186268 0.000185164 0.162105	
0.99	0.0186154 0.000186809 0.162215	
1	0.0186041 0.000188453 0.162324	
1.01	0.0185928 0.000190095 0.162432	
1.02	0.0185816 0.000191736 0.162541	
1.03	0.0185703 0.000193375 0.162649	
1.04	0.0185591 0.000195013 0.162757	
1.05	0.018548 0.000196649 0.162865	
1.06	0.0185368 0.000198283 0.162973	
1.07	0.0185257 0.000199915 0.16308	
1.08	0.0185146 0.000201545 0.163187	
1.09	0.0185035 0.000203172 0.163294	
1.1	0.0184925 0.000204798 0.163401	
1.11	0.0184815 0.000206421 0.163507	
1.12	0.0184705 0.000208042 0.163614	
1.13	0.0184595 0.00020966 0.16372	
1.14	0.0184486 0.000211276 0.163826	
1.15	0.0184377 0.000212889 0.163931	
1.16	0.0184268 0.000214499 0.164037	
1.17	0.0184159 0.000216107 0.164142	
1.18	0.0184051 0.000217712 0.164247	
1.19	0.0183943 0.000219314 0.164352	
1.2	0.0183835 0.000220913 0.164456	
1.21	0.0183727 0.000222509 0.16456	
1.22	0.0183619 0.000224102 0.164665	
1.23	0.0183512 0.000225692 0.164769	
1.24	0.0183405 0.000227278 0.164872	
1.25	0.0183298 0.000228862 0.164976	
1.26	0.0183191 0.000230442 0.165079	
1.27	0.0183085 0.000232019 0.165182	
1.28	0.0182979 0.000233592 0.165285	
1.29	0.0182873 0.000235162 0.165388	
1.3	0.0182767 0.000236729 0.16549	
1.31	0.0182661 0.000238292 0.165593	
1.32	0.0182556 0.000239852 0.165695	
1.33	0.0182451 0.000241408 0.165797	
1.34	0.0182346 0.00024296 0.165899	
1.35	0.0182241 0.000244509 0.166	
1.36	0.0182136 0.000246054 0.166101	
1.37	0.0182032 0.000247596 0.166203	
1.38	0.0181927 0.000249133 0.166303	
1.39	0.0181823 0.000250667 0.166404	
1.4	0.0181719 0.000252197 0.166505	
1.41	0.0181615 0.000253723 0.166605	
1.42	0.0181512 0.000255245 0.166705	
1.43	0.0181408 0.000256764 0.166805	
1.44	0.0181305 0.000258278 0.166905	
1.45	0.0181202 0.000259789 0.167005	
1.46	0.0181099 0.000261295 0.167104	
1.47	0.0180997 0.000262798 0.167204	
1.48	0.0180894 0.000264296 0.167303	
1.49	0.0180792 0.00026579 0.167402	
1.5	0.0180689 0.000267281 0.1675	
1.51	0.0180587 0.000268767 0.167599	
1.52	0.0180485 0.000270249 0.167697	
1.53	0.0180384 0.000271727 0.167795	
1.54	0.0180282 0.000273201 0.167893	
1.55	0.0180181 0.00027467 0.167991	
1.56	0.0180079 0.000276136 0.168089	
1.57	0.0179978 0.000277597 0.168186	
1.58	0.0179877 0.000279054 0.168284	
1.59	0.0179776 0.000280507 0.168381	
1.6	0.0179676 0.000281955 0.168478	
1.61	0.0179575 0.0002834 0.168575	
1.62	0.0179475 0.00028484 0.168671	
1.63	0.0179375 0.000286275 0.168768	
1.64	0.0179274 0.000287707 0.168864	
1.65	0.0179174 0.000289134 0.16896	
1.66	0.0179075 0.000290556 0.169056	
1.67	0.0178975 0.000291975 0.169152	
1.68	0.0178875 0.000293389 0.169247	
1.69	0.0178776 0.000294799 0.169343	
1.7	0.0178677 0.000296204 0.169438	
1.71	0.0178577 0.000297605 0.169533	
1.72	0.0178478 0.000299002 0.169628	
1.73	0.0178379 0.000300394 0.169723	
1.74	0.0178281 0.000301782 0.169817	
1.75	0.0178182 0.000303165 0.169912	
1.76	0.0178083 0.000304544 0.170006	
1.77	0.0177985 0.000305919 0.1701	
1.78	0.0177887 0.000307289 0.170194	
1.79	0.0177789 0.000308655 0.170288	
1.8	0.017769 0.000310016 0.170382	
1.81	0.0177593 0.000311373 0.170475	
1.82	0.0177495 0.000312726 0.170568	
1.83	0.0177397 0.000314074 0.170661	
1.84	0.0177299 0.000315418 0.170755	
1.85	0.0177202 0.000316757 0.170847	
1.86	0.0177105 0.000318092 0.17094	
1.87	0.0177007 0.000319422 0.171033	
1.88	0.017691 0.000320748 0.171125	
1.89	0.0176813 0.00032207 0.171217	
1.9	0.0176716 0.000323387 0.171309	
1.91	0.017662 0.000324699 0.171401	
1.92	0.0176523 0.000326008 0.171493	
1.93	0.0176426 0.000327311 0.171585	
1.94	0.017633 0.000328611 0.171676	
1.95	0.0176233 0.000329906 0.171768	
1.96	0.0176137 0.000331196 0.171859	
1.97	0.0176041 0.000332482 0.17195	
1.98	0.0175945 0.000333763 0.172041	
1.99	0.0175849 0.000335041 0.172131	
2	0.0175753 0.000336313 0.172222	
2.01	0.0175657 0.000337581 0.172312	
2.02	0.0175562 0.000338845 0.172403	
2.03	0.0175466 0.000340105 0.172493	
2.04	0.0175371 0.00034136 0.172583	
2.05	0.0175275 0.00034261 0.172673	
2.06	0.017518 0.000343856 0.172763	
2.07	0.0175085 0.000345098 0.172852	
2.08	0.017499 0.000346335 0.172942	
2.09	0.0174895 0.000347568 0.173031	
2.1	0.01748 0.000348796 0.17312	
2.11	0.0174705 0.00035002 0.173209	
2.12	0.017461 0.00035124 0.173298	
2.13	0.0174516 0.000352455 0.173387	
2.14	0.0174421 0.000353666 0.173475	
2.15	0.0174327 0.000354873 0.173564	
2.16	0.0174232 0.000356075 0.173652	
2.17	0.0174138 0.000357273 0.17374	
2.18	0.0174044 0.000358466 0.173828	
2.19	0.017395 0.000359655 0.173916	
2.2	0.0173856 0.00036084 0.174004	
2.21	0.0173762 0.00036202 0.174092	
2.22	0.0173668 0.000363196 0.174179	
2.23	0.0173574 0.000364367 0.174267	
2.24	0.017348 0.000365535 0.174354	
2.25	0.0173387 0.000366698 0.174441	
2.26	0.0173293 0.000367856 0.174528	
2.27	0.01732 0.00036901 0.174615	
2.28	0.0173106 0.00037016 0.174702	
2.29	0.0173013 0.000371306 0.174788	
2.3	0.017292 0.000372447 0.174875	
2.31	0.0172827 0.000373584 0.174961	
2.32	0.0172734 0.000374717 0.175047	
2.33	0.0172641 0.000375846 0.175133	
2.34	0.0172548 0.00037697 0.175219	
2.35	0.0172455 0.00037809 0.175305	
2.36	0.0172362 0.000379205 0.175391	
2.37	0.0172269 0.000380317 0.175476	
2.38	0.0172177 0.000381424 0.175562	
2.39	0.0172084 0.000382527 0.175647	
2.4	0.0171992 0.000383625 0.175732	
2.41	0.0171899 0.00038472 0.175818	
2.42	0.0171807 0.00038581 0.175902	
2.43	0.0171715 0.000386896 0.175987	
2.44	0.0171623 0.000387978 0.176072	
2.45	0.0171531 0.000389056 0.176157	
2.46	0.0171438 0.000390129 0.176241	
2.47	0.0171347 0.000391198 0.176325	
2.48	0.0171255 0.000392263 0.17641	
2.49	0.0171163 0.000393324 0.176494	
2.5	0.0171071 0.000394381 0.176578	
2.51	0.0170979 0.000395434 0.176661	
2.52	0.0170888 0.000396482 0.176745	
2.53	0.0170796 0.000397526 0.176829	
2.54	0.0170704 0.000398567 0.176912	
2.55	0.0170613 0.000399603 0.176996	
2.56	0.0170522 0.000400635 0.177079	
2.57	0.017043 0.000401662 0.177162	
2.58	0.0170339 0.000402686 0.177245	
2.59	0.0170248 0.000403706 0.177328	
2.6	0.0170157 0.000404721 0.177411	
2.61	0.0170066 0.000405733 0.177493	
2.62	0.0169975 0.00040674 0.177576	
2.63	0.0169884 0.000407744 0.177658	
2.64	0.0169793 0.000408743 0.177741	
2.65	0.0169702 0.000409738 0.177823	
2.66	0.0169611 0.00041073 0.177905	
2.67	0.016952 0.000411717 0.177987	
2.68	0.016943 0.0004127 0.178069	
2.69	0.0169339 0.00041368 0.178151	
2.7	0.0169249 0.000414655 0.178232	
2.71	0.0169158 0.000415626 0.178314	
2.72	0.0169068 0.000416593 0.178395	
2.73	0.0168977 0.000417557 0.178476	
2.74	0.0168887 0.000418516 0.178558	
2.75	0.0168797 0.000419471 0.178639	
2.76	0.0168706 0.000420423 0.17872	
2.77	0.0168616 0.00042137 0.1788	
2.78	0.0168526 0.000422314 0.178881	
2.79	0.0168436 0.000423254 0.178962	
2.8	0.0168346 0.000424189 0.179042	
2.81	0.0168256 0.000425121 0.179123	
2.82	0.0168166 0.000426049 0.179203	
2.83	0.0168076 0.000426973 0.179283	
2.84	0.0167986 0.000427894 0.179363	
2.85	0.0167897 0.00042881 0.179443	
2.86	0.0167807 0.000429722 0.179523	
2.87	0.0167717 0.000430631 0.179603	
2.88	0.0167628 0.000431536 0.179683	
2.89	0.0167538 0.000432437 0.179762	
2.9	0.0167449 0.000433334 0.179842	
2.91	0.0167359 0.000434227 0.179921	
2.92	0.016727 0.000435117 0.18	
2.93	0.016718 0.000436003 0.180079	
2.94	0.0167091 0.000436885 0.180158	
2.95	0.0167002 0.000437763 0.180237	
2.96	0.0166913 0.000438637 0.180316	
2.97	0.0166823 0.000439508 0.180395	
2.98	0.0166734 0.000440375 0.180474	
2.99	0.0166645 0.000441238 0.180552	
3	0.0166556 0.000442097 0.18063	
3.01	0.0166467 0.000442953 0.180709	
3.02	0.0166378 0.000443805 0.180787	
3.03	0.0166289 0.000444653 0.180865	
3.04	0.01662 0.000445498 0.180943	
3.05	0.0166112 0.000446339 0.181021	
3.06	0.0166023 0.000447176 0.181099	
3.07	0.0165934 0.000448009 0.181177	
3.08	0.0165845 0.000448839 0.181254	
3.09	0.0165757 0.000449665 0.181332	
3.1	0.0165668 0.000450488 0.181409	
3.11	0.016558 0.000451307 0.181486	
3.12	0.0165491 0.000452122 0.181564	
3.13	0.0165403 0.000452934 0.181641	
3.14	0.0165314 0.000453742 0.181718	
3.15	0.0165226 0.000454546 0.181795	
3.16	0.0165137 0.000455347 0.181871	
3.17	0.0165049 0.000456144 0.181948	
3.18	0.0164961 0.000456938 0.182025	
3.19	0.0164873 0.000457728 0.182101	
3.2	0.0164784 0.000458515 0.182178	
3.21	0.0164696 0.000459298 0.182254	
3.22	0.0164608 0.000460077 0.18233	
3.23	0.016452 0.000460853 0.182406	
3.24	0.0164432 0.000461626 0.182483	
3.25	0.0164344 0.000462395 0.182559	
3.26	0.0164256 0.00046316 0.182634	
3.27	0.0164168 0.000463922 0.18271	
3.28	0.016408 0.00046468 0.182786	
3.29	0.0163992 0.000465435 0.182861	
3.3	0.0163904 0.000466187 0.182937	
3.31	0.0163817 0.000466935 0.183012	
3.32	0.0163729 0.000467679 0.183088	
3.33	0.0163641 0.00046842 0.183163	
3.34	0.0163553 0.000469158 0.183238	
3.35	0.0163466 0.000469892 0.183313	
3.36	0.0163378 0.000470623 0.183388	
3.37	0.016329 0.00047135 0.183463	
3.38	0.0163203 0.000472074 0.183537	
3.39	0.0163115 0.000472795 0.183612	
3.4	0.0163028 0.000473512 0.183687	
3.41	0.016294 0.000474226 0.183761	
3.42	0.0162853 0.000474936 0.183836	
3.43	0.0162766 0.000475643 0.18391	
3.44	0.0162678 0.000476347 0.183984	
3.45	0.0162591 0.000477048 0.184058	
3.46	0.0162504 0.000477745 0.184132	
3.47	0.0162416 0.000478438 0.184206	
3.48	0.0162329 0.000479129 0.18428	
3.49	0.0162242 0.000479816 0.184354	
3.5	0.0162155 0.0004805 0.184427	
3.51	0.0162067 0.00048118 0.184501	
3.52	0.016198 0.000481857 0.184575	
3.53	0.0161893 0.000482531 0.184648	
3.54	0.0161806 0.000483202 0.184721	
3.55	0.0161719 0.000483869 0.184795	
3.56	0.0161632 0.000484533 0.184868	
3.57	0.0161545 0.000485194 0.184941	
3.58	0.0161458 0.000485852 0.185014	
3.59	0.0161371 0.000486506 0.185087	
3.6	0.0161284 0.000487158 0.18516	
3.61	0.0161198 0.000487806 0.185232	
3.62	0.0161111 0.00048845 0.185305	
3.63	0.0161024 0.000489092 0.185377	
3.64	0.0160937 0.00048973 0.18545	
3.65	0.016085 0.000490365 0.185522	
3.66	0.0160764 0.000490998 0.185595	
3.67	0.0160677 0.000491626 0.185667	
3.68	0.016059 0.000492252 0.185739	
3.69	0.0160504 0.000492875 0.185811	
3.7	0.0160417 0.000493494 0.185883	
3.71	0.016033 0.00049411 0.185955	
3.72	0.0160244 0.000494724 0.186027	
3.73	0.0160157 0.000495334 0.186098	
3.74	0.0160071 0.000495941 0.18617	
3.75	0.0159984 0.000496544 0.186242	
3.76	0.0159898 0.000497145 0.186313	
3.77	0.0159811 0.000497743 0.186384	
3.78	0.0159725 0.000498337 0.186456	
3.79	0.0159638 0.000498929 0.186527	
3.8	0.0159552 0.000499517 0.186598	
3.81	0.0159466 0.000500103 0.186669	
3.82	0.0159379 0.000500685 0.18674	
3.83	0.0159293 0.000501265 0.186811	
3.84	0.0159207 0.000501841 0.186882	
3.85	0.015912 0.000502414 0.186953	
3.86	0.0159034 0.000502984 0.187023	
3.87	0.0158948 0.000503552 0.187094	
3.88	0.0158862 0.000504116 0.187165	
3.89	0.0158776 0.000504677 0.187235	
3.9	0.0158689 0.000505235 0.187305	
3.91	0.0158603 0.000505791 0.187376	
3.92	0.0158517 0.000506343 0.187446	
3.93	0.0158431 0.000506892 0.187516	
3.94	0.0158345 0.000507439 0.187586	
3.95	0.0158259 0.000507982 0.187656	
3.96	0.0158173 0.000508523 0.187726	
3.97	0.0158087 0.00050906 0.187796	
3.98	0.0158001 0.000509595 0.187865	
3.99	0.0157915 0.000510127 0.187935	
4	0.0157915 0.000510127 0.187935	
4.01	0.0157915 0.000510127 0.187935	
4.02	0.0157915 0.000510127 0.187935	
4.03	0.0157915 0.000510127 0.187935	
4.04	0.0157915 0.000510127 0.187935	
4.05	0.0157915 0.000510127 0.187935	
4.06	0.0157915 0.000510127 0.187935	
4.07	0.0157915 0.000510127 0.187935	
4.08	0.0157915 0.000510127 0.187935	
4.09	0.0157915 0.000510127 0.187935	
4.1	0.0157915 0.000510127 0.187935	
4.11	0.0157915 0.000510127 0.187935	
4.12	0.0157915 0.000510127 0.187935	
4.13	0.0157915 0.000510127 0.187935	
4.14	0.0157915 0.000510127 0.187935	
4.15	0.0157915 0.000510127 0.187935	
4.16	0.0157915 0.000510127 0.187935	
4.17	0.0157915 0.000510127 0.187935	
4.18	0.0157915 0.000510127 0.187935	
4.19	0.0157915 0.000510127 0.187935	
4.2	0.0157915 0.000510127 0.187935	
4.21	0.0157915 0.000510127 0.187935	
4.22	0.0157915 0.000510127 0.187935	
4.23	0.0157915 0.000510127 0.187935	
4.24	0.0157915 0.000510127 0.187935	
4.25	0.0157915 0.000510127 0.187935	
4.26	0.0157915 0.000510127 0.187935	
4.27	0.0157915 0.000510127 0.187935	
4.28	0.0157915 0.000510127 0.187935	
4.29	0.0157915 0.000510127 0.187935	
4.3	0.0157915 0.000510127 0.187935	
4.31	0.0157915 0.000510127 0.187935	
4.32	0.0157915 0.000510127 0.187935	
4.33	0.0157915 0.000510127 0.187935	
4.34	0.0157915 0.000510127 0.187935	
4.35	0.0157915 0.000510127 0.187935	
4.36	0.0157915 0.000510127 0.187935	
4.37	0.0157915 0.000510127 0.187935	
4.38	0.0157915 0.000510127 0.187935	
4.39	0.0157915 0.000510127 0.187935	
4.4	0.0157915 0.000510127 0.187935	
4.41	0.0157915 0.000510127 0.187935	
4.42	0.0157915 0.000510127 0.187935	
4.43	0.0157915 0.000510127 0.187935	
4.44	0.0157915 0.000510127 0.187935	
4.45	0.0157915 0.000510127 0.187935	
4.46	0.0157915 0.000510127 0.187935	
4.47	0.0157915 0.000510127 0.187935	
4.48	0.0157915 0.000510127 0.187935	
4.49	0.0157915 0.000510127 0.187935	
4.5	0.0157915 0.000510127 0.187935	
4.51	0.0157915 0.000510127 0.187935	
4.52	0.0157915 0.000510127 0.187935	
4.53	0.0157915 0.000510127 0.187935	
4.54	0.0157915 0.000510127 0.187935	
4.55	0.0157915 0.000510127 0.187935	
4.56	0.0157915 0.000510127 0.187935	
4.57	0.0157915 0.000510127 0.187935	
4.58	0.0157915 0.000510127 0.187935	
4.59	0.0157915 0.000510127 0.187935	
4.6	0.0157915 0.000510127 0.187935	
4.61	0.0157915 0.000510127 0.187935	
4.62	0.0157915 0.000510127 0.187935	
4.63	0.0157915 0.000510127 0.187935	
4.64	0.0157915 0.000510127 0.187935	
4.65	0.0157915 0.000510127 0.187935	
4.66	0.0157915 0.000510127 0.187935	
4.67	0.0157915 0.000510127 0.187935	
4.68	0.0157915 0.000510127 0.187935	
4.69	0.0157915 0.000510127 0.187935	
4.7	0.0157915 0.000510127 0.187935	
4.71	0.0157915 0.000510127 0.187935	
4.72	0.0157915 0.000510127 0.187935	
4.73	0.0157915 0.000510127 0.187935	
4.74	0.0157915 0.000510127 0.187935	
4.75	0.0157915 0.000510127 0.187935	
4.76	0.0157915 0.000510127 0.187935	
4.77	0.0157915 0.000510127 0.187935	
4.78	0.0157915 0.000510127 0.187935	
4.79	0.0157915 0.000510127 0.187935	
4.8	0.0157915 0.000510127 0.187935	
4.81	0.0157915 0.000510127 0.187935	
4.82	0.0157915 0.000510127 0.187935	
4.83	0.0157915 0.000510127 0.187935	
4.84	0.0157915 0.000510127 0.187935	
4.85	0.0157915 0.000510127 0.187935	
4.86	0.0157915 0.000510127 0.187935	
4.87	0.0157915 0.000510127 0.187935	
4.88	0.0157915 0.000510127 0.187935	
4.89	0.0157915 0.000510127 0.187935	
4.9	0.0157915 0.000510127 0.187935	
4.91	0.0157915 0.000510127 0.187935	
4.92	0.0157915 0.000510127 0.187935	
4.93	0.0157915 0.000510127 0.187935	
4.94	0.0157915 0.000510127 0.187935	
4.95	0.0157915 0.000510127 0.187935	
4.96	0.0157915 0.000510127 0.187935	
4.97	0.0157915 0.000510127 0.187935	
4.98	0.0157915 0.000510127 0.187935	
4.99	0.0157915 0.000510127 0.187935	
5	0.0157915 0.000510127 0.187935	
5.01	0.0157915 0.000510127 0.187935	
5.02	0.0157915 0.000510127 0.187935	
5.03	0.0157915 0.000510127 0.187935	
5.04	0.0157915 0.000510127 0.187935	
5.05	0.0157915 0.000510127 0.187935	
5.06	0.0157915 0.000510127 0.187935	
5.07	0.0157915 0.000510127 0.187935	
5.08	0.0157915 0.000510127 0.187935	
5.09	0.0157915 0.000510127 0.187935	
5.1	0.0157915 0.000510127 0.187935	
5.11	0.0157915 0.000510127 0.187935	
5.12	0.0157915 0.000510127 0.187935	
5.13	0.0157915 0.000510127 0.187935	
5.14	0.0157915 0.000510127 0.187935	
5.15	0.0157915 0.000510127 0.187935	
5.16	0.0157915 0.000510127 0.187935	
5.17	0.0157915 0.000510127 0.187935	
5.18	0.0157915 0.000510127 0.187935	
5.19	0.0157915 0.000510127 0.187935	
5.2	0.0157915 0.000510127 0.187935	
5.21	0.0157915 0.000510127 0.187935	
5.22	0.0157915 0.000510127 0.187935	
5.23	0.0157915 0.000510127 0.187935	
5.24	0.0157915 0.000510127 0.187935	
5.25	0.0157915 0.000510127 0.187935	
5.26	0.0157915 0.000510127 0.187935	
5.27	0.0157915 0.000510127 0.187935	
5.28	0.0157915 0.000510127 0.187935	
5.29	0.0157915 0.000510127 0.187935	
5.3	0.0157915 0.000510127 0.187935	
5.31	0.0157915 0.000510127 0.187935	
5.32	0.0157915 0.000510127 0.187935	
5.33	0.0157915 0.000510127 0.187935	
5.34	0.0157915 0.000510127 0.187935	
5.35	0.0157915 0.000510127 0.187935	
5.36	0.0157915 0.000510127 0.187935	
5.37	0.0157915 0.000510127 0.187935	
5.38	0.0157915 0.000510127 0.187935	
5.39	0.0157915 0.000510127 0.187935	
5.4	0.0157915 0.000510127 0.187935	
5.41	0.0157915 0.000510127 0.187935	
5.42	0.0157915 0.000510127 0.187935	
5.43	0.0157915 0.000510127 0.187935	
5.44	0.0157915 0.000510127 0.187935	
5.45	0.0157915 0.000510127 0.187935	
5.46	0.0157915 0.000510127 0.187935	
5.47	0.0157915 0.000510127 0.187935	
5.48	0.0157915 0.000510127 0.187935	
5.49	0.0157915 0.000510127 0.187935	
5.5	0.0157915 0.000510127 0.187935	
5.51	0.0157915 0.000510127 0.187935	
5.52	0.0157915 0.000510127 0.187935	
5.53	0.0157915 0.000510127 0.187935	
5.54	0.0157915 0.000510127 0.187935	
5.55	0.0157915 0.000510127 0.187935	
5.56	0.0157915 0.000510127 0.187935	
5.57	0.0157915 0.000510127 0.187935	
5.58	0.0157915 0.000510127 0.187935	
5.59	0.0157915 0.000510127 0.187935	
5.6	0.0157915 0.000510127 0.187935	
5.61	0.0157915 0.000510127 0.187935	
5.62	0.0157915 0.000510127 0.187935	
5.63	0.0157915 0.000510127 0.187935	
5.64	0.0157915 0.000510127 0.187935	
5.65	0.0157915 0.000510127 0.187935	
5.66	0.0157915 0.000510127 0.187935	
5.67	0.0157915 0.000510127 0.187935	
5.68	0.0157915 0.000510127 0.187935	
5.69	0.0157915 0.000510127 0.187935	
5.7	0.0157915 0.000510127 0.187935	
5.71	0.0157915 0.000510127 0.187935	
5.72	0.0157915 0.000510127 0.187935	
5.73	0.0157915 0.000510127 0.187935	
5.74	0.0157915 0.000510127 0.187935	
5.75	0.0157915 0.000510127 0.187935	
5.76	0.0157915 0.000510127 0.187935	
5.77	0.0157915 0.000510127 0.187935	
5.78	0.0157915 0.000510127 0.187935	
5.79	0.0157915 0.000510127 0.187935	
5.8	0.0157915 0.000510127 0.187935	
5.81	0.0157915 0.000510127 0.187935	
5.82	0.0157915 0.000510127 0.187935	
5.83	0.0157915 0.000510127 0.187935	
5.84	0.0157915 0.000510127 0.187935	
5.85	0.0157915 0.000510127 0.187935	
5.86	0.0157915 0.000510127 0.187935	
5.87	0.0157915 0.000510127 0.187935	
5.88	0.0157915 0.000510127 0.187935	
5.89	0.0157915 0.000510127 0.187935	
5.9	0.0157915 0.000510127 0.187935	
5.91	0.0157915 0.000510127 0.187935	
5.92	0.0157915 0.000510127 0.187935	
5.93	0.0157915 0.000510127 0.187935	
5.94	0.0157915 0.000510127 0.187935	
5.95	0.0157915 0.000510127 0.187935	
5.96	0.0157915 0.000510127 0.187935	
5.97	0.0157915 0.000510127 0.187935	
5.98	0.0157915 0.000510127 0.187935	
5.99	0.0157915 0.000510127 0.187935	
6	0.0157915 0.000510127 0.187935	
6.01	0.0157915 0.000510127 0.187935	
6.02	0.0157915 0.000510127 0.187935	
6.03	0.0157915 0.000510127 0.187935	
6.04	0.0157915 0.000510127 0.187935	
6.05	0.0157915 0.000510127 0.187935	
6.06	0.0157915 0.000510127 0.187935	
6.07	0.0157915 0.000510127 0.187935	
6.08	0.0157915 0.000510127 0.187935	
6.09	0.0157915 0.000510127 0.187935	
6.1	0.0157915 0.000510127 0.187935	
6.11	0.0157915 0.000510127 0.187935	
6.12	0.0157915 0.000510127 0.187935	
6.13	0.0157915 0.000510127 0.187935	
6.14	0.0157915 0.000510127 0.187935	
6.15	0.0157915 0.000510127 0.187935	
6.16	0.0157915 0.000510127 0.187935	
6.17	0.0157915 0.000510127 0.187935	
6.18	0.0157915 0.000510127 0.187935	
6.19	0.0157915 0.000510127 0.187935	
6.2	0.0157915 0.000510127 0.187935	
6.21	0.0157915 0.000510127 0.187935	
6.22	0.0157915 0.000510127 0.187935	
6.23	0.0157915 0.000510127 0.187935	
6.24	0.0157915 0.000510127 0.187935	
6.25	0.0157915 0.000510127 0.187935	
6.26	0.0157915 0.000510127 0.187935	
6.27	0.0157915 0.000510127 0.187935	
6.28	0.0157915 0.000510127 0.187935	
6.29	0.0157915 0.000510127 0.187935	
6.3	0.0157915 0.000510127 0.187935	
6.31	0.0157915 0.000510127 0.187935	
6.32	0.0157915 0.000510127 0.187935	
6.33	0.0157915 0.000510127 0.187935	
6.34	0.0157915 0.000510127 0.187935	
6.35	0.0157915 0.000510127 0.187935	
6.36	0.0157915 0.000510127 0.187935	
6.37	0.0157915 0.000510127 0.187935	
6.38	0.0157915 0.000510127 0.187935	
6.39	0.0157915 0.000510127 0.187935	
6.4	0.0157915 0.000510127 0.187935	
6.41	0.0157915 0.000510127 0.187935	
6.42	0.0157915 0.000510127 0.187935	
6.43	0.0157915 0.000510127 0.187935	
6.44	0.0157915 0.000510127 0.187935	
6.45	0.0157915 0.000510127 0.187935	
6.46	0.0157915 0.000510127 0.187935	
6.47	0.0157915 0.000510127 0.187935	
6.48	0.0157915 0.000510127 0.187935	
6.49	0.0157915 0.000510127 0.187935	
6.5	0.0157915 0.000510127 0.187935	
6.51	0.0157915 0.000510127 0.187935	
6.52	0.0157915 0.000510127 0.187935	
6.53	0.0157915 0.000510127 0.187935	
6.54	0.0157915 0.000510127 0.187935	
6.55	0.0157915 0.000510127 0.187935	
6.56	0.0157915 0.000510127 0.187935	
6.57	0.0157915 0.000510127 0.187935	
6.58	0.0157915 0.000510127 0.187935	
6.59	0.0157915 0.000510127 0.187935	
6.6	0.0157915 0.000510127 0.187935	
6.61	0.0157915 0.000510127 0.187935	
6.62	0.0157915 0.000510127 0.187935	
6.63	0.0157915 0.000510127 0.187935	
6.64	0.0157915 0.000510127 0.187935	
6.65	0.0157915 0.000510127 0.187935	
6.66	0.0157915 0.000510127 0.187935	
6.67	0.0157915 0.000510127 0.187935	
6.68	0.0157915 0.000510127 0.187935	
6.69	0.0157915 0.000510127 0.187935	
6.7	0.0157915 0.000510127 0.187935	
6.71	0.0157915 0.000510127 0.187935	
6.72	0.0157915 0.000510127 0.187935	
6.73	0.0157915 0.000510127 0.187935	
6.74	0.0157915 0.000510127 0.187935	
6.75	0.0157915 0.000510127 0.187935	
6.76	0.0157915 0.000510127 0.187935	
6.77	0.0157915 0.000510127 0.187935	
6.78	0.0157915 0.000510127 0.187935	
6.79	0.0157915 0.000510127 0.187935	
6.8	0.0157915 0.000510127 0.187935	
6.81	0.0157915 0.000510127 0.187935	
6.82	0.0157915 0.000510127 0.187935	
6.83	0.0157915 0.000510127 0.187935	
6.84	0.0157915 0.000510127 0.187935	
6.85	0.0157915 0.000510127 0.187935	
6.86	0.0157915 0.000510127 0.187935	
6.87	0.0157915 0.000510127 0.187935	
6.88	0.0157915 0.000510127 0.187935	
6.89	0.0157915 0.000510127 0.187935	
6.9	0.0157915 0.000510127 0.187935	
6.91	0.0157915 0.000510127 0.187935	
6.92	0.0157915 0.000510127 0.187935	
6.93	0.0157915 0.000510127 0.187935	
6.94	0.0157915 0.000510127 0.187935	
6.95	0.0157915 0.000510127 0.187935	
6.96	0.0157915 0.000510127 0.187935	
6.97	0.0157915 0.000510127 0.187935	
6.98	0.0157915 0.000510127 0.187935	
6.99	0.0157915 0.000510127 0.187935	
7	0.0157915 0.000510127 0.187935	
7.01	0.0157915 0.000510127 0.187935	
7.02	0.0157915 0.000510127 0.187935	
7.03	0.0157915 0.000510127 0.187935	
7.04	0.0157915 0.000510127 0.187935	
7.05	0.0157915 0.000510127 0.187935	
7.06	0.0157915 0.000510127 0.187935	
7.07	0.0157915 0.000510127 0.187935	
7.08	0.0157915 0.000510127 0.187935	
7.09	0.0157915 0.000510127 0.187935	
7.1	0.0157915 0.000510127 0.187935	
7.11	0.0157915 0.000510127 0.187935	
7.12	0.0157915 0.000510127 0.187935	
7.13	0.0157915 0.000510127 0.187935	
7.14	0.0157915 0.000510127 0.187935	
7.15	0.0157915 0.000510127 0.187935	
7.16	0.0157915 0.000510127 0.187935	
7.17	0.0157915 0.000510127 0.187935	
7.18	0.0157915 0.000510127 0.187935	
7.19	0.0157915 0.000510127 0.187935	
7.2	0.0157915 0.000510127 0.187935	
7.21	0.0157915 0.000510127 0.187935	
7.22	0.0157915 0.000510127 0.187935	
7.23	0.0157915 0.000510127 0.187935	
7.24	0.0157915 0.000510127 0.187935	
7.25	0.0157915 0.000510127 0.187935	
7.26	0.0157915 0.000510127 0.187935	
7.27	0.0157915 0.000510127 0.187935	
7.28	0.0157915 0.000510127 0.187935	
7.29	0.0157915 0.000510127 0.187935	
7.3	0.0157915 0.000510127 0.187935	
7.31	0.0157915 0.000510127 0.187935	
7.32	0.0157915 0.000510127 0.187935	
7.33	0.0157915 0.000510127 0.187935	
7.34	0.0157915 0.000510127 0.187935	
7.35	0.0157915 0.000510127 0.187935	
7.36	0.0157915 0.000510127 0.187935	
7.37	0.0157915 0.000510127 0.187935	
7.38	0.0157915 0.000510127 0.187935	
7.39	0.0157915 0.000510127 0.187935	
7.4	0.0157915 0.000510127 0.187935	
7.41	0.0157915 0.000510127 0.187935	
7.42	0.0157915 0.000510127 0.187935	
7.43	0.0157915 0.000510127 0.187935	
7.44	0.0157915 0.000510127 0.187935	
7.45	0.0157915 0.000510127 0.187935	
7.46	0.0157915 0.000510127 0.187935	
7.47	0.0157915 0.000510127 0.187935	
7.48	0.0157915 0.000510127 0.187935	
7.49	0.0157915 0.000510127 0.187935	
7.5	0.0157915 0.000510127 0.187935	
7.51	0.0157915 0.000510127 0.187935	
7.52	0.0157915 0.000510127 0.187935	
7.53	0.0157915 0.000510127 0.187935	
7.54	0.0157915 0.000510127 0.187935	
7.55	0.0157915 0.000510127 0.187935	
7.56	0.0157915 0.000510127 0.187935	
7.57	0.0157915 0.000510127 0.187935	
7.58	0.0157915 0.000510127 0.187935	
7.59	0.0157915 0.000510127 0.187935	
7.6	0.0157915 0.000510127 0.187935	
7.61	0.0157915 0.000510127 0.187935	
7.62	0.0157915 0.000510127 0.187935	
7.63	0.0157915 0.000510127 0.187935	
7.64	0.0157915 0.000510127 0.187935	
7.65	0.0157915 0.000510127 0.187935	
7.66	0.0157915 0.000510127 0.187935	
7.67	0.0157915 0.000510127 0.187935	
7.68	0.0157915 0.000510127 0.187935	
7.69	0.0157915 0.000510127 0.187935	
7.7	0.0157915 0.000510127 0.187935	
7.71	0.0157915 0.000510127 0.187935	
7.72	0.0157915 0.000510127 0.187935	
7.73	0.0157915 0.000510127 0.187935	
7.74	0.0157915 0.000510127 0.187935	
7.75	0.0157915 0.000510127 0.187935	
7.76	0.0157915 0.000510127 0.187935	
7.77	0.0157915 0.000510127 0.187935	
7.78	0.0157915 0.000510127 0.187935	
7.79	0.0157915 0.000510127 0.187935	
7.8	0.0157915 0.000510127 0.187935	
7.81	0.0157915 0.000510127 0.187935	
7.82	0.0157915 0.000510127 0.187935	
7.83	0.0157915 0.000510127 0.187935	
7.84	0.0157915 0.000510127 0.187935	
7.85	0.0157915 0.000510127 0.187935	
7.86	0.0157915 0.000510127 0.187935	
7.87	0.0157915 0.000510127 0.187935	
7.88	0.0157915 0.000510127 0.187935	
7.89	0.0157915 0.000510127 0.187935	
7.9	0.0157915 0.000510127 0.187935	
7.91	0.0157915 0.000510127 0.187935	
7.92	0.0157915 0.000510127 0.187935	
7.93	0.0157915 0.000510127 0.187935	
7.94	0.0157915 0.000510127 0.187935	
7.95	0.0157915 0.000510127 0.187935	
7.96	0.0157915 0.000510127 0.187935	
7.97	0.0157915 0.000510127 0.187935	
7.98	0.0157915 0.000510127 0.187935	
7.99	0.0157915 0.000510127 0.187935	
8	0.0157915 0.000510127 0.187935	
8.01	0.0157915 0.000510127 0.187935	
8.02	0.0157915 0.000510127 0.187935	
8.03	0.0157915 0.000510127 0.187935	
8.04	0.0157915 0.000510127 0.187935	
8.05	0.0157915 0.000510127 0.187935	
8.06	0.0157915 0.000510127 0.187935	
8.07	0.0157915 0.000510127 0.187935	
8.08	0.0157915 0.000510127 0.187935	
8.09	0.0157915 0.000510127 0.187935	
8.1	0.0157915 0.000510127 0.187935	
8.11	0.0157915 0.000510127 0.187935	
8.12	0.0157915 0.000510127 0.187935	
8.13	0.0157915 0.000510127 0.187935	
8.14	0.0157915 0.000510127 0.187935	
8.15	0.0157915 0.000510127 0.187935	
8.16	0.0157915 0.000510127 0.187935	
8.17	0.0157915 0.000510127 0.187935	
8.18	0.0157915 0.000510127 0.187935	
8.19	0.0157915 0.000510127 0.187935	
8.2	0.0157915 0.000510127 0.187935	
8.21	0.0157915 0.000510127 0.187935	
8.22	0.0157915 0.000510127 0.187935	
8.23	0.0157915 0.000510127 0.187935	
8.24	0.0157915 0.000510127 0.187935	
8.25	0.0157915 0.000510127 0.187935	
8.26	0.0157915 0.000510127 0.187935	
8.27	0.0157915 0.000510127 0.187935	
8.28	0.0157915 0.000510127 0.187935	
8.29	0.0157915 0.000510127 0.187935	
8.3	0.0157915 0.000510127 0.187935	
8.31	0.0157915 0.000510127 0.187935	
8.32	0.0157915 0.000510127 0.187935	
8.33	0.0157915 0.000510127 0.187935	
8.34	0.0157915 0.000510127 0.187935	
8.35	0.0157915 0.000510127 0.187935	
8.36	0.0157915 0.000510127 0.187935	
8.37	0.0157915 0.000510127 0.187935	
8.38	0.0157915 0.000510127 0.187935	
8.39	0.0157915 0.000510127 0.187935	
8.4	0.0157915 0.000510127 0.187935	
8.41	0.0157915 0.000510127 0.187935	
8.42	0.0157915 0.000510127 0.187935	
8.43	0.0157915 0.000510127 0.187935	
8.44	0.0157915 0.000510127 0.187935	
8.45	0.0157915 0.000510127 0.187935	
8.46	0.0157915 0.000510127 0.187935	
8.47	0.0157915 0.000510127 0.187935	
8.48	0.0157915 0.000510127 0.187935	
8.49	0.0157915 0.000510127 0.187935	
8.5	0.0157915 0.000510127 0.187935	
8.51	0.0157915 0.000510127 0.187935	
8.52	0.0157915 0.000510127 0.187935	
8.53	0.0157915 0.000510127 0.187935	
8.54	0.0157915 0.000510127 0.187935	
8.55	0.0157915 0.000510127 0.187935	
8.56	0.0157915 0.000510127 0.187935	
8.57	0.0157915 0.000510127 0.187935	
8.58	0.0157915 0.000510127 0.187935	
8.59	0.0157915 0.000510127 0.187935	
8.6	0.0157915 0.000510127 0.187935	
8.61	0.0157915 0.000510127 0.187935	
8.62	0.0157915 0.000510127 0.187935	
8.63	0.0157915 0.000510127 0.187935	
8.64	0.0157915 0.000510127 0.187935	
8.65	0.0157915 0.000510127 0.187935	
8.66	0.0157915 0.000510127 0.187935	
8.67	0.0157915 0.000510127 0.187935	
8.68	0.0157915 0.000510127 0.187935	
8.69	0.0157915 0.000510127 0.187935	
8.7	0.0157915 0.000510127 0.187935	
8.71	0.0157915 0.000510127 0.187935	
8.72	0.0157915 0.000510127 0.187935	
8.73	0.0157915 0.000510127 0.187935	
8.74	0.0157915 0.000510127 0.187935	
8.75	0.0157915 0.000510127 0.187935	
8.76	0.0157915 0.000510127 0.187935	
8.77	0.0157915 0.000510127 0.187935	
8.78	0.0157915 0.000510127 0.187935	
8.79	0.0157915 0.000510127 0.187935	
8.8	0.0157915 0.000510127 0.187935	
8.81	0.0157915 0.000510127 0.187935	
8.82	0.0157915 0.000510127 0.187935	
8.83	0.0157915 0.000510127 0.187935	
8.84	0.0157915 0.000510127 0.187935	
8.85	0.0157915 0.000510127 0.187935	
8.86	0.0157915 0.000510127 0.187935	
8.87	0.0157915 0.000510127 0.187935	
8.88	0.0157915 0.000510127 0.187935	
8.89	0.0157915 0.000510127 0.187935	
8.9	0.0157915 0.000510127 0.187935	
8.91	0.0157915 0.000510127 0.187935	
8.92	0.0157915 0.000510127 0.187935	
8.93	0.0157915 0.000510127 0.187935	
8.94	0.0157915 0.000510127 0.187935	
8.95	0.0157915 0.000510127 0.187935	
8.96	0.0157915 0.000510127 0.187935	
8.97	0.0157915 0.000510127 0.187935	
8.98	0.0157915 0.000510127 0.187935	
8.99	0.0157915 0.000510127 0.187935	
9	0.0157915 0.000510127 0.187935	
9.01	0.0157915 0.000510127 0.187935	
9.02	0.0157915 0.000510127 0.187935	
9.03	0.0157915 0.000510127 0.187935	
9.04	0.0157915 0.000510127 0.187935	
9.05	0.0157915 0.000510127 0.187935	
9.06	0.0157915 0.000510127 0.187935	
9.07	0.0157915 0.000510127 0.187935	
9.08	0.0157915 0.000510127 0.187935	
9.09	0.0157915 0.000510127 0.187935	
9.1	0.0157915 0.000510127 0.187935	
9.11	0.0157915 0.000510127 0.187935	
9.12	0.0157915 0.000510127 0.187935	
9.13	0.0157915 0.000510127 0.187935	
9.14	0.0157915 0.000510127 0.187935	
9.15	0.0157915 0.000510127 0.187935	
9.16	0.0157915 0.000510127 0.187935	
9.17	0.0157915 0.000510127 0.187935	
9.18	0.0157915 0.000510127 0.187935	
9.19	0.0157915 0.000510127 0.187935	
9.2	0.0157915 0.000510127 0.187935	
9.21	0.0157915 0.000510127 0.187935	
9.22	0.0157915 0.000510127 0.187935	
9.23	0.0157915 0.000510127 0.187935	
9.24	0.0157915 0.000510127 0.187935	
9.25	0.0157915 0.000510127 0.187935	
9.26	0.0157915 0.000510127 0.187935	
9.27	0.0157915 0.000510127 0.187935	
9.28	0.0157915 0.000510127 0.187935	
9.29	0.0157915 0.000510127 0.187935	
9.3	0.0157915 0.000510127 0.187935	
9.31	0.0157915 0.000510127 0.187935	
9.32	0.0157915 0.000510127 0.187935	
9.33	0.0157915 0.000510127 0.187935	
9.34	0.0157915 0.000510127 0.187935	
9.35	0.0157915 0.000510127 0.187935	
9.36	0.0157915 0.000510127 0.187935	
9.37	0.0157915 0.000510127 0.187935	
9.38	0.0157915 0.000510127 0.187935	
9.39	0.0157915 0.000510127 0.187935	
9.4	0.0157915 0.000510127 0.187935	
9.41	0.0157915 0.000510127 0.187935	
9.42	0.0157915 0.000510127 0.187935	
9.43	0.0157915 0.000510127 0.187935	
9.44	0.0157915 0.000510127 0.187935	
9.45	0.0157915 0.000510127 0.187935	
9.46	0.0157915 0.000510127 0.187935	
9.47	0.0157915 0.000510127 0.187935	
9.48	0.0157915 0.000510127 0.187935	
9.49	0.0157915 0.000510127 0.187935	
9.5	0.0157915 0.000510127 0.187935	
9.51	0.0157915 0.000510127 0.187935	
9.52	0.0157915 0.000510127 0.187935	
9.53	0.0157915 0.000510127 0.187935	
9.54	0.0157915 0.000510127 0.187935	
9.55	0.0157915 0.000510127 0.187935	
9.56	0.0157915 0.000510127 0.187935	
9.57	0.0157915 0.000510127 0.187935	
9.58	0.0157915 0.000510127 0.187935	
9.59	0.0157915 0.000510127 0.187935	
9.6	0.0157915 0.000510127 0.187935	
9.61	0.0157915 0.000510127 0.187935	
9.62	0.0157915 0.000510127 0.187935	
9.63	0.0157915 0.000510127 0.187935	
9.64	0.0157915 0.000510127 0.187935	
9.65	0.0157915 0.000510127 0.187935	
9.66	0.0157915 0.000510127 0.187935	
9.67	0.0157915 0.000510127 0.187935	
9.68	0.0157915 0.000510127 0.187935	
9.69	0.0157915 0.000510127 0.187935	
9.7	0.0157915 0.000510127 0.187935	
9.71	0.0157915 0.000510127 0.187935	
9.72	0.0157915 0.000510127 0.187935	
9.73	0.0157915 0.000510127 0.187935	
9.74	0.0157915 0.000510127 0.187935	
9.75	0.0157915 0.000510127 0.187935	
9.76	0.0157915 0.000510127 0.187935	
9.77	0.0157915 0.000510127 0.187935	
9.78	0.0157915 0.000510127 0.187935	
9.79	0.0157915 0.000510127 0.187935	
9.8	0.0157915 0.000510127 0.187935	
9.81	0.0157915 0.000510127 0.187935	
9.82	0.0157915 0.000510127 0.187935	
9.83	0.0157915 0.000510127 0.187935	
9.84	0.0157915 0.000510127 0.187935	
9.85	0.0157915 0.000510127 0.187935	
9.86	0.0157915 0.000510127 0.187935	
9.87	0.0157915 0.000510127 0.187935	
9.88	0.0157915 0.000510127 0.187935	
9.89	0.0157915 0.000510127 0.187935	
9.9	0.0157915 0.000510127 0.187935	
9.91	0.0157915 0.000510127 0.187935	
9.92	0.0157915 0.000510127 0.187935	
9.93	0.0157915 0.000510127 0.187935	
9.94	0.0157915 0.000510127 0.187935	
9.95	0.0157915 0.000510127 0.187935	
9.96	0.0157915 0.000510127 0.187935	
9.97	0.0157915 0.000510127 0.187935	
9.98	0.0157915 0.000510127 0.187935	
9.99	0.0157915 0.000510127 0.187935	
10	0.0157915 0.000510127 0.187935	
