0	0.02 0 0.15	
0.01	0.0199919 1.23111e-05 0.15013	
0.02	0.0199834 2.2334e-05 0.150259	
0.03	0.0199746 3.06427e-05 0.150388	
0.04	0.0199656 3.76379e-05 0.150517	
0.05	0.0199564 4.36072e-05 0.150645	
0.06	0.019947 4.87625e-05 0.150774	
0.07	0.0199376 5.32632e-05 0.150901	
0.08	0.0199282 5.72312e-05 0.151029	
0.09	0.0199187 6.07615e-05 0.151156	
0.1	0.0199092 6.3929e-05 0.151283	
0.11	0.0198996 6.67935e-05 0.151409	
0.12	0.0198901 6.94033e-05 0.151536	
0.13	0.0198807 7.17986e-05 0.151661	
0.14	0.0198712 7.40099e-05 0.151787	
0.15	0.0198618 7.60649e-05 0.151912	
0.16	0.0198524 7.79861e-05 0.152037	
0.17	0.0198431 7.97923e-05 0.152161	
0.18	0.0198338 8.14992e-05 0.152285	
0.19	0.0198245 8.31205e-05 0.152409	
0.2	0.0198153 8.46674e-05 0.152532	
0.21	0.0198061 8.615e-05 0.152655	
0.22	0.019797 8.75767e-05 0.152778	
0.23	0.019788 8.89547e-05 0.1529	
0.24	0.0197789 9.02904e-05 0.153022	
0.25	0.01977 9.15893e-05 0.153144	
0.26	0.0197611 9.28561e-05 0.153265	
0.27	0.0197522 9.40951e-05 0.153387	
0.28	0.0197434 9.53099e-05 0.153507	
0.29	0.0197346 9.65037e-05 0.153628	
0.3	0.0197259 9.76792e-05 0.153748	
0.31	0.0197172 9.88391e-05 0.153868	
0.32	0.0197086 9.99854e-05 0.153987	
0.33	0.0197 0.00010112 0.154106	
0.34	0.0196914 0.000102245 0.154225	
0.35	0.0196829 0.000103361 0.154344	
0.36	0.0196745 0.00010447 0.154462	
0.37	0.0196661 0.000105573 0.15458	
0.38	0.0196577 0.000106671 0.154697	
0.39	0.0196494 0.000107765 0.154815	
0.4	0.0196412 0.000108856 0.154932	
0.41	0.0196329 0.000109944 0.155049	
0.42	0.0196248 0.000111031 0.155165	
0.43	0.0196166 0.000112116 0.155281	
0.44	0.0196085 0.0001132 0.155397	
0.45	0.0196005 0.000114283 0.155513	
0.46	0.0195924 0.000115367 0.155628	
0.47	0.0195844 0.00011645 0.155743	
0.48	0.0195765 0.000117534 0.155858	
0.49	0.0195686 0.000118619 0.155972	
0.5	0.0195607 0.000119704 0.156086	
0.51	0.0195529 0.000120791 0.1562	
0.52	0.0195451 0.000121879 0.156314	
0.53	0.0195373 0.000122968 0.156427	
0.54	0.0195296 0.000124059 0.15654	
0.55	0.0195219 0.000125151 0.156653	
0.56	0.0195142 0.000126245 0.156765	
0.57	0.0195066 0.00012734 0.156878	
0.58	0.019499 0.000128437 0.156989	
0.59	0.0194915 0.000129536 0.157101	
0.6	0.0194839 0.000130636 0.157213	
0.61	0.0194764 0.000131738 0.157324	
0.62	0.019469 0.000132842 0.157435	
0.63	0.0194615 0.000133947 0.157545	
0.64	0.0194541 0.000135054 0.157656	
0.65	0.0194468 0.000136163 0.157766	
0.66	0.0194394 0.000137273 0.157876	
0.67	0.0194321 0.000138384 0.157985	
0.68	0.0194248 0.000139497 0.158095	
0.69	0.0194175 0.000140611 0.158204	
0.7	0.0194103 0.000141727 0.158313	
0.71	0.0194031 0.000142844 0.158422	
0.72	0.0193959 0.000143962 0.15853	
0.73	0.0193887 0.000145081 0.158638	
0.74	0.0193816 0.000146202 0.158746	
0.75	0.0193745 0.000147323 0.158854	
0.76	0.0193674 0.000148445 0.158961	
0.77	0.0193604 0.000149568 0.159068	
0.78	0.0193533 0.000150692 0.159175	
0.79	0.0193463 0.000151817 0.159282	
0.8	0.0193393 0.000152943 0.159388	
0.81	0.0193324 0.000154069 0.159495	
0.82	0.0193254 0.000155195 0.159601	
0.83	0.0193185 0.000156322 0.159706	
0.84	0.0193116 0.000157449 0.159812	
0.85	0.0193047 0.000158577 0.159917	
0.86	0.0192979 0.000159705 0.160022	
0.87	0.0192911 0.000160833 0.160127	
0.88	0.0192843 0.000161961 0.160232	
0.89	0.0192775 0.000163089 0.160336	
0.9	0.0192707 0.000164218 0.160441	
0.91	0.019264 0.000165346 0.160545	
0.92	0.0192572 0.000166474 0.160648	
0.93	0.0192505 0.000167601 0.160752	
0.94	0.0192438 0.000168729 0.160855	
0.95	0.0192372 0.000169855 0.160958	
0.96	0.0192305 0.000170982 0.161061	
0.97	0.0192239 0.000172108 0.161164	
0.98	0.0192173 0.000173234 0.161266	
0.99	0.0192107 0.000174358 0.161369	
1	0.0192041 0.000175483 0.161471	
1.01	0.0191976 0.000176606 0.161572	
1.02	0.019191 0.000177729 0.161674	
1.03	0.0191845 0.00017885 0.161776	
1.04	0.019178 0.000179971 0.161877	
1.05	0.0191715 0.000181091 0.161978	
1.06	0.019165 0.00018221 0.162079	
1.07	0.0191586 0.000183328 0.162179	
1.08	0.0191521 0.000184445 0.16228	
1.09	0.0191457 0.00018556 0.16238	
1.1	0.0191393 0.000186675 0.16248	
1.11	0.0191329 0.000187788 0.16258	
1.12	0.0191265 0.000188899 0.162679	
1.13	0.0191202 0.00019001 0.162779	
1.14	0.0191138 0.000191119 0.162878	
1.15	0.0191075 0.000192226 0.162977	
1.16	0.0191012 0.000193332 0.163076	
1.17	0.0190949 0.000194437 0.163174	
1.18	0.0190886 0.000195539 0.163273	
1.19	0.0190823 0.000196641 0.163371	
1.2	0.0190761 0.00019774 0.163469	
1.21	0.0190698 0.000198838 0.163567	
1.22	0.0190636 0.000199934 0.163665	
1.23	0.0190574 0.000201028 0.163762	
1.24	0.0190512 0.000202121 0.163859	
1.25	0.019045 0.000203212 0.163957	
1.26	0.0190388 0.0002043 0.164053	
1.27	0.0190326 0.000205387 0.16415	
1.28	0.0190265 0.000206472 0.164247	
1.29	0.0190204 0.000207555 0.164343	
1.3	0.0190142 0.000208635 0.164439	
1.31	0.0190081 0.000209714 0.164535	
1.32	0.019002 0.000210791 0.164631	
1.33	0.0189959 0.000211865 0.164727	
1.34	0.0189899 0.000212938 0.164822	
1.35	0.0189838 0.000214008 0.164918	
1.36	0.0189777 0.000215076 0.165013	
1.37	0.0189717 0.000216142 0.165108	
1.38	0.0189657 0.000217205 0.165203	
1.39	0.0189597 0.000218266 0.165297	
1.4	0.0189537 0.000219325 0.165392	
1.41	0.0189477 0.000220382 0.165486	
1.42	0.0189417 0.000221436 0.16558	
1.43	0.0189357 0.000222488 0.165674	
1.44	0.0189298 0.000223537 0.165768	
1.45	0.0189238 0.000224584 0.165861	
1.46	0.0189179 0.000225628 0.165955	
1.47	0.0189119 0.000226671 0.166048	
1.48	0.018906 0.00022771 0.166141	
1.49	0.0189001 0.000228747 0.166234	
1.5	0.0188942 0.000229781 0.166327	
1.51	0.0188883 0.000230813 0.166419	
1.52	0.0188824 0.000231843 0.166512	
1.53	0.0188766 0.000232869 0.166604	
1.54	0.0188707 0.000233894 0.166696	
1.55	0.0188649 0.000234915 0.166788	
1.56	0.018859 0.000235934 0.16688	
1.57	0.0188532 0.00023695 0.166971	
1.58	0.0188474 0.000237964 0.167063	
1.59	0.0188416 0.000238975 0.167154	
1.6	0.0188358 0.000239983 0.167245	
1.61	0.01883 0.000240988 0.167336	
1.62	0.0188242 0.000241991 0.167427	
1.63	0.0188184 0.000242991 0.167518	
1.64	0.0188127 0.000243988 0.167608	
1.65	0.0188069 0.000244982 0.167699	
1.66	0.0188012 0.000245974 0.167789	
1.67	0.0187954 0.000246963 0.167879	
1.68	0.0187897 0.000247949 0.167969	
1.69	0.018784 0.000248932 0.168059	
1.7	0.0187783 0.000249913 0.168148	
1.71	0.0187726 0.00025089 0.168238	
1.72	0.0187669 0.000251865 0.168327	
1.73	0.0187612 0.000252837 0.168416	
1.74	0.0187555 0.000253806 0.168505	
1.75	0.0187499 0.000254772 0.168594	
1.76	0.0187442 0.000255735 0.168683	
1.77	0.0187385 0.000256695 0.168771	
1.78	0.0187329 0.000257653 0.16886	
1.79	0.0187273 0.000258607 0.168948	
1.8	0.0187216 0.000259559 0.169036	
1.81	0.018716 0.000260508 0.169124	
1.82	0.0187104 0.000261454 0.169212	
1.83	0.0187048 0.000262396 0.169299	
1.84	0.0186992 0.000263336 0.169387	
1.85	0.0186936 0.000264273 0.169474	
1.86	0.018688 0.000265207 0.169562	
1.87	0.0186824 0.000266138 0.169649	
1.88	0.0186769 0.000267066 0.169736	
1.89	0.0186713 0.000267991 0.169822	
1.9	0.0186657 0.000268913 0.169909	
1.91	0.0186602 0.000269833 0.169996	
1.92	0.0186547 0.000270749 0.170082	
1.93	0.0186491 0.000271662 0.170168	
1.94	0.0186436 0.000272572 0.170255	
1.95	0.0186381 0.000273479 0.170341	
1.96	0.0186326 0.000274383 0.170426	
1.97	0.0186271 0.000275285 0.170512	
1.98	0.0186216 0.000276183 0.170598	
1.99	0.0186161 0.000277078 0.170683	
2	0.0186106 0.00027797 0.170769	
2.01	0.0186051 0.000278859 0.170854	
2.02	0.0185996 0.000279745 0.170939	
2.03	0.0185942 0.000280629 0.171024	
2.04	0.0185887 0.000281509 0.171108	
2.05	0.0185832 0.000282386 0.171193	
2.06	0.0185778 0.00028326 0.171278	
2.07	0.0185724 0.000284131 0.171362	
2.08	0.0185669 0.000284999 0.171446	
2.09	0.0185615 0.000285864 0.17153	
2.1	0.0185561 0.000286726 0.171615	
2.11	0.0185506 0.000287585 0.171698	
2.12	0.0185452 0.000288441 0.171782	
2.13	0.0185398 0.000289293 0.171866	
2.14	0.0185344 0.000290143 0.171949	
2.15	0.018529 0.00029099 0.172033	
2.16	0.0185237 0.000291834 0.172116	
2.17	0.0185183 0.000292675 0.172199	
2.18	0.0185129 0.000293512 0.172282	
2.19	0.0185075 0.000294347 0.172365	
2.2	0.0185022 0.000295179 0.172448	
2.21	0.0184968 0.000296007 0.17253	
2.22	0.0184914 0.000296833 0.172613	
2.23	0.0184861 0.000297656 0.172695	
2.24	0.0184808 0.000298475 0.172777	
2.25	0.0184754 0.000299292 0.172859	
2.26	0.0184701 0.000300105 0.172941	
2.27	0.0184648 0.000300916 0.173023	
2.28	0.0184594 0.000301723 0.173105	
2.29	0.0184541 0.000302528 0.173187	
2.3	0.0184488 0.000303329 0.173268	
2.31	0.0184435 0.000304128 0.17335	
2.32	0.0184382 0.000304923 0.173431	
2.33	0.0184329 0.000305716 0.173512	
2.34	0.0184276 0.000306505 0.173593	
2.35	0.0184223 0.000307292 0.173674	
2.36	0.0184171 0.000308075 0.173755	
2.37	0.0184118 0.000308855 0.173836	
2.38	0.0184065 0.000309633 0.173916	
2.39	0.0184013 0.000310407 0.173997	
2.4	0.018396 0.000311179 0.174077	
2.41	0.0183907 0.000311947 0.174157	
2.42	0.0183855 0.000312713 0.174237	
2.43	0.0183803 0.000313475 0.174317	
2.44	0.018375 0.000314235 0.174397	
2.45	0.0183698 0.000314991 0.174477	
2.46	0.0183645 0.000315745 0.174557	
2.47	0.0183593 0.000316495 0.174636	
2.48	0.0183541 0.000317243 0.174716	
2.49	0.0183489 0.000317988 0.174795	
2.5	0.0183437 0.000318729 0.174874	
2.51	0.0183385 0.000319468 0.174953	
2.52	0.0183333 0.000320204 0.175032	
2.53	0.0183281 0.000320937 0.175111	
2.54	0.0183229 0.000321667 0.17519	
2.55	0.0183177 0.000322393 0.175269	
2.56	0.0183125 0.000323117 0.175347	
2.57	0.0183073 0.000323839 0.175426	
2.58	0.0183021 0.000324557 0.175504	
2.59	0.018297 0.000325272 0.175582	
2.6	0.0182918 0.000325984 0.17566	
2.61	0.0182866 0.000326694 0.175738	
2.62	0.0182815 0.0003274 0.175816	
2.63	0.0182763 0.000328104 0.175894	
2.64	0.0182712 0.000328804 0.175972	
2.65	0.018266 0.000329502 0.176049	
2.66	0.0182609 0.000330197 0.176127	
2.67	0.0182557 0.000330889 0.176204	
2.68	0.0182506 0.000331578 0.176281	
2.69	0.0182455 0.000332264 0.176358	
2.7	0.0182403 0.000332947 0.176436	
2.71	0.0182352 0.000333628 0.176512	
2.72	0.0182301 0.000334305 0.176589	
2.73	0.018225 0.00033498 0.176666	
2.74	0.0182199 0.000335652 0.176743	
2.75	0.0182148 0.000336321 0.176819	
2.76	0.0182097 0.000336987 0.176896	
2.77	0.0182046 0.00033765 0.176972	
2.78	0.0181995 0.00033831 0.177048	
2.79	0.0181944 0.000338968 0.177124	
2.8	0.0181893 0.000339623 0.1772	
2.81	0.0181842 0.000340275 0.177276	
2.82	0.0181791 0.000340924 0.177352	
2.83	0.0181741 0.00034157 0.177428	
2.84	0.018169 0.000342213 0.177503	
2.85	0.0181639 0.000342854 0.177579	
2.86	0.0181588 0.000343492 0.177654	
2.87	0.0181538 0.000344127 0.17773	
2.88	0.0181487 0.000344759 0.177805	
2.89	0.0181437 0.000345389 0.17788	
2.9	0.0181386 0.000346015 0.177955	
2.91	0.0181336 0.000346639 0.17803	
2.92	0.0181285 0.00034726 0.178105	
2.93	0.0181235 0.000347879 0.17818	
2.94	0.0181185 0.000348494 0.178254	
2.95	0.0181134 0.000349107 0.178329	
2.96	0.0181084 0.000349717 0.178403	
2.97	0.0181034 0.000350325 0.178478	
2.98	0.0180983 0.000350929 0.178552	
2.99	0.0180933 0.000351531 0.178626	
3	0.0180883 0.00035213 0.1787	
3.01	0.0180833 0.000352727 0.178774	
3.02	0.0180783 0.00035332 0.178848	
3.03	0.0180733 0.000353911 0.178922	
3.04	0.0180683 0.0003545 0.178995	
3.05	0.0180633 0.000355085 0.179069	
3.06	0.0180583 0.000355668 0.179142	
3.07	0.0180533 0.000356248 0.179216	
3.08	0.0180483 0.000356826 0.179289	
3.09	0.0180433 0.000357401 0.179362	
3.1	0.0180383 0.000357973 0.179435	
3.11	0.0180333 0.000358542 0.179508	
3.12	0.0180284 0.000359109 0.179581	
3.13	0.0180234 0.000359673 0.179654	
3.14	0.0180184 0.000360235 0.179727	
3.15	0.0180134 0.000360793 0.1798	
3.16	0.0180085 0.00036135 0.179872	
3.17	0.0180035 0.000361903 0.179945	
3.18	0.0179985 0.000362454 0.180017	
3.19	0.0179936 0.000363002 0.180089	
3.2	0.0179886 0.000363548 0.180162	
3.21	0.0179837 0.000364091 0.180234	
3.22	0.0179787 0.000364632 0.180306	
3.23	0.0179738 0.000365169 0.180378	
3.24	0.0179688 0.000365705 0.18045	
3.25	0.0179639 0.000366237 0.180521	
3.26	0.017959 0.000366768 0.180593	
3.27	0.017954 0.000367295 0.180665	
3.28	0.0179491 0.00036782 0.180736	
3.29	0.0179442 0.000368342 0.180808	
3.3	0.0179393 0.000368862 0.180879	
3.31	0.0179343 0.000369379 0.18095	
3.32	0.0179294 0.000369894 0.181021	
3.33	0.0179245 0.000370406 0.181092	
3.34	0.0179196 0.000370916 0.181163	
3.35	0.0179147 0.000371423 0.181234	
3.36	0.0179098 0.000371927 0.181305	
3.37	0.0179049 0.000372429 0.181376	
3.38	0.0179 0.000372929 0.181447	
3.39	0.0178951 0.000373426 0.181517	
3.4	0.0178902 0.00037392 0.181588	
3.41	0.0178853 0.000374412 0.181658	
3.42	0.0178804 0.000374902 0.181728	
3.43	0.0178755 0.000375389 0.181798	
3.44	0.0178706 0.000375873 0.181869	
3.45	0.0178657 0.000376355 0.181939	
3.46	0.0178608 0.000376835 0.182009	
3.47	0.0178559 0.000377312 0.182079	
3.48	0.0178511 0.000377787 0.182148	
3.49	0.0178462 0.000378259 0.182218	
3.5	0.0178413 0.000378729 0.182288	
3.51	0.0178364 0.000379196 0.182357	
3.52	0.0178316 0.000379661 0.182427	
3.53	0.0178267 0.000380123 0.182496	
3.54	0.0178219 0.000380583 0.182565	
3.55	0.017817 0.000381041 0.182635	
3.56	0.0178121 0.000381496 0.182704	
3.57	0.0178073 0.000381949 0.182773	
3.58	0.0178024 0.000382399 0.182842	
3.59	0.0177976 0.000382847 0.182911	
3.6	0.0177927 0.000383292 0.18298	
3.61	0.0177879 0.000383736 0.183048	
3.62	0.017783 0.000384176 0.183117	
3.63	0.0177782 0.000384615 0.183186	
3.64	0.0177734 0.000385051 0.183254	
3.65	0.0177685 0.000385485 0.183323	
3.66	0.0177637 0.000385916 0.183391	
3.67	0.0177589 0.000386345 0.183459	
3.68	0.017754 0.000386772 0.183528	
3.69	0.0177492 0.000387196 0.183596	
3.7	0.0177444 0.000387618 0.183664	
3.71	0.0177396 0.000388038 0.183732	
3.72	0.0177347 0.000388455 0.1838	
3.73	0.0177299 0.00038887 0.183867	
3.74	0.0177251 0.000389283 0.183935	
3.75	0.0177203 0.000389693 0.184003	
3.76	0.0177155 0.000390101 0.18407	
3.77	0.0177107 0.000390507 0.184138	
3.78	0.0177059 0.00039091 0.184205	
3.79	0.0177011 0.000391312 0.184273	
3.8	0.0176962 0.000391711 0.18434	
3.81	0.0176914 0.000392107 0.184407	
3.82	0.0176866 0.000392502 0.184474	
3.83	0.0176819 0.000392894 0.184541	
3.84	0.0176771 0.000393284 0.184608	
3.85	0.0176723 0.000393671 0.184675	
3.86	0.0176675 0.000394057 0.184742	
3.87	0.0176627 0.00039444 0.184809	
3.88	0.0176579 0.000394821 0.184875	
3.89	0.0176531 0.0003952 0.184942	
3.9	0.0176483 0.000395576 0.185009	
3.91	0.0176436 0.000395951 0.185075	
3.92	0.0176388 0.000396323 0.185141	
3.93	0.017634 0.000396693 0.185208	
3.94	0.0176292 0.00039706 0.185274	
3.95	0.0176245 0.000397426 0.18534	
3.96	0.0176197 0.000397789 0.185406	
3.97	0.0176149 0.00039815 0.185472	
3.98	0.0176101 0.000398509 0.185538	
3.99	0.0176054 0.000398866 0.185604	
4	0.0176054 0.000398866 0.185604	
4.01	0.0176054 0.000398866 0.185604	
4.02	0.0176054 0.000398866 0.185604	
4.03	0.0176054 0.000398866 0.185604	
4.04	0.0176054 0.000398866 0.185604	
4.05	0.0176054 0.000398866 0.185604	
4.06	0.0176054 0.000398866 0.185604	
4.07	0.0176054 0.000398866 0.185604	
4.08	0.0176054 0.000398866 0.185604	
4.09	0.0176054 0.000398866 0.185604	
4.1	0.0176054 0.000398866 0.185604	
4.11	0.0176054 0.000398866 0.185604	
4.12	0.0176054 0.000398866 0.185604	
4.13	0.0176054 0.000398866 0.185604	
4.14	0.0176054 0.000398866 0.185604	
4.15	0.0176054 0.000398866 0.185604	
4.16	0.0176054 0.000398866 0.185604	
4.17	0.0176054 0.000398866 0.185604	
4.18	0.0176054 0.000398866 0.185604	
4.19	0.0176054 0.000398866 0.185604	
4.2	0.0176054 0.000398866 0.185604	
4.21	0.0176054 0.000398866 0.185604	
4.22	0.0176054 0.000398866 0.185604	
4.23	0.0176054 0.000398866 0.185604	
4.24	0.0176054 0.000398866 0.185604	
4.25	0.0176054 0.000398866 0.185604	
4.26	0.0176054 0.000398866 0.185604	
4.27	0.0176054 0.000398866 0.185604	
4.28	0.0176054 0.000398866 0.185604	
4.29	0.0176054 0.000398866 0.185604	
4.3	0.0176054 0.000398866 0.185604	
4.31	0.0176054 0.000398866 0.185604	
4.32	0.0176054 0.000398866 0.185604	
4.33	0.0176054 0.000398866 0.185604	
4.34	0.0176054 0.000398866 0.185604	
4.35	0.0176054 0.000398866 0.185604	
4.36	0.0176054 0.000398866 0.185604	
4.37	0.0176054 0.000398866 0.185604	
4.38	0.0176054 0.000398866 0.185604	
4.39	0.0176054 0.000398866 0.185604	
4.4	0.0176054 0.000398866 0.185604	
4.41	0.0176054 0.000398866 0.185604	
4.42	0.0176054 0.000398866 0.185604	
4.43	0.0176054 0.000398866 0.185604	
4.44	0.0176054 0.000398866 0.185604	
4.45	0.0176054 0.000398866 0.185604	
4.46	0.0176054 0.000398866 0.185604	
4.47	0.0176054 0.000398866 0.185604	
4.48	0.0176054 0.000398866 0.185604	
4.49	0.0176054 0.000398866 0.185604	
4.5	0.0176054 0.000398866 0.185604	
4.51	0.0176054 0.000398866 0.185604	
4.52	0.0176054 0.000398866 0.185604	
4.53	0.0176054 0.000398866 0.185604	
4.54	0.0176054 0.000398866 0.185604	
4.55	0.0176054 0.000398866 0.185604	
4.56	0.0176054 0.000398866 0.185604	
4.57	0.0176054 0.000398866 0.185604	
4.58	0.0176054 0.000398866 0.185604	
4.59	0.0176054 0.000398866 0.185604	
4.6	0.0176054 0.000398866 0.185604	
4.61	0.0176054 0.000398866 0.185604	
4.62	0.0176054 0.000398866 0.185604	
4.63	0.0176054 0.000398866 0.185604	
4.64	0.0176054 0.000398866 0.185604	
4.65	0.0176054 0.000398866 0.185604	
4.66	0.0176054 0.000398866 0.185604	
4.67	0.0176054 0.000398866 0.185604	
4.68	0.0176054 0.000398866 0.185604	
4.69	0.0176054 0.000398866 0.185604	
4.7	0.0176054 0.000398866 0.185604	
4.71	0.0176054 0.000398866 0.185604	
4.72	0.0176054 0.000398866 0.185604	
4.73	0.0176054 0.000398866 0.185604	
4.74	0.0176054 0.000398866 0.185604	
4.75	0.0176054 0.000398866 0.185604	
4.76	0.0176054 0.000398866 0.185604	
4.77	0.0176054 0.000398866 0.185604	
4.78	0.0176054 0.000398866 0.185604	
4.79	0.0176054 0.000398866 0.185604	
4.8	0.0176054 0.000398866 0.185604	
4.81	0.0176054 0.000398866 0.185604	
4.82	0.0176054 0.000398866 0.185604	
4.83	0.0176054 0.000398866 0.185604	
4.84	0.0176054 0.000398866 0.185604	
4.85	0.0176054 0.000398866 0.185604	
4.86	0.0176054 0.000398866 0.185604	
4.87	0.0176054 0.000398866 0.185604	
4.88	0.0176054 0.000398866 0.185604	
4.89	0.0176054 0.000398866 0.185604	
4.9	0.0176054 0.000398866 0.185604	
4.91	0.0176054 0.000398866 0.185604	
4.92	0.0176054 0.000398866 0.185604	
4.93	0.0176054 0.000398866 0.185604	
4.94	0.0176054 0.000398866 0.185604	
4.95	0.0176054 0.000398866 0.185604	
4.96	0.0176054 0.000398866 0.185604	
4.97	0.0176054 0.000398866 0.185604	
4.98	0.0176054 0.000398866 0.185604	
4.99	0.0176054 0.000398866 0.185604	
5	0.0176054 0.000398866 0.185604	
5.01	0.0176054 0.000398866 0.185604	
5.02	0.0176054 0.000398866 0.185604	
5.03	0.0176054 0.000398866 0.185604	
5.04	0.0176054 0.000398866 0.185604	
5.05	0.0176054 0.000398866 0.185604	
5.06	0.0176054 0.000398866 0.185604	
5.07	0.0176054 0.000398866 0.185604	
5.08	0.0176054 0.000398866 0.185604	
5.09	0.0176054 0.000398866 0.185604	
5.1	0.0176054 0.000398866 0.185604	
5.11	0.0176054 0.000398866 0.185604	
5.12	0.0176054 0.000398866 0.185604	
5.13	0.0176054 0.000398866 0.185604	
5.14	0.0176054 0.000398866 0.185604	
5.15	0.0176054 0.000398866 0.185604	
5.16	0.0176054 0.000398866 0.185604	
5.17	0.0176054 0.000398866 0.185604	
5.18	0.0176054 0.000398866 0.185604	
5.19	0.0176054 0.000398866 0.185604	
5.2	0.0176054 0.000398866 0.185604	
5.21	0.0176054 0.000398866 0.185604	
5.22	0.0176054 0.000398866 0.185604	
5.23	0.0176054 0.000398866 0.185604	
5.24	0.0176054 0.000398866 0.185604	
5.25	0.0176054 0.000398866 0.185604	
5.26	0.0176054 0.000398866 0.185604	
5.27	0.0176054 0.000398866 0.185604	
5.28	0.0176054 0.000398866 0.185604	
5.29	0.0176054 0.000398866 0.185604	
5.3	0.0176054 0.000398866 0.185604	
5.31	0.0176054 0.000398866 0.185604	
5.32	0.0176054 0.000398866 0.185604	
5.33	0.0176054 0.000398866 0.185604	
5.34	0.0176054 0.000398866 0.185604	
5.35	0.0176054 0.000398866 0.185604	
5.36	0.0176054 0.000398866 0.185604	
5.37	0.0176054 0.000398866 0.185604	
5.38	0.0176054 0.000398866 0.185604	
5.39	0.0176054 0.000398866 0.185604	
5.4	0.0176054 0.000398866 0.185604	
5.41	0.0176054 0.000398866 0.185604	
5.42	0.0176054 0.000398866 0.185604	
5.43	0.0176054 0.000398866 0.185604	
5.44	0.0176054 0.000398866 0.185604	
5.45	0.0176054 0.000398866 0.185604	
5.46	0.0176054 0.000398866 0.185604	
5.47	0.0176054 0.000398866 0.185604	
5.48	0.0176054 0.000398866 0.185604	
5.49	0.0176054 0.000398866 0.185604	
5.5	0.0176054 0.000398866 0.185604	
5.51	0.0176054 0.000398866 0.185604	
5.52	0.0176054 0.000398866 0.185604	
5.53	0.0176054 0.000398866 0.185604	
5.54	0.0176054 0.000398866 0.185604	
5.55	0.0176054 0.000398866 0.185604	
5.56	0.0176054 0.000398866 0.185604	
5.57	0.0176054 0.000398866 0.185604	
5.58	0.0176054 0.000398866 0.185604	
5.59	0.0176054 0.000398866 0.185604	
5.6	0.0176054 0.000398866 0.185604	
5.61	0.0176054 0.000398866 0.185604	
5.62	0.0176054 0.000398866 0.185604	
5.63	0.0176054 0.000398866 0.185604	
5.64	0.0176054 0.000398866 0.185604	
5.65	0.0176054 0.000398866 0.185604	
5.66	0.0176054 0.000398866 0.185604	
5.67	0.0176054 0.000398866 0.185604	
5.68	0.0176054 0.000398866 0.185604	
5.69	0.0176054 0.000398866 0.185604	
5.7	0.0176054 0.000398866 0.185604	
5.71	0.0176054 0.000398866 0.185604	
5.72	0.0176054 0.000398866 0.185604	
5.73	0.0176054 0.000398866 0.185604	
5.74	0.0176054 0.000398866 0.185604	
5.75	0.0176054 0.000398866 0.185604	
5.76	0.0176054 0.000398866 0.185604	
5.77	0.0176054 0.000398866 0.185604	
5.78	0.0176054 0.000398866 0.185604	
5.79	0.0176054 0.000398866 0.185604	
5.8	0.0176054 0.000398866 0.185604	
5.81	0.0176054 0.000398866 0.185604	
5.82	0.0176054 0.000398866 0.185604	
5.83	0.0176054 0.000398866 0.185604	
5.84	0.0176054 0.000398866 0.185604	
5.85	0.0176054 0.000398866 0.185604	
5.86	0.0176054 0.000398866 0.185604	
5.87	0.0176054 0.000398866 0.185604	
5.88	0.0176054 0.000398866 0.185604	
5.89	0.0176054 0.000398866 0.185604	
5.9	0.0176054 0.000398866 0.185604	
5.91	0.0176054 0.000398866 0.185604	
5.92	0.0176054 0.000398866 0.185604	
5.93	0.0176054 0.000398866 0.185604	
5.94	0.0176054 0.000398866 0.185604	
5.95	0.0176054 0.000398866 0.185604	
5.96	0.0176054 0.000398866 0.185604	
5.97	0.0176054 0.000398866 0.185604	
5.98	0.0176054 0.000398866 0.185604	
5.99	0.0176054 0.000398866 0.185604	
6	0.0176054 0.000398866 0.185604	
6.01	0.0176054 0.000398866 0.185604	
6.02	0.0176054 0.000398866 0.185604	
6.03	0.0176054 0.000398866 0.185604	
6.04	0.0176054 0.000398866 0.185604	
6.05	0.0176054 0.000398866 0.185604	
6.06	0.0176054 0.000398866 0.185604	
6.07	0.0176054 0.000398866 0.185604	
6.08	0.0176054 0.000398866 0.185604	
6.09	0.0176054 0.000398866 0.185604	
6.1	0.0176054 0.000398866 0.185604	
6.11	0.0176054 0.000398866 0.185604	
6.12	0.0176054 0.000398866 0.185604	
6.13	0.0176054 0.000398866 0.185604	
6.14	0.0176054 0.000398866 0.185604	
6.15	0.0176054 0.000398866 0.185604	
6.16	0.0176054 0.000398866 0.185604	
6.17	0.0176054 0.000398866 0.185604	
6.18	0.0176054 0.000398866 0.185604	
6.19	0.0176054 0.000398866 0.185604	
6.2	0.0176054 0.000398866 0.185604	
6.21	0.0176054 0.000398866 0.185604	
6.22	0.0176054 0.000398866 0.185604	
6.23	0.0176054 0.000398866 0.185604	
6.24	0.0176054 0.000398866 0.185604	
6.25	0.0176054 0.000398866 0.185604	
6.26	0.0176054 0.000398866 0.185604	
6.27	0.0176054 0.000398866 0.185604	
6.28	0.0176054 0.000398866 0.185604	
6.29	0.0176054 0.000398866 0.185604	
6.3	0.0176054 0.000398866 0.185604	
6.31	0.0176054 0.000398866 0.185604	
6.32	0.0176054 0.000398866 0.185604	
6.33	0.0176054 0.000398866 0.185604	
6.34	0.0176054 0.000398866 0.185604	
6.35	0.0176054 0.000398866 0.185604	
6.36	0.0176054 0.000398866 0.185604	
6.37	0.0176054 0.000398866 0.185604	
6.38	0.0176054 0.000398866 0.185604	
6.39	0.0176054 0.000398866 0.185604	
6.4	0.0176054 0.000398866 0.185604	
6.41	0.0176054 0.000398866 0.185604	
6.42	0.0176054 0.000398866 0.185604	
6.43	0.0176054 0.000398866 0.185604	
6.44	0.0176054 0.000398866 0.185604	
6.45	0.0176054 0.000398866 0.185604	
6.46	0.0176054 0.000398866 0.185604	
6.47	0.0176054 0.000398866 0.185604	
6.48	0.0176054 0.000398866 0.185604	
6.49	0.0176054 0.000398866 0.185604	
6.5	0.0176054 0.000398866 0.185604	
6.51	0.0176054 0.000398866 0.185604	
6.52	0.0176054 0.000398866 0.185604	
6.53	0.0176054 0.000398866 0.185604	
6.54	0.0176054 0.000398866 0.185604	
6.55	0.0176054 0.000398866 0.185604	
6.56	0.0176054 0.000398866 0.185604	
6.57	0.0176054 0.000398866 0.185604	
6.58	0.0176054 0.000398866 0.185604	
6.59	0.0176054 0.000398866 0.185604	
6.6	0.0176054 0.000398866 0.185604	
6.61	0.0176054 0.000398866 0.185604	
6.62	0.0176054 0.000398866 0.185604	
6.63	0.0176054 0.000398866 0.185604	
6.64	0.0176054 0.000398866 0.185604	
6.65	0.0176054 0.000398866 0.185604	
6.66	0.0176054 0.000398866 0.185604	
6.67	0.0176054 0.000398866 0.185604	
6.68	0.0176054 0.000398866 0.185604	
6.69	0.0176054 0.000398866 0.185604	
6.7	0.0176054 0.000398866 0.185604	
6.71	0.0176054 0.000398866 0.185604	
6.72	0.0176054 0.000398866 0.185604	
6.73	0.0176054 0.000398866 0.185604	
6.74	0.0176054 0.000398866 0.185604	
6.75	0.0176054 0.000398866 0.185604	
6.76	0.0176054 0.000398866 0.185604	
6.77	0.0176054 0.000398866 0.185604	
6.78	0.0176054 0.000398866 0.185604	
6.79	0.0176054 0.000398866 0.185604	
6.8	0.0176054 0.000398866 0.185604	
6.81	0.0176054 0.000398866 0.185604	
6.82	0.0176054 0.000398866 0.185604	
6.83	0.0176054 0.000398866 0.185604	
6.84	0.0176054 0.000398866 0.185604	
6.85	0.0176054 0.000398866 0.185604	
6.86	0.0176054 0.000398866 0.185604	
6.87	0.0176054 0.000398866 0.185604	
6.88	0.0176054 0.000398866 0.185604	
6.89	0.0176054 0.000398866 0.185604	
6.9	0.0176054 0.000398866 0.185604	
6.91	0.0176054 0.000398866 0.185604	
6.92	0.0176054 0.000398866 0.185604	
6.93	0.0176054 0.000398866 0.185604	
6.94	0.0176054 0.000398866 0.185604	
6.95	0.0176054 0.000398866 0.185604	
6.96	0.0176054 0.000398866 0.185604	
6.97	0.0176054 0.000398866 0.185604	
6.98	0.0176054 0.000398866 0.185604	
6.99	0.0176054 0.000398866 0.185604	
7	0.0176054 0.000398866 0.185604	
7.01	0.0176054 0.000398866 0.185604	
7.02	0.0176054 0.000398866 0.185604	
7.03	0.0176054 0.000398866 0.185604	
7.04	0.0176054 0.000398866 0.185604	
7.05	0.0176054 0.000398866 0.185604	
7.06	0.0176054 0.000398866 0.185604	
7.07	0.0176054 0.000398866 0.185604	
7.08	0.0176054 0.000398866 0.185604	
7.09	0.0176054 0.000398866 0.185604	
7.1	0.0176054 0.000398866 0.185604	
7.11	0.0176054 0.000398866 0.185604	
7.12	0.0176054 0.000398866 0.185604	
7.13	0.0176054 0.000398866 0.185604	
7.14	0.0176054 0.000398866 0.185604	
7.15	0.0176054 0.000398866 0.185604	
7.16	0.0176054 0.000398866 0.185604	
7.17	0.0176054 0.000398866 0.185604	
7.18	0.0176054 0.000398866 0.185604	
7.19	0.0176054 0.000398866 0.185604	
7.2	0.0176054 0.000398866 0.185604	
7.21	0.0176054 0.000398866 0.185604	
7.22	0.0176054 0.000398866 0.185604	
7.23	0.0176054 0.000398866 0.185604	
7.24	0.0176054 0.000398866 0.185604	
7.25	0.0176054 0.000398866 0.185604	
7.26	0.0176054 0.000398866 0.185604	
7.27	0.0176054 0.000398866 0.185604	
7.28	0.0176054 0.000398866 0.185604	
7.29	0.0176054 0.000398866 0.185604	
7.3	0.0176054 0.000398866 0.185604	
7.31	0.0176054 0.000398866 0.185604	
7.32	0.0176054 0.000398866 0.185604	
7.33	0.0176054 0.000398866 0.185604	
7.34	0.0176054 0.000398866 0.185604	
7.35	0.0176054 0.000398866 0.185604	
7.36	0.0176054 0.000398866 0.185604	
7.37	0.0176054 0.000398866 0.185604	
7.38	0.0176054 0.000398866 0.185604	
7.39	0.0176054 0.000398866 0.185604	
7.4	0.0176054 0.000398866 0.185604	
7.41	0.0176054 0.000398866 0.185604	
7.42	0.0176054 0.000398866 0.185604	
7.43	0.0176054 0.000398866 0.185604	
7.44	0.0176054 0.000398866 0.185604	
7.45	0.0176054 0.000398866 0.185604	
7.46	0.0176054 0.000398866 0.185604	
7.47	0.0176054 0.000398866 0.185604	
7.48	0.0176054 0.000398866 0.185604	
7.49	0.0176054 0.000398866 0.185604	
7.5	0.0176054 0.000398866 0.185604	
7.51	0.0176054 0.000398866 0.185604	
7.52	0.0176054 0.000398866 0.185604	
7.53	0.0176054 0.000398866 0.185604	
7.54	0.0176054 0.000398866 0.185604	
7.55	0.0176054 0.000398866 0.185604	
7.56	0.0176054 0.000398866 0.185604	
7.57	0.0176054 0.000398866 0.185604	
7.58	0.0176054 0.000398866 0.185604	
7.59	0.0176054 0.000398866 0.185604	
7.6	0.0176054 0.000398866 0.185604	
7.61	0.0176054 0.000398866 0.185604	
7.62	0.0176054 0.000398866 0.185604	
7.63	0.0176054 0.000398866 0.185604	
7.64	0.0176054 0.000398866 0.185604	
7.65	0.0176054 0.000398866 0.185604	
7.66	0.0176054 0.000398866 0.185604	
7.67	0.0176054 0.000398866 0.185604	
7.68	0.0176054 0.000398866 0.185604	
7.69	0.0176054 0.000398866 0.185604	
7.7	0.0176054 0.000398866 0.185604	
7.71	0.0176054 0.000398866 0.185604	
7.72	0.0176054 0.000398866 0.185604	
7.73	0.0176054 0.000398866 0.185604	
7.74	0.0176054 0.000398866 0.185604	
7.75	0.0176054 0.000398866 0.185604	
7.76	0.0176054 0.000398866 0.185604	
7.77	0.0176054 0.000398866 0.185604	
7.78	0.0176054 0.000398866 0.185604	
7.79	0.0176054 0.000398866 0.185604	
7.8	0.0176054 0.000398866 0.185604	
7.81	0.0176054 0.000398866 0.185604	
7.82	0.0176054 0.000398866 0.185604	
7.83	0.0176054 0.000398866 0.185604	
7.84	0.0176054 0.000398866 0.185604	
7.85	0.0176054 0.000398866 0.185604	
7.86	0.0176054 0.000398866 0.185604	
7.87	0.0176054 0.000398866 0.185604	
7.88	0.0176054 0.000398866 0.185604	
7.89	0.0176054 0.000398866 0.185604	
7.9	0.0176054 0.000398866 0.185604	
7.91	0.0176054 0.000398866 0.185604	
7.92	0.0176054 0.000398866 0.185604	
7.93	0.0176054 0.000398866 0.185604	
7.94	0.0176054 0.000398866 0.185604	
7.95	0.0176054 0.000398866 0.185604	
7.96	0.0176054 0.000398866 0.185604	
7.97	0.0176054 0.000398866 0.185604	
7.98	0.0176054 0.000398866 0.185604	
7.99	0.0176054 0.000398866 0.185604	
8	0.0176054 0.000398866 0.185604	
8.01	0.0176054 0.000398866 0.185604	
8.02	0.0176054 0.000398866 0.185604	
8.03	0.0176054 0.000398866 0.185604	
8.04	0.0176054 0.000398866 0.185604	
8.05	0.0176054 0.000398866 0.185604	
8.06	0.0176054 0.000398866 0.185604	
8.07	0.0176054 0.000398866 0.185604	
8.08	0.0176054 0.000398866 0.185604	
8.09	0.0176054 0.000398866 0.185604	
8.1	0.0176054 0.000398866 0.185604	
8.11	0.0176054 0.000398866 0.185604	
8.12	0.0176054 0.000398866 0.185604	
8.13	0.0176054 0.000398866 0.185604	
8.14	0.0176054 0.000398866 0.185604	
8.15	0.0176054 0.000398866 0.185604	
8.16	0.0176054 0.000398866 0.185604	
8.17	0.0176054 0.000398866 0.185604	
8.18	0.0176054 0.000398866 0.185604	
8.19	0.0176054 0.000398866 0.185604	
8.2	0.0176054 0.000398866 0.185604	
8.21	0.0176054 0.000398866 0.185604	
8.22	0.0176054 0.000398866 0.185604	
8.23	0.0176054 0.000398866 0.185604	
8.24	0.0176054 0.000398866 0.185604	
8.25	0.0176054 0.000398866 0.185604	
8.26	0.0176054 0.000398866 0.185604	
8.27	0.0176054 0.000398866 0.185604	
8.28	0.0176054 0.000398866 0.185604	
8.29	0.0176054 0.000398866 0.185604	
8.3	0.0176054 0.000398866 0.185604	
8.31	0.0176054 0.000398866 0.185604	
8.32	0.0176054 0.000398866 0.185604	
8.33	0.0176054 0.000398866 0.185604	
8.34	0.0176054 0.000398866 0.185604	
8.35	0.0176054 0.000398866 0.185604	
8.36	0.0176054 0.000398866 0.185604	
8.37	0.0176054 0.000398866 0.185604	
8.38	0.0176054 0.000398866 0.185604	
8.39	0.0176054 0.000398866 0.185604	
8.4	0.0176054 0.000398866 0.185604	
8.41	0.0176054 0.000398866 0.185604	
8.42	0.0176054 0.000398866 0.185604	
8.43	0.0176054 0.000398866 0.185604	
8.44	0.0176054 0.000398866 0.185604	
8.45	0.0176054 0.000398866 0.185604	
8.46	0.0176054 0.000398866 0.185604	
8.47	0.0176054 0.000398866 0.185604	
8.48	0.0176054 0.000398866 0.185604	
8.49	0.0176054 0.000398866 0.185604	
8.5	0.0176054 0.000398866 0.185604	
8.51	0.0176054 0.000398866 0.185604	
8.52	0.0176054 0.000398866 0.185604	
8.53	0.0176054 0.000398866 0.185604	
8.54	0.0176054 0.000398866 0.185604	
8.55	0.0176054 0.000398866 0.185604	
8.56	0.0176054 0.000398866 0.185604	
8.57	0.0176054 0.000398866 0.185604	
8.58	0.0176054 0.000398866 0.185604	
8.59	0.0176054 0.000398866 0.185604	
8.6	0.0176054 0.000398866 0.185604	
8.61	0.0176054 0.000398866 0.185604	
8.62	0.0176054 0.000398866 0.185604	
8.63	0.0176054 0.000398866 0.185604	
8.64	0.0176054 0.000398866 0.185604	
8.65	0.0176054 0.000398866 0.185604	
8.66	0.0176054 0.000398866 0.185604	
8.67	0.0176054 0.000398866 0.185604	
8.68	0.0176054 0.000398866 0.185604	
8.69	0.0176054 0.000398866 0.185604	
8.7	0.0176054 0.000398866 0.185604	
8.71	0.0176054 0.000398866 0.185604	
8.72	0.0176054 0.000398866 0.185604	
8.73	0.0176054 0.000398866 0.185604	
8.74	0.0176054 0.000398866 0.185604	
8.75	0.0176054 0.000398866 0.185604	
8.76	0.0176054 0.000398866 0.185604	
8.77	0.0176054 0.000398866 0.185604	
8.78	0.0176054 0.000398866 0.185604	
8.79	0.0176054 0.000398866 0.185604	
8.8	0.0176054 0.000398866 0.185604	
8.81	0.0176054 0.000398866 0.185604	
8.82	0.0176054 0.000398866 0.185604	
8.83	0.0176054 0.000398866 0.185604	
8.84	0.0176054 0.000398866 0.185604	
8.85	0.0176054 0.000398866 0.185604	
8.86	0.0176054 0.000398866 0.185604	
8.87	0.0176054 0.000398866 0.185604	
8.88	0.0176054 0.000398866 0.185604	
8.89	0.0176054 0.000398866 0.185604	
8.9	0.0176054 0.000398866 0.185604	
8.91	0.0176054 0.000398866 0.185604	
8.92	0.0176054 0.000398866 0.185604	
8.93	0.0176054 0.000398866 0.185604	
8.94	0.0176054 0.000398866 0.185604	
8.95	0.0176054 0.000398866 0.185604	
8.96	0.0176054 0.000398866 0.185604	
8.97	0.0176054 0.000398866 0.185604	
8.98	0.0176054 0.000398866 0.185604	
8.99	0.0176054 0.000398866 0.185604	
9	0.0176054 0.000398866 0.185604	
9.01	0.0176054 0.000398866 0.185604	
9.02	0.0176054 0.000398866 0.185604	
9.03	0.0176054 0.000398866 0.185604	
9.04	0.0176054 0.000398866 0.185604	
9.05	0.0176054 0.000398866 0.185604	
9.06	0.0176054 0.000398866 0.185604	
9.07	0.0176054 0.000398866 0.185604	
9.08	0.0176054 0.000398866 0.185604	
9.09	0.0176054 0.000398866 0.185604	
9.1	0.0176054 0.000398866 0.185604	
9.11	0.0176054 0.000398866 0.185604	
9.12	0.0176054 0.000398866 0.185604	
9.13	0.0176054 0.000398866 0.185604	
9.14	0.0176054 0.000398866 0.185604	
9.15	0.0176054 0.000398866 0.185604	
9.16	0.0176054 0.000398866 0.185604	
9.17	0.0176054 0.000398866 0.185604	
9.18	0.0176054 0.000398866 0.185604	
9.19	0.0176054 0.000398866 0.185604	
9.2	0.0176054 0.000398866 0.185604	
9.21	0.0176054 0.000398866 0.185604	
9.22	0.0176054 0.000398866 0.185604	
9.23	0.0176054 0.000398866 0.185604	
9.24	0.0176054 0.000398866 0.185604	
9.25	0.0176054 0.000398866 0.185604	
9.26	0.0176054 0.000398866 0.185604	
9.27	0.0176054 0.000398866 0.185604	
9.28	0.0176054 0.000398866 0.185604	
9.29	0.0176054 0.000398866 0.185604	
9.3	0.0176054 0.000398866 0.185604	
9.31	0.0176054 0.000398866 0.185604	
9.32	0.0176054 0.000398866 0.185604	
9.33	0.0176054 0.000398866 0.185604	
9.34	0.0176054 0.000398866 0.185604	
9.35	0.0176054 0.000398866 0.185604	
9.36	0.0176054 0.000398866 0.185604	
9.37	0.0176054 0.000398866 0.185604	
9.38	0.0176054 0.000398866 0.185604	
9.39	0.0176054 0.000398866 0.185604	
9.4	0.0176054 0.000398866 0.185604	
9.41	0.0176054 0.000398866 0.185604	
9.42	0.0176054 0.000398866 0.185604	
9.43	0.0176054 0.000398866 0.185604	
9.44	0.0176054 0.000398866 0.185604	
9.45	0.0176054 0.000398866 0.185604	
9.46	0.0176054 0.000398866 0.185604	
9.47	0.0176054 0.000398866 0.185604	
9.48	0.0176054 0.000398866 0.185604	
9.49	0.0176054 0.000398866 0.185604	
9.5	0.0176054 0.000398866 0.185604	
9.51	0.0176054 0.000398866 0.185604	
9.52	0.0176054 0.000398866 0.185604	
9.53	0.0176054 0.000398866 0.185604	
9.54	0.0176054 0.000398866 0.185604	
9.55	0.0176054 0.000398866 0.185604	
9.56	0.0176054 0.000398866 0.185604	
9.57	0.0176054 0.000398866 0.185604	
9.58	0.0176054 0.000398866 0.185604	
9.59	0.0176054 0.000398866 0.185604	
9.6	0.0176054 0.000398866 0.185604	
9.61	0.0176054 0.000398866 0.185604	
9.62	0.0176054 0.000398866 0.185604	
9.63	0.0176054 0.000398866 0.185604	
9.64	0.0176054 0.000398866 0.185604	
9.65	0.0176054 0.000398866 0.185604	
9.66	0.0176054 0.000398866 0.185604	
9.67	0.0176054 0.000398866 0.185604	
9.68	0.0176054 0.000398866 0.185604	
9.69	0.0176054 0.000398866 0.185604	
9.7	0.0176054 0.000398866 0.185604	
9.71	0.0176054 0.000398866 0.185604	
9.72	0.0176054 0.000398866 0.185604	
9.73	0.0176054 0.000398866 0.185604	
9.74	0.0176054 0.000398866 0.185604	
9.75	0.0176054 0.000398866 0.185604	
9.76	0.0176054 0.000398866 0.185604	
9.77	0.0176054 0.000398866 0.185604	
9.78	0.0176054 0.000398866 0.185604	
9.79	0.0176054 0.000398866 0.185604	
9.8	0.0176054 0.000398866 0.185604	
9.81	0.0176054 0.000398866 0.185604	
9.82	0.0176054 0.000398866 0.185604	
9.83	0.0176054 0.000398866 0.185604	
9.84	0.0176054 0.000398866 0.185604	
9.85	0.0176054 0.000398866 0.185604	
9.86	0.0176054 0.000398866 0.185604	
9.87	0.0176054 0.000398866 0.185604	
9.88	0.0176054 0.000398866 0.185604	
9.89	0.0176054 0.000398866 0.185604	
9.9	0.0176054 0.000398866 0.185604	
9.91	0.0176054 0.000398866 0.185604	
9.92	0.0176054 0.000398866 0.185604	
9.93	0.0176054 0.000398866 0.185604	
9.94	0.0176054 0.000398866 0.185604	
9.95	0.0176054 0.000398866 0.185604	
9.96	0.0176054 0.000398866 0.185604	
9.97	0.0176054 0.000398866 0.185604	
9.98	0.0176054 0.000398866 0.185604	
9.99	0.0176054 0.000398866 0.185604	
10	0.0176054 0.000398866 0.185604	
