0	0.02 0 0.15	
0.01	0.0199843 1.13504e-05 0.150143	
0.02	0.0199665 1.96975e-05 0.150286	
0.03	0.0199474 2.60176e-05 0.15043	
0.04	0.0199274 3.09238e-05 0.150573	
0.05	0.0199069 3.48189e-05 0.150716	
0.06	0.0198861 3.79772e-05 0.150858	
0.07	0.0198651 4.05913e-05 0.151001	
0.08	0.0198441 4.27991e-05 0.151143	
0.09	0.019823 4.47019e-05 0.151284	
0.1	0.019802 4.63752e-05 0.151425	
0.11	0.0197811 4.78757e-05 0.151566	
0.12	0.0197602 4.9247e-05 0.151706	
0.13	0.0197395 5.05244e-05 0.151846	
0.14	0.019719 5.173e-05 0.151985	
0.15	0.0196986 5.28862e-05 0.152124	
0.16	0.0196784 5.40092e-05 0.152263	
0.17	0.0196583 5.51114e-05 0.152401	
0.18	0.0196384 5.62029e-05 0.152539	
0.19	0.0196187 5.72915e-05 0.152676	
0.2	0.0195991 5.83833e-05 0.152813	
0.21	0.0195797 5.94832e-05 0.15295	
0.22	0.0195604 6.05951e-05 0.153086	
0.23	0.0195413 6.17219e-05 0.153221	
0.24	0.0195224 6.28657e-05 0.153356	
0.25	0.0195036 6.40283e-05 0.153491	
0.26	0.019485 6.5211e-05 0.153626	
0.27	0.0194665 6.64146e-05 0.15376	
0.28	0.0194482 6.76396e-05 0.153893	
0.29	0.01943 6.88863e-05 0.154027	
0.3	0.0194119 7.01549e-05 0.154159	
0.31	0.019394 7.14453e-05 0.154292	
0.32	0.0193762 7.27574e-05 0.154424	
0.33	0.0193585 7.40907e-05 0.154556	
0.34	0.019341 7.5445e-05 0.154687	
0.35	0.0193236 7.68199e-05 0.154818	
0.36	0.0193063 7.82147e-05 0.154948	
0.37	0.0192891 7.9629e-05 0.155078	
0.38	0.019272 8.10623e-05 0.155208	
0.39	0.019255 8.25138e-05 0.155338	
0.4	0.0192382 8.39831e-05 0.155467	
0.41	0.0192214 8.54695e-05 0.155595	
0.42	0.0192048 8.69723e-05 0.155724	
0.43	0.0191882 8.84911e-05 0.155852	
0.44	0.0191718 9.0025e-05 0.155979	
0.45	0.0191554 9.15736e-05 0.156107	
0.46	0.0191392 9.31362e-05 0.156234	
0.47	0.019123 9.47123e-05 0.15636	
0.48	0.0191069 9.63012e-05 0.156486	
0.49	0.0190909 9.79023e-05 0.156612	
0.5	0.019075 9.95152e-05 0.156738	
0.51	0.0190592 0.000101139 0.156863	
0.52	0.0190434 0.000102774 0.156988	
0.53	0.0190278 0.000104418 0.157113	
0.54	0.0190122 0.000106073 0.157237	
0.55	0.0189967 0.000107736 0.157361	
0.56	0.0189812 0.000109408 0.157485	
0.57	0.0189659 0.000111088 0.157608	
0.58	0.0189506 0.000112776 0.157731	
0.59	0.0189353 0.00011447 0.157853	
0.6	0.0189202 0.000116172 0.157976	
0.61	0.0189051 0.00011788 0.158098	
0.62	0.0188901 0.000119594 0.15822	
0.63	0.0188751 0.000121314 0.158341	
0.64	0.0188602 0.000123039 0.158462	
0.65	0.0188454 0.000124768 0.158583	
0.66	0.0188306 0.000126502 0.158703	
0.67	0.0188159 0.00012824 0.158824	
0.68	0.0188012 0.000129982 0.158944	
0.69	0.0187866 0.000131728 0.159063	
0.7	0.0187721 0.000133476 0.159183	
0.71	0.0187576 0.000135228 0.159302	
0.72	0.0187431 0.000136982 0.15942	
0.73	0.0187288 0.000138738 0.159539	
0.74	0.0187144 0.000140497 0.159657	
0.75	0.0187001 0.000142257 0.159775	
0.76	0.0186859 0.000144019 0.159892	
0.77	0.0186717 0.000145782 0.16001	
0.78	0.0186576 0.000147545 0.160127	
0.79	0.0186435 0.00014931 0.160244	
0.8	0.0186295 0.000151075 0.16036	
0.81	0.0186155 0.000152841 0.160476	
0.82	0.0186015 0.000154607 0.160592	
0.83	0.0185876 0.000156373 0.160708	
0.84	0.0185738 0.000158138 0.160823	
0.85	0.0185599 0.000159903 0.160939	
0.86	0.0185462 0.000161668 0.161053	
0.87	0.0185324 0.000163431 0.161168	
0.88	0.0185187 0.000165194 0.161282	
0.89	0.0185051 0.000166955 0.161397	
0.9	0.0184915 0.000168716 0.16151	
0.91	0.0184779 0.000170475 0.161624	
0.92	0.0184644 0.000172232 0.161737	
0.93	0.0184509 0.000173987 0.16185	
0.94	0.0184374 0.000175741 0.161963	
0.95	0.018424 0.000177493 0.162076	
0.96	0.0184106 0.000179242 0.162188	
0.97	0.0183973 0.00018099 0.1623	
0.98	0.0183839 0.000182735 0.162412	
0.99	0.0183707 0.000184477 0.162524	
1	0.0183574 0.000186217 0.162635	
1.01	0.0183442 0.000187954 0.162746	
1.02	0.018331 0.000189689 0.162857	
1.03	0.0183179 0.00019142 0.162968	
1.04	0.0183047 0.000193149 0.163078	
1.05	0.0182917 0.000194874 0.163188	
1.06	0.0182786 0.000196596 0.163298	
1.07	0.0182656 0.000198315 0.163408	
1.08	0.0182526 0.000200031 0.163517	
1.09	0.0182396 0.000201743 0.163626	
1.1	0.0182267 0.000203452 0.163735	
1.11	0.0182138 0.000205157 0.163844	
1.12	0.0182009 0.000206858 0.163952	
1.13	0.0181881 0.000208556 0.164061	
1.14	0.0181752 0.00021025 0.164169	
1.15	0.0181625 0.00021194 0.164277	
1.16	0.0181497 0.000213626 0.164384	
1.17	0.018137 0.000215308 0.164492	
1.18	0.0181242 0.000216986 0.164599	
1.19	0.0181116 0.00021866 0.164706	
1.2	0.0180989 0.000220329 0.164813	
1.21	0.0180863 0.000221995 0.164919	
1.22	0.0180737 0.000223656 0.165025	
1.23	0.0180611 0.000225313 0.165131	
1.24	0.0180485 0.000226966 0.165237	
1.25	0.018036 0.000228614 0.165343	
1.26	0.0180235 0.000230258 0.165448	
1.27	0.018011 0.000231897 0.165554	
1.28	0.0179985 0.000233532 0.165659	
1.29	0.0179861 0.000235162 0.165764	
1.3	0.0179737 0.000236787 0.165868	
1.31	0.0179613 0.000238408 0.165973	
1.32	0.0179489 0.000240024 0.166077	
1.33	0.0179365 0.000241636 0.166181	
1.34	0.0179242 0.000243243 0.166285	
1.35	0.0179119 0.000244845 0.166388	
1.36	0.0178996 0.000246442 0.166492	
1.37	0.0178873 0.000248034 0.166595	
1.38	0.0178751 0.000249622 0.166698	
1.39	0.0178629 0.000251204 0.166801	
1.4	0.0178507 0.000252782 0.166903	
1.41	0.0178385 0.000254355 0.167006	
1.42	0.0178263 0.000255922 0.167108	
1.43	0.0178142 0.000257485 0.16721	
1.44	0.0178021 0.000259043 0.167312	
1.45	0.01779 0.000260596 0.167413	
1.46	0.0177779 0.000262144 0.167515	
1.47	0.0177658 0.000263687 0.167616	
1.48	0.0177537 0.000265224 0.167717	
1.49	0.0177417 0.000266757 0.167818	
1.5	0.0177297 0.000268284 0.167919	
1.51	0.0177177 0.000269807 0.168019	
1.52	0.0177057 0.000271324 0.168119	
1.53	0.0176938 0.000272836 0.168219	
1.54	0.0176818 0.000274343 0.168319	
1.55	0.0176699 0.000275845 0.168419	
1.56	0.017658 0.000277342 0.168519	
1.57	0.0176461 0.000278833 0.168618	
1.58	0.0176342 0.000280319 0.168717	
1.59	0.0176224 0.0002818 0.168816	
1.6	0.0176105 0.000283276 0.168915	
1.61	0.0175987 0.000284747 0.169014	
1.62	0.0175869 0.000286212 0.169112	
1.63	0.0175751 0.000287672 0.169211	
1.64	0.0175633 0.000289127 0.169309	
1.65	0.0175515 0.000290577 0.169407	
1.66	0.0175398 0.000292022 0.169505	
1.67	0.0175281 0.000293461 0.169602	
1.68	0.0175163 0.000294895 0.1697	
1.69	0.0175046 0.000296323 0.169797	
1.7	0.017493 0.000297747 0.169894	
1.71	0.0174813 0.000299165 0.169991	
1.72	0.0174696 0.000300578 0.170088	
1.73	0.017458 0.000301986 0.170184	
1.74	0.0174463 0.000303388 0.170281	
1.75	0.0174347 0.000304785 0.170377	
1.76	0.0174231 0.000306177 0.170473	
1.77	0.0174115 0.000307564 0.170569	
1.78	0.0174 0.000308945 0.170665	
1.79	0.0173884 0.000310321 0.17076	
1.8	0.0173768 0.000311692 0.170856	
1.81	0.0173653 0.000313057 0.170951	
1.82	0.0173538 0.000314418 0.171046	
1.83	0.0173423 0.000315773 0.171141	
1.84	0.0173308 0.000317122 0.171236	
1.85	0.0173193 0.000318467 0.17133	
1.86	0.0173078 0.000319806 0.171425	
1.87	0.0172964 0.00032114 0.171519	
1.88	0.0172849 0.000322469 0.171613	
1.89	0.0172735 0.000323792 0.171707	
1.9	0.017262 0.00032511 0.171801	
1.91	0.0172506 0.000326423 0.171895	
1.92	0.0172392 0.000327731 0.171988	
1.93	0.0172278 0.000329034 0.172082	
1.94	0.0172165 0.000330331 0.172175	
1.95	0.0172051 0.000331623 0.172268	
1.96	0.0171937 0.00033291 0.172361	
1.97	0.0171824 0.000334192 0.172454	
1.98	0.0171711 0.000335468 0.172546	
1.99	0.0171597 0.000336739 0.172639	
2	0.0171484 0.000338005 0.172731	
2.01	0.0171371 0.000339266 0.172823	
2.02	0.0171258 0.000340522 0.172915	
2.03	0.0171146 0.000341773 0.173007	
2.04	0.0171033 0.000343018 0.173099	
2.05	0.017092 0.000344258 0.17319	
2.06	0.0170808 0.000345493 0.173282	
2.07	0.0170696 0.000346723 0.173373	
2.08	0.0170583 0.000347948 0.173464	
2.09	0.0170471 0.000349168 0.173555	
2.1	0.0170359 0.000350382 0.173646	
2.11	0.0170247 0.000351592 0.173736	
2.12	0.0170135 0.000352796 0.173827	
2.13	0.0170023 0.000353995 0.173917	
2.14	0.0169912 0.000355189 0.174008	
2.15	0.01698 0.000356379 0.174098	
2.16	0.0169689 0.000357563 0.174188	
2.17	0.0169577 0.000358741 0.174277	
2.18	0.0169466 0.000359915 0.174367	
2.19	0.0169355 0.000361084 0.174457	
2.2	0.0169244 0.000362248 0.174546	
2.21	0.0169133 0.000363407 0.174635	
2.22	0.0169022 0.00036456 0.174725	
2.23	0.0168911 0.000365709 0.174814	
2.24	0.01688 0.000366853 0.174902	
2.25	0.0168689 0.000367991 0.174991	
2.26	0.0168579 0.000369125 0.17508	
2.27	0.0168468 0.000370254 0.175168	
2.28	0.0168358 0.000371378 0.175256	
2.29	0.0168248 0.000372496 0.175345	
2.3	0.0168137 0.00037361 0.175433	
2.31	0.0168027 0.000374719 0.175521	
2.32	0.0167917 0.000375823 0.175608	
2.33	0.0167807 0.000376922 0.175696	
2.34	0.0167697 0.000378016 0.175784	
2.35	0.0167587 0.000379106 0.175871	
2.36	0.0167478 0.00038019 0.175958	
2.37	0.0167368 0.000381269 0.176045	
2.38	0.0167258 0.000382344 0.176132	
2.39	0.0167149 0.000383414 0.176219	
2.4	0.0167039 0.000384479 0.176306	
2.41	0.016693 0.000385539 0.176392	
2.42	0.0166821 0.000386594 0.176479	
2.43	0.0166711 0.000387644 0.176565	
2.44	0.0166602 0.00038869 0.176652	
2.45	0.0166493 0.00038973 0.176738	
2.46	0.0166384 0.000390766 0.176824	
2.47	0.0166275 0.000391798 0.176909	
2.48	0.0166166 0.000392824 0.176995	
2.49	0.0166057 0.000393846 0.177081	
2.5	0.0165949 0.000394863 0.177166	
2.51	0.016584 0.000395875 0.177252	
2.52	0.0165731 0.000396882 0.177337	
2.53	0.0165623 0.000397885 0.177422	
2.54	0.0165514 0.000398883 0.177507	
2.55	0.0165406 0.000399876 0.177592	
2.56	0.0165298 0.000400865 0.177676	
2.57	0.0165189 0.000401849 0.177761	
2.58	0.0165081 0.000402828 0.177846	
2.59	0.0164973 0.000403802 0.17793	
2.6	0.0164865 0.000404772 0.178014	
2.61	0.0164757 0.000405738 0.178098	
2.62	0.0164649 0.000406698 0.178182	
2.63	0.0164541 0.000407654 0.178266	
2.64	0.0164433 0.000408606 0.17835	
2.65	0.0164325 0.000409553 0.178434	
2.66	0.0164218 0.000410495 0.178517	
2.67	0.016411 0.000411432 0.178601	
2.68	0.0164002 0.000412366 0.178684	
2.69	0.0163895 0.000413294 0.178767	
2.7	0.0163787 0.000414218 0.17885	
2.71	0.016368 0.000415138 0.178933	
2.72	0.0163572 0.000416053 0.179016	
2.73	0.0163465 0.000416963 0.179099	
2.74	0.0163358 0.000417869 0.179181	
2.75	0.0163251 0.00041877 0.179264	
2.76	0.0163144 0.000419667 0.179346	
2.77	0.0163036 0.00042056 0.179429	
2.78	0.0162929 0.000421448 0.179511	
2.79	0.0162822 0.000422331 0.179593	
2.8	0.0162715 0.000423211 0.179675	
2.81	0.0162609 0.000424085 0.179757	
2.82	0.0162502 0.000424955 0.179838	
2.83	0.0162395 0.000425821 0.17992	
2.84	0.0162288 0.000426683 0.180001	
2.85	0.0162182 0.00042754 0.180083	
2.86	0.0162075 0.000428393 0.180164	
2.87	0.0161968 0.000429241 0.180245	
2.88	0.0161862 0.000430085 0.180326	
2.89	0.0161755 0.000430925 0.180407	
2.9	0.0161649 0.00043176 0.180488	
2.91	0.0161542 0.000432591 0.180569	
2.92	0.0161436 0.000433418 0.180649	
2.93	0.016133 0.00043424 0.18073	
2.94	0.0161224 0.000435058 0.18081	
2.95	0.0161117 0.000435872 0.180891	
2.96	0.0161011 0.000436681 0.180971	
2.97	0.0160905 0.000437486 0.181051	
2.98	0.0160799 0.000438287 0.181131	
2.99	0.0160693 0.000439084 0.181211	
3	0.0160587 0.000439877 0.181291	
3.01	0.0160481 0.000440665 0.18137	
3.02	0.0160375 0.000441449 0.18145	
3.03	0.0160269 0.000442229 0.181529	
3.04	0.0160163 0.000443005 0.181609	
3.05	0.0160058 0.000443776 0.181688	
3.06	0.0159952 0.000444543 0.181767	
3.07	0.0159846 0.000445307 0.181846	
3.08	0.0159741 0.000446066 0.181925	
3.09	0.0159635 0.00044682 0.182004	
3.1	0.0159529 0.000447571 0.182083	
3.11	0.0159424 0.000448318 0.182162	
3.12	0.0159318 0.00044906 0.18224	
3.13	0.0159213 0.000449799 0.182319	
3.14	0.0159107 0.000450533 0.182397	
3.15	0.0159002 0.000451263 0.182475	
3.16	0.0158897 0.000451989 0.182553	
3.17	0.0158791 0.000452711 0.182631	
3.18	0.0158686 0.000453429 0.182709	
3.19	0.0158581 0.000454143 0.182787	
3.2	0.0158476 0.000454853 0.182865	
3.21	0.015837 0.000455559 0.182943	
3.22	0.0158265 0.000456261 0.18302	
3.23	0.015816 0.000456959 0.183098	
3.24	0.0158055 0.000457653 0.183175	
3.25	0.015795 0.000458343 0.183252	
3.26	0.0157845 0.000459029 0.183329	
3.27	0.015774 0.000459711 0.183406	
3.28	0.0157635 0.000460389 0.183483	
3.29	0.015753 0.000461063 0.18356	
3.3	0.0157425 0.000461733 0.183637	
3.31	0.015732 0.000462399 0.183714	
3.32	0.0157216 0.000463062 0.18379	
3.33	0.0157111 0.00046372 0.183867	
3.34	0.0157006 0.000464375 0.183943	
3.35	0.0156901 0.000465025 0.18402	
3.36	0.0156797 0.000465672 0.184096	
3.37	0.0156692 0.000466315 0.184172	
3.38	0.0156587 0.000466954 0.184248	
3.39	0.0156483 0.000467589 0.184324	
3.4	0.0156378 0.00046822 0.1844	
3.41	0.0156274 0.000468848 0.184476	
3.42	0.0156169 0.000469471 0.184551	
3.43	0.0156064 0.000470091 0.184627	
3.44	0.015596 0.000470707 0.184702	
3.45	0.0155856 0.00047132 0.184778	
3.46	0.0155751 0.000471928 0.184853	
3.47	0.0155647 0.000472533 0.184928	
3.48	0.0155542 0.000473134 0.185003	
3.49	0.0155438 0.000473731 0.185078	
3.5	0.0155334 0.000474324 0.185153	
3.51	0.0155229 0.000474914 0.185228	
3.52	0.0155125 0.0004755 0.185303	
3.53	0.0155021 0.000476082 0.185378	
3.54	0.0154917 0.000476661 0.185452	
3.55	0.0154812 0.000477235 0.185527	
3.56	0.0154708 0.000477806 0.185601	
3.57	0.0154604 0.000478374 0.185675	
3.58	0.01545 0.000478938 0.18575	
3.59	0.0154396 0.000479498 0.185824	
3.6	0.0154292 0.000480054 0.185898	
3.61	0.0154188 0.000480607 0.185972	
3.62	0.0154084 0.000481156 0.186046	
3.63	0.015398 0.000481701 0.18612	
3.64	0.0153876 0.000482243 0.186193	
3.65	0.0153772 0.000482782 0.186267	
3.66	0.0153668 0.000483316 0.18634	
3.67	0.0153564 0.000483847 0.186414	
3.68	0.015346 0.000484375 0.186487	
3.69	0.0153356 0.000484898 0.186561	
3.7	0.0153252 0.000485419 0.186634	
3.71	0.0153148 0.000485935 0.186707	
3.72	0.0153044 0.000486449 0.18678	
3.73	0.015294 0.000486958 0.186853	
3.74	0.0152836 0.000487464 0.186926	
3.75	0.0152733 0.000487967 0.186999	
3.76	0.0152629 0.000488466 0.187071	
3.77	0.0152525 0.000488961 0.187144	
3.78	0.0152421 0.000489453 0.187216	
3.79	0.0152318 0.000489942 0.187289	
3.8	0.0152214 0.000490427 0.187361	
3.81	0.015211 0.000490908 0.187433	
3.82	0.0152006 0.000491387 0.187506	
3.83	0.0151903 0.000491861 0.187578	
3.84	0.0151799 0.000492332 0.18765	
3.85	0.0151695 0.0004928 0.187722	
3.86	0.0151592 0.000493264 0.187794	
3.87	0.0151488 0.000493725 0.187865	
3.88	0.0151384 0.000494182 0.187937	
3.89	0.0151281 0.000494636 0.188009	
3.9	0.0151177 0.000495087 0.18808	
3.91	0.0151074 0.000495534 0.188152	
3.92	0.015097 0.000495978 0.188223	
3.93	0.0150867 0.000496418 0.188295	
3.94	0.0150763 0.000496855 0.188366	
3.95	0.0150659 0.000497289 0.188437	
3.96	0.0150556 0.000497719 0.188508	
3.97	0.0150452 0.000498146 0.188579	
3.98	0.0150349 0.00049857 0.18865	
3.99	0.0150245 0.00049899 0.188721	
4	0.0150245 0.00049899 0.188721	
4.01	0.0150245 0.00049899 0.188721	
4.02	0.0150245 0.00049899 0.188721	
4.03	0.0150245 0.00049899 0.188721	
4.04	0.0150245 0.00049899 0.188721	
4.05	0.0150245 0.00049899 0.188721	
4.06	0.0150245 0.00049899 0.188721	
4.07	0.0150245 0.00049899 0.188721	
4.08	0.0150245 0.00049899 0.188721	
4.09	0.0150245 0.00049899 0.188721	
4.1	0.0150245 0.00049899 0.188721	
4.11	0.0150245 0.00049899 0.188721	
4.12	0.0150245 0.00049899 0.188721	
4.13	0.0150245 0.00049899 0.188721	
4.14	0.0150245 0.00049899 0.188721	
4.15	0.0150245 0.00049899 0.188721	
4.16	0.0150245 0.00049899 0.188721	
4.17	0.0150245 0.00049899 0.188721	
4.18	0.0150245 0.00049899 0.188721	
4.19	0.0150245 0.00049899 0.188721	
4.2	0.0150245 0.00049899 0.188721	
4.21	0.0150245 0.00049899 0.188721	
4.22	0.0150245 0.00049899 0.188721	
4.23	0.0150245 0.00049899 0.188721	
4.24	0.0150245 0.00049899 0.188721	
4.25	0.0150245 0.00049899 0.188721	
4.26	0.0150245 0.00049899 0.188721	
4.27	0.0150245 0.00049899 0.188721	
4.28	0.0150245 0.00049899 0.188721	
4.29	0.0150245 0.00049899 0.188721	
4.3	0.0150245 0.00049899 0.188721	
4.31	0.0150245 0.00049899 0.188721	
4.32	0.0150245 0.00049899 0.188721	
4.33	0.0150245 0.00049899 0.188721	
4.34	0.0150245 0.00049899 0.188721	
4.35	0.0150245 0.00049899 0.188721	
4.36	0.0150245 0.00049899 0.188721	
4.37	0.0150245 0.00049899 0.188721	
4.38	0.0150245 0.00049899 0.188721	
4.39	0.0150245 0.00049899 0.188721	
4.4	0.0150245 0.00049899 0.188721	
4.41	0.0150245 0.00049899 0.188721	
4.42	0.0150245 0.00049899 0.188721	
4.43	0.0150245 0.00049899 0.188721	
4.44	0.0150245 0.00049899 0.188721	
4.45	0.0150245 0.00049899 0.188721	
4.46	0.0150245 0.00049899 0.188721	
4.47	0.0150245 0.00049899 0.188721	
4.48	0.0150245 0.00049899 0.188721	
4.49	0.0150245 0.00049899 0.188721	
4.5	0.0150245 0.00049899 0.188721	
4.51	0.0150245 0.00049899 0.188721	
4.52	0.0150245 0.00049899 0.188721	
4.53	0.0150245 0.00049899 0.188721	
4.54	0.0150245 0.00049899 0.188721	
4.55	0.0150245 0.00049899 0.188721	
4.56	0.0150245 0.00049899 0.188721	
4.57	0.0150245 0.00049899 0.188721	
4.58	0.0150245 0.00049899 0.188721	
4.59	0.0150245 0.00049899 0.188721	
4.6	0.0150245 0.00049899 0.188721	
4.61	0.0150245 0.00049899 0.188721	
4.62	0.0150245 0.00049899 0.188721	
4.63	0.0150245 0.00049899 0.188721	
4.64	0.0150245 0.00049899 0.188721	
4.65	0.0150245 0.00049899 0.188721	
4.66	0.0150245 0.00049899 0.188721	
4.67	0.0150245 0.00049899 0.188721	
4.68	0.0150245 0.00049899 0.188721	
4.69	0.0150245 0.00049899 0.188721	
4.7	0.0150245 0.00049899 0.188721	
4.71	0.0150245 0.00049899 0.188721	
4.72	0.0150245 0.00049899 0.188721	
4.73	0.0150245 0.00049899 0.188721	
4.74	0.0150245 0.00049899 0.188721	
4.75	0.0150245 0.00049899 0.188721	
4.76	0.0150245 0.00049899 0.188721	
4.77	0.0150245 0.00049899 0.188721	
4.78	0.0150245 0.00049899 0.188721	
4.79	0.0150245 0.00049899 0.188721	
4.8	0.0150245 0.00049899 0.188721	
4.81	0.0150245 0.00049899 0.188721	
4.82	0.0150245 0.00049899 0.188721	
4.83	0.0150245 0.00049899 0.188721	
4.84	0.0150245 0.00049899 0.188721	
4.85	0.0150245 0.00049899 0.188721	
4.86	0.0150245 0.00049899 0.188721	
4.87	0.0150245 0.00049899 0.188721	
4.88	0.0150245 0.00049899 0.188721	
4.89	0.0150245 0.00049899 0.188721	
4.9	0.0150245 0.00049899 0.188721	
4.91	0.0150245 0.00049899 0.188721	
4.92	0.0150245 0.00049899 0.188721	
4.93	0.0150245 0.00049899 0.188721	
4.94	0.0150245 0.00049899 0.188721	
4.95	0.0150245 0.00049899 0.188721	
4.96	0.0150245 0.00049899 0.188721	
4.97	0.0150245 0.00049899 0.188721	
4.98	0.0150245 0.00049899 0.188721	
4.99	0.0150245 0.00049899 0.188721	
5	0.0150245 0.00049899 0.188721	
5.01	0.0150245 0.00049899 0.188721	
5.02	0.0150245 0.00049899 0.188721	
5.03	0.0150245 0.00049899 0.188721	
5.04	0.0150245 0.00049899 0.188721	
5.05	0.0150245 0.00049899 0.188721	
5.06	0.0150245 0.00049899 0.188721	
5.07	0.0150245 0.00049899 0.188721	
5.08	0.0150245 0.00049899 0.188721	
5.09	0.0150245 0.00049899 0.188721	
5.1	0.0150245 0.00049899 0.188721	
5.11	0.0150245 0.00049899 0.188721	
5.12	0.0150245 0.00049899 0.188721	
5.13	0.0150245 0.00049899 0.188721	
5.14	0.0150245 0.00049899 0.188721	
5.15	0.0150245 0.00049899 0.188721	
5.16	0.0150245 0.00049899 0.188721	
5.17	0.0150245 0.00049899 0.188721	
5.18	0.0150245 0.00049899 0.188721	
5.19	0.0150245 0.00049899 0.188721	
5.2	0.0150245 0.00049899 0.188721	
5.21	0.0150245 0.00049899 0.188721	
5.22	0.0150245 0.00049899 0.188721	
5.23	0.0150245 0.00049899 0.188721	
5.24	0.0150245 0.00049899 0.188721	
5.25	0.0150245 0.00049899 0.188721	
5.26	0.0150245 0.00049899 0.188721	
5.27	0.0150245 0.00049899 0.188721	
5.28	0.0150245 0.00049899 0.188721	
5.29	0.0150245 0.00049899 0.188721	
5.3	0.0150245 0.00049899 0.188721	
5.31	0.0150245 0.00049899 0.188721	
5.32	0.0150245 0.00049899 0.188721	
5.33	0.0150245 0.00049899 0.188721	
5.34	0.0150245 0.00049899 0.188721	
5.35	0.0150245 0.00049899 0.188721	
5.36	0.0150245 0.00049899 0.188721	
5.37	0.0150245 0.00049899 0.188721	
5.38	0.0150245 0.00049899 0.188721	
5.39	0.0150245 0.00049899 0.188721	
5.4	0.0150245 0.00049899 0.188721	
5.41	0.0150245 0.00049899 0.188721	
5.42	0.0150245 0.00049899 0.188721	
5.43	0.0150245 0.00049899 0.188721	
5.44	0.0150245 0.00049899 0.188721	
5.45	0.0150245 0.00049899 0.188721	
5.46	0.0150245 0.00049899 0.188721	
5.47	0.0150245 0.00049899 0.188721	
5.48	0.0150245 0.00049899 0.188721	
5.49	0.0150245 0.00049899 0.188721	
5.5	0.0150245 0.00049899 0.188721	
5.51	0.0150245 0.00049899 0.188721	
5.52	0.0150245 0.00049899 0.188721	
5.53	0.0150245 0.00049899 0.188721	
5.54	0.0150245 0.00049899 0.188721	
5.55	0.0150245 0.00049899 0.188721	
5.56	0.0150245 0.00049899 0.188721	
5.57	0.0150245 0.00049899 0.188721	
5.58	0.0150245 0.00049899 0.188721	
5.59	0.0150245 0.00049899 0.188721	
5.6	0.0150245 0.00049899 0.188721	
5.61	0.0150245 0.00049899 0.188721	
5.62	0.0150245 0.00049899 0.188721	
5.63	0.0150245 0.00049899 0.188721	
5.64	0.0150245 0.00049899 0.188721	
5.65	0.0150245 0.00049899 0.188721	
5.66	0.0150245 0.00049899 0.188721	
5.67	0.0150245 0.00049899 0.188721	
5.68	0.0150245 0.00049899 0.188721	
5.69	0.0150245 0.00049899 0.188721	
5.7	0.0150245 0.00049899 0.188721	
5.71	0.0150245 0.00049899 0.188721	
5.72	0.0150245 0.00049899 0.188721	
5.73	0.0150245 0.00049899 0.188721	
5.74	0.0150245 0.00049899 0.188721	
5.75	0.0150245 0.00049899 0.188721	
5.76	0.0150245 0.00049899 0.188721	
5.77	0.0150245 0.00049899 0.188721	
5.78	0.0150245 0.00049899 0.188721	
5.79	0.0150245 0.00049899 0.188721	
5.8	0.0150245 0.00049899 0.188721	
5.81	0.0150245 0.00049899 0.188721	
5.82	0.0150245 0.00049899 0.188721	
5.83	0.0150245 0.00049899 0.188721	
5.84	0.0150245 0.00049899 0.188721	
5.85	0.0150245 0.00049899 0.188721	
5.86	0.0150245 0.00049899 0.188721	
5.87	0.0150245 0.00049899 0.188721	
5.88	0.0150245 0.00049899 0.188721	
5.89	0.0150245 0.00049899 0.188721	
5.9	0.0150245 0.00049899 0.188721	
5.91	0.0150245 0.00049899 0.188721	
5.92	0.0150245 0.00049899 0.188721	
5.93	0.0150245 0.00049899 0.188721	
5.94	0.0150245 0.00049899 0.188721	
5.95	0.0150245 0.00049899 0.188721	
5.96	0.0150245 0.00049899 0.188721	
5.97	0.0150245 0.00049899 0.188721	
5.98	0.0150245 0.00049899 0.188721	
5.99	0.0150245 0.00049899 0.188721	
6	0.0150245 0.00049899 0.188721	
6.01	0.0150245 0.00049899 0.188721	
6.02	0.0150245 0.00049899 0.188721	
6.03	0.0150245 0.00049899 0.188721	
6.04	0.0150245 0.00049899 0.188721	
6.05	0.0150245 0.00049899 0.188721	
6.06	0.0150245 0.00049899 0.188721	
6.07	0.0150245 0.00049899 0.188721	
6.08	0.0150245 0.00049899 0.188721	
6.09	0.0150245 0.00049899 0.188721	
6.1	0.0150245 0.00049899 0.188721	
6.11	0.0150245 0.00049899 0.188721	
6.12	0.0150245 0.00049899 0.188721	
6.13	0.0150245 0.00049899 0.188721	
6.14	0.0150245 0.00049899 0.188721	
6.15	0.0150245 0.00049899 0.188721	
6.16	0.0150245 0.00049899 0.188721	
6.17	0.0150245 0.00049899 0.188721	
6.18	0.0150245 0.00049899 0.188721	
6.19	0.0150245 0.00049899 0.188721	
6.2	0.0150245 0.00049899 0.188721	
6.21	0.0150245 0.00049899 0.188721	
6.22	0.0150245 0.00049899 0.188721	
6.23	0.0150245 0.00049899 0.188721	
6.24	0.0150245 0.00049899 0.188721	
6.25	0.0150245 0.00049899 0.188721	
6.26	0.0150245 0.00049899 0.188721	
6.27	0.0150245 0.00049899 0.188721	
6.28	0.0150245 0.00049899 0.188721	
6.29	0.0150245 0.00049899 0.188721	
6.3	0.0150245 0.00049899 0.188721	
6.31	0.0150245 0.00049899 0.188721	
6.32	0.0150245 0.00049899 0.188721	
6.33	0.0150245 0.00049899 0.188721	
6.34	0.0150245 0.00049899 0.188721	
6.35	0.0150245 0.00049899 0.188721	
6.36	0.0150245 0.00049899 0.188721	
6.37	0.0150245 0.00049899 0.188721	
6.38	0.0150245 0.00049899 0.188721	
6.39	0.0150245 0.00049899 0.188721	
6.4	0.0150245 0.00049899 0.188721	
6.41	0.0150245 0.00049899 0.188721	
6.42	0.0150245 0.00049899 0.188721	
6.43	0.0150245 0.00049899 0.188721	
6.44	0.0150245 0.00049899 0.188721	
6.45	0.0150245 0.00049899 0.188721	
6.46	0.0150245 0.00049899 0.188721	
6.47	0.0150245 0.00049899 0.188721	
6.48	0.0150245 0.00049899 0.188721	
6.49	0.0150245 0.00049899 0.188721	
6.5	0.0150245 0.00049899 0.188721	
6.51	0.0150245 0.00049899 0.188721	
6.52	0.0150245 0.00049899 0.188721	
6.53	0.0150245 0.00049899 0.188721	
6.54	0.0150245 0.00049899 0.188721	
6.55	0.0150245 0.00049899 0.188721	
6.56	0.0150245 0.00049899 0.188721	
6.57	0.0150245 0.00049899 0.188721	
6.58	0.0150245 0.00049899 0.188721	
6.59	0.0150245 0.00049899 0.188721	
6.6	0.0150245 0.00049899 0.188721	
6.61	0.0150245 0.00049899 0.188721	
6.62	0.0150245 0.00049899 0.188721	
6.63	0.0150245 0.00049899 0.188721	
6.64	0.0150245 0.00049899 0.188721	
6.65	0.0150245 0.00049899 0.188721	
6.66	0.0150245 0.00049899 0.188721	
6.67	0.0150245 0.00049899 0.188721	
6.68	0.0150245 0.00049899 0.188721	
6.69	0.0150245 0.00049899 0.188721	
6.7	0.0150245 0.00049899 0.188721	
6.71	0.0150245 0.00049899 0.188721	
6.72	0.0150245 0.00049899 0.188721	
6.73	0.0150245 0.00049899 0.188721	
6.74	0.0150245 0.00049899 0.188721	
6.75	0.0150245 0.00049899 0.188721	
6.76	0.0150245 0.00049899 0.188721	
6.77	0.0150245 0.00049899 0.188721	
6.78	0.0150245 0.00049899 0.188721	
6.79	0.0150245 0.00049899 0.188721	
6.8	0.0150245 0.00049899 0.188721	
6.81	0.0150245 0.00049899 0.188721	
6.82	0.0150245 0.00049899 0.188721	
6.83	0.0150245 0.00049899 0.188721	
6.84	0.0150245 0.00049899 0.188721	
6.85	0.0150245 0.00049899 0.188721	
6.86	0.0150245 0.00049899 0.188721	
6.87	0.0150245 0.00049899 0.188721	
6.88	0.0150245 0.00049899 0.188721	
6.89	0.0150245 0.00049899 0.188721	
6.9	0.0150245 0.00049899 0.188721	
6.91	0.0150245 0.00049899 0.188721	
6.92	0.0150245 0.00049899 0.188721	
6.93	0.0150245 0.00049899 0.188721	
6.94	0.0150245 0.00049899 0.188721	
6.95	0.0150245 0.00049899 0.188721	
6.96	0.0150245 0.00049899 0.188721	
6.97	0.0150245 0.00049899 0.188721	
6.98	0.0150245 0.00049899 0.188721	
6.99	0.0150245 0.00049899 0.188721	
7	0.0150245 0.00049899 0.188721	
7.01	0.0150245 0.00049899 0.188721	
7.02	0.0150245 0.00049899 0.188721	
7.03	0.0150245 0.00049899 0.188721	
7.04	0.0150245 0.00049899 0.188721	
7.05	0.0150245 0.00049899 0.188721	
7.06	0.0150245 0.00049899 0.188721	
7.07	0.0150245 0.00049899 0.188721	
7.08	0.0150245 0.00049899 0.188721	
7.09	0.0150245 0.00049899 0.188721	
7.1	0.0150245 0.00049899 0.188721	
7.11	0.0150245 0.00049899 0.188721	
7.12	0.0150245 0.00049899 0.188721	
7.13	0.0150245 0.00049899 0.188721	
7.14	0.0150245 0.00049899 0.188721	
7.15	0.0150245 0.00049899 0.188721	
7.16	0.0150245 0.00049899 0.188721	
7.17	0.0150245 0.00049899 0.188721	
7.18	0.0150245 0.00049899 0.188721	
7.19	0.0150245 0.00049899 0.188721	
7.2	0.0150245 0.00049899 0.188721	
7.21	0.0150245 0.00049899 0.188721	
7.22	0.0150245 0.00049899 0.188721	
7.23	0.0150245 0.00049899 0.188721	
7.24	0.0150245 0.00049899 0.188721	
7.25	0.0150245 0.00049899 0.188721	
7.26	0.0150245 0.00049899 0.188721	
7.27	0.0150245 0.00049899 0.188721	
7.28	0.0150245 0.00049899 0.188721	
7.29	0.0150245 0.00049899 0.188721	
7.3	0.0150245 0.00049899 0.188721	
7.31	0.0150245 0.00049899 0.188721	
7.32	0.0150245 0.00049899 0.188721	
7.33	0.0150245 0.00049899 0.188721	
7.34	0.0150245 0.00049899 0.188721	
7.35	0.0150245 0.00049899 0.188721	
7.36	0.0150245 0.00049899 0.188721	
7.37	0.0150245 0.00049899 0.188721	
7.38	0.0150245 0.00049899 0.188721	
7.39	0.0150245 0.00049899 0.188721	
7.4	0.0150245 0.00049899 0.188721	
7.41	0.0150245 0.00049899 0.188721	
7.42	0.0150245 0.00049899 0.188721	
7.43	0.0150245 0.00049899 0.188721	
7.44	0.0150245 0.00049899 0.188721	
7.45	0.0150245 0.00049899 0.188721	
7.46	0.0150245 0.00049899 0.188721	
7.47	0.0150245 0.00049899 0.188721	
7.48	0.0150245 0.00049899 0.188721	
7.49	0.0150245 0.00049899 0.188721	
7.5	0.0150245 0.00049899 0.188721	
7.51	0.0150245 0.00049899 0.188721	
7.52	0.0150245 0.00049899 0.188721	
7.53	0.0150245 0.00049899 0.188721	
7.54	0.0150245 0.00049899 0.188721	
7.55	0.0150245 0.00049899 0.188721	
7.56	0.0150245 0.00049899 0.188721	
7.57	0.0150245 0.00049899 0.188721	
7.58	0.0150245 0.00049899 0.188721	
7.59	0.0150245 0.00049899 0.188721	
7.6	0.0150245 0.00049899 0.188721	
7.61	0.0150245 0.00049899 0.188721	
7.62	0.0150245 0.00049899 0.188721	
7.63	0.0150245 0.00049899 0.188721	
7.64	0.0150245 0.00049899 0.188721	
7.65	0.0150245 0.00049899 0.188721	
7.66	0.0150245 0.00049899 0.188721	
7.67	0.0150245 0.00049899 0.188721	
7.68	0.0150245 0.00049899 0.188721	
7.69	0.0150245 0.00049899 0.188721	
7.7	0.0150245 0.00049899 0.188721	
7.71	0.0150245 0.00049899 0.188721	
7.72	0.0150245 0.00049899 0.188721	
7.73	0.0150245 0.00049899 0.188721	
7.74	0.0150245 0.00049899 0.188721	
7.75	0.0150245 0.00049899 0.188721	
7.76	0.0150245 0.00049899 0.188721	
7.77	0.0150245 0.00049899 0.188721	
7.78	0.0150245 0.00049899 0.188721	
7.79	0.0150245 0.00049899 0.188721	
7.8	0.0150245 0.00049899 0.188721	
7.81	0.0150245 0.00049899 0.188721	
7.82	0.0150245 0.00049899 0.188721	
7.83	0.0150245 0.00049899 0.188721	
7.84	0.0150245 0.00049899 0.188721	
7.85	0.0150245 0.00049899 0.188721	
7.86	0.0150245 0.00049899 0.188721	
7.87	0.0150245 0.00049899 0.188721	
7.88	0.0150245 0.00049899 0.188721	
7.89	0.0150245 0.00049899 0.188721	
7.9	0.0150245 0.00049899 0.188721	
7.91	0.0150245 0.00049899 0.188721	
7.92	0.0150245 0.00049899 0.188721	
7.93	0.0150245 0.00049899 0.188721	
7.94	0.0150245 0.00049899 0.188721	
7.95	0.0150245 0.00049899 0.188721	
7.96	0.0150245 0.00049899 0.188721	
7.97	0.0150245 0.00049899 0.188721	
7.98	0.0150245 0.00049899 0.188721	
7.99	0.0150245 0.00049899 0.188721	
8	0.0150245 0.00049899 0.188721	
8.01	0.0150245 0.00049899 0.188721	
8.02	0.0150245 0.00049899 0.188721	
8.03	0.0150245 0.00049899 0.188721	
8.04	0.0150245 0.00049899 0.188721	
8.05	0.0150245 0.00049899 0.188721	
8.06	0.0150245 0.00049899 0.188721	
8.07	0.0150245 0.00049899 0.188721	
8.08	0.0150245 0.00049899 0.188721	
8.09	0.0150245 0.00049899 0.188721	
8.1	0.0150245 0.00049899 0.188721	
8.11	0.0150245 0.00049899 0.188721	
8.12	0.0150245 0.00049899 0.188721	
8.13	0.0150245 0.00049899 0.188721	
8.14	0.0150245 0.00049899 0.188721	
8.15	0.0150245 0.00049899 0.188721	
8.16	0.0150245 0.00049899 0.188721	
8.17	0.0150245 0.00049899 0.188721	
8.18	0.0150245 0.00049899 0.188721	
8.19	0.0150245 0.00049899 0.188721	
8.2	0.0150245 0.00049899 0.188721	
8.21	0.0150245 0.00049899 0.188721	
8.22	0.0150245 0.00049899 0.188721	
8.23	0.0150245 0.00049899 0.188721	
8.24	0.0150245 0.00049899 0.188721	
8.25	0.0150245 0.00049899 0.188721	
8.26	0.0150245 0.00049899 0.188721	
8.27	0.0150245 0.00049899 0.188721	
8.28	0.0150245 0.00049899 0.188721	
8.29	0.0150245 0.00049899 0.188721	
8.3	0.0150245 0.00049899 0.188721	
8.31	0.0150245 0.00049899 0.188721	
8.32	0.0150245 0.00049899 0.188721	
8.33	0.0150245 0.00049899 0.188721	
8.34	0.0150245 0.00049899 0.188721	
8.35	0.0150245 0.00049899 0.188721	
8.36	0.0150245 0.00049899 0.188721	
8.37	0.0150245 0.00049899 0.188721	
8.38	0.0150245 0.00049899 0.188721	
8.39	0.0150245 0.00049899 0.188721	
8.4	0.0150245 0.00049899 0.188721	
8.41	0.0150245 0.00049899 0.188721	
8.42	0.0150245 0.00049899 0.188721	
8.43	0.0150245 0.00049899 0.188721	
8.44	0.0150245 0.00049899 0.188721	
8.45	0.0150245 0.00049899 0.188721	
8.46	0.0150245 0.00049899 0.188721	
8.47	0.0150245 0.00049899 0.188721	
8.48	0.0150245 0.00049899 0.188721	
8.49	0.0150245 0.00049899 0.188721	
8.5	0.0150245 0.00049899 0.188721	
8.51	0.0150245 0.00049899 0.188721	
8.52	0.0150245 0.00049899 0.188721	
8.53	0.0150245 0.00049899 0.188721	
8.54	0.0150245 0.00049899 0.188721	
8.55	0.0150245 0.00049899 0.188721	
8.56	0.0150245 0.00049899 0.188721	
8.57	0.0150245 0.00049899 0.188721	
8.58	0.0150245 0.00049899 0.188721	
8.59	0.0150245 0.00049899 0.188721	
8.6	0.0150245 0.00049899 0.188721	
8.61	0.0150245 0.00049899 0.188721	
8.62	0.0150245 0.00049899 0.188721	
8.63	0.0150245 0.00049899 0.188721	
8.64	0.0150245 0.00049899 0.188721	
8.65	0.0150245 0.00049899 0.188721	
8.66	0.0150245 0.00049899 0.188721	
8.67	0.0150245 0.00049899 0.188721	
8.68	0.0150245 0.00049899 0.188721	
8.69	0.0150245 0.00049899 0.188721	
8.7	0.0150245 0.00049899 0.188721	
8.71	0.0150245 0.00049899 0.188721	
8.72	0.0150245 0.00049899 0.188721	
8.73	0.0150245 0.00049899 0.188721	
8.74	0.0150245 0.00049899 0.188721	
8.75	0.0150245 0.00049899 0.188721	
8.76	0.0150245 0.00049899 0.188721	
8.77	0.0150245 0.00049899 0.188721	
8.78	0.0150245 0.00049899 0.188721	
8.79	0.0150245 0.00049899 0.188721	
8.8	0.0150245 0.00049899 0.188721	
8.81	0.0150245 0.00049899 0.188721	
8.82	0.0150245 0.00049899 0.188721	
8.83	0.0150245 0.00049899 0.188721	
8.84	0.0150245 0.00049899 0.188721	
8.85	0.0150245 0.00049899 0.188721	
8.86	0.0150245 0.00049899 0.188721	
8.87	0.0150245 0.00049899 0.188721	
8.88	0.0150245 0.00049899 0.188721	
8.89	0.0150245 0.00049899 0.188721	
8.9	0.0150245 0.00049899 0.188721	
8.91	0.0150245 0.00049899 0.188721	
8.92	0.0150245 0.00049899 0.188721	
8.93	0.0150245 0.00049899 0.188721	
8.94	0.0150245 0.00049899 0.188721	
8.95	0.0150245 0.00049899 0.188721	
8.96	0.0150245 0.00049899 0.188721	
8.97	0.0150245 0.00049899 0.188721	
8.98	0.0150245 0.00049899 0.188721	
8.99	0.0150245 0.00049899 0.188721	
9	0.0150245 0.00049899 0.188721	
9.01	0.0150245 0.00049899 0.188721	
9.02	0.0150245 0.00049899 0.188721	
9.03	0.0150245 0.00049899 0.188721	
9.04	0.0150245 0.00049899 0.188721	
9.05	0.0150245 0.00049899 0.188721	
9.06	0.0150245 0.00049899 0.188721	
9.07	0.0150245 0.00049899 0.188721	
9.08	0.0150245 0.00049899 0.188721	
9.09	0.0150245 0.00049899 0.188721	
9.1	0.0150245 0.00049899 0.188721	
9.11	0.0150245 0.00049899 0.188721	
9.12	0.0150245 0.00049899 0.188721	
9.13	0.0150245 0.00049899 0.188721	
9.14	0.0150245 0.00049899 0.188721	
9.15	0.0150245 0.00049899 0.188721	
9.16	0.0150245 0.00049899 0.188721	
9.17	0.0150245 0.00049899 0.188721	
9.18	0.0150245 0.00049899 0.188721	
9.19	0.0150245 0.00049899 0.188721	
9.2	0.0150245 0.00049899 0.188721	
9.21	0.0150245 0.00049899 0.188721	
9.22	0.0150245 0.00049899 0.188721	
9.23	0.0150245 0.00049899 0.188721	
9.24	0.0150245 0.00049899 0.188721	
9.25	0.0150245 0.00049899 0.188721	
9.26	0.0150245 0.00049899 0.188721	
9.27	0.0150245 0.00049899 0.188721	
9.28	0.0150245 0.00049899 0.188721	
9.29	0.0150245 0.00049899 0.188721	
9.3	0.0150245 0.00049899 0.188721	
9.31	0.0150245 0.00049899 0.188721	
9.32	0.0150245 0.00049899 0.188721	
9.33	0.0150245 0.00049899 0.188721	
9.34	0.0150245 0.00049899 0.188721	
9.35	0.0150245 0.00049899 0.188721	
9.36	0.0150245 0.00049899 0.188721	
9.37	0.0150245 0.00049899 0.188721	
9.38	0.0150245 0.00049899 0.188721	
9.39	0.0150245 0.00049899 0.188721	
9.4	0.0150245 0.00049899 0.188721	
9.41	0.0150245 0.00049899 0.188721	
9.42	0.0150245 0.00049899 0.188721	
9.43	0.0150245 0.00049899 0.188721	
9.44	0.0150245 0.00049899 0.188721	
9.45	0.0150245 0.00049899 0.188721	
9.46	0.0150245 0.00049899 0.188721	
9.47	0.0150245 0.00049899 0.188721	
9.48	0.0150245 0.00049899 0.188721	
9.49	0.0150245 0.00049899 0.188721	
9.5	0.0150245 0.00049899 0.188721	
9.51	0.0150245 0.00049899 0.188721	
9.52	0.0150245 0.00049899 0.188721	
9.53	0.0150245 0.00049899 0.188721	
9.54	0.0150245 0.00049899 0.188721	
9.55	0.0150245 0.00049899 0.188721	
9.56	0.0150245 0.00049899 0.188721	
9.57	0.0150245 0.00049899 0.188721	
9.58	0.0150245 0.00049899 0.188721	
9.59	0.0150245 0.00049899 0.188721	
9.6	0.0150245 0.00049899 0.188721	
9.61	0.0150245 0.00049899 0.188721	
9.62	0.0150245 0.00049899 0.188721	
9.63	0.0150245 0.00049899 0.188721	
9.64	0.0150245 0.00049899 0.188721	
9.65	0.0150245 0.00049899 0.188721	
9.66	0.0150245 0.00049899 0.188721	
9.67	0.0150245 0.00049899 0.188721	
9.68	0.0150245 0.00049899 0.188721	
9.69	0.0150245 0.00049899 0.188721	
9.7	0.0150245 0.00049899 0.188721	
9.71	0.0150245 0.00049899 0.188721	
9.72	0.0150245 0.00049899 0.188721	
9.73	0.0150245 0.00049899 0.188721	
9.74	0.0150245 0.00049899 0.188721	
9.75	0.0150245 0.00049899 0.188721	
9.76	0.0150245 0.00049899 0.188721	
9.77	0.0150245 0.00049899 0.188721	
9.78	0.0150245 0.00049899 0.188721	
9.79	0.0150245 0.00049899 0.188721	
9.8	0.0150245 0.00049899 0.188721	
9.81	0.0150245 0.00049899 0.188721	
9.82	0.0150245 0.00049899 0.188721	
9.83	0.0150245 0.00049899 0.188721	
9.84	0.0150245 0.00049899 0.188721	
9.85	0.0150245 0.00049899 0.188721	
9.86	0.0150245 0.00049899 0.188721	
9.87	0.0150245 0.00049899 0.188721	
9.88	0.0150245 0.00049899 0.188721	
9.89	0.0150245 0.00049899 0.188721	
9.9	0.0150245 0.00049899 0.188721	
9.91	0.0150245 0.00049899 0.188721	
9.92	0.0150245 0.00049899 0.188721	
9.93	0.0150245 0.00049899 0.188721	
9.94	0.0150245 0.00049899 0.188721	
9.95	0.0150245 0.00049899 0.188721	
9.96	0.0150245 0.00049899 0.188721	
9.97	0.0150245 0.00049899 0.188721	
9.98	0.0150245 0.00049899 0.188721	
9.99	0.0150245 0.00049899 0.188721	
10	0.0150245 0.00049899 0.188721	
