0	0.02 0 0.15	
0.01	0.0199907 1.23923e-05 0.150132	
0.02	0.0199807 2.23626e-05 0.150264	
0.03	0.0199703 3.05403e-05 0.150396	
0.04	0.0199595 3.73592e-05 0.150527	
0.05	0.0199485 4.31275e-05 0.150658	
0.06	0.0199373 4.80701e-05 0.150789	
0.07	0.019926 5.23549e-05 0.15092	
0.08	0.0199146 5.61094e-05 0.15105	
0.09	0.0199032 5.9432e-05 0.15118	
0.1	0.0198918 6.24002e-05 0.151309	
0.11	0.0198803 6.50751e-05 0.151438	
0.12	0.0198689 6.7506e-05 0.151567	
0.13	0.0198575 6.97337e-05 0.151696	
0.14	0.0198461 7.17886e-05 0.151824	
0.15	0.0198348 7.36988e-05 0.151951	
0.16	0.0198235 7.54865e-05 0.152079	
0.17	0.0198123 7.71703e-05 0.152206	
0.18	0.0198011 7.87658e-05 0.152333	
0.19	0.0197899 8.02862e-05 0.152459	
0.2	0.0197789 8.17427e-05 0.152585	
0.21	0.0197679 8.31448e-05 0.15271	
0.22	0.0197569 8.45005e-05 0.152836	
0.23	0.0197461 8.58168e-05 0.152961	
0.24	0.0197352 8.70998e-05 0.153085	
0.25	0.0197245 8.83545e-05 0.15321	
0.26	0.0197138 8.95855e-05 0.153334	
0.27	0.0197032 9.07965e-05 0.153457	
0.28	0.0196926 9.19908e-05 0.15358	
0.29	0.0196821 9.31715e-05 0.153703	
0.3	0.0196716 9.4341e-05 0.153826	
0.31	0.0196613 9.55015e-05 0.153948	
0.32	0.0196509 9.66548e-05 0.15407	
0.33	0.0196407 9.78027e-05 0.154192	
0.34	0.0196305 9.89466e-05 0.154313	
0.35	0.0196203 0.000100088 0.154434	
0.36	0.0196102 0.000101227 0.154555	
0.37	0.0196002 0.000102366 0.154675	
0.38	0.0195902 0.000103504 0.154795	
0.39	0.0195803 0.000104644 0.154915	
0.4	0.0195704 0.000105785 0.155034	
0.41	0.0195606 0.000106927 0.155153	
0.42	0.0195508 0.000108072 0.155272	
0.43	0.0195411 0.00010922 0.155391	
0.44	0.0195314 0.00011037 0.155509	
0.45	0.0195218 0.000111524 0.155627	
0.46	0.0195123 0.000112682 0.155745	
0.47	0.0195027 0.000113842 0.155862	
0.48	0.0194933 0.000115007 0.155979	
0.49	0.0194838 0.000116176 0.156096	
0.5	0.0194745 0.000117348 0.156212	
0.51	0.0194651 0.000118525 0.156328	
0.52	0.0194558 0.000119705 0.156444	
0.53	0.0194466 0.000120889 0.15656	
0.54	0.0194374 0.000122078 0.156675	
0.55	0.0194282 0.00012327 0.15679	
0.56	0.0194191 0.000124467 0.156905	
0.57	0.01941 0.000125667 0.157019	
0.58	0.019401 0.000126871 0.157134	
0.59	0.019392 0.000128079 0.157247	
0.6	0.019383 0.00012929 0.157361	
0.61	0.0193741 0.000130505 0.157475	
0.62	0.0193652 0.000131723 0.157588	
0.63	0.0193564 0.000132945 0.157701	
0.64	0.0193475 0.00013417 0.157813	
0.65	0.0193388 0.000135399 0.157925	
0.66	0.01933 0.00013663 0.158038	
0.67	0.0193213 0.000137864 0.158149	
0.68	0.0193126 0.000139101 0.158261	
0.69	0.019304 0.000140341 0.158372	
0.7	0.0192954 0.000141584 0.158483	
0.71	0.0192868 0.000142829 0.158594	
0.72	0.0192783 0.000144076 0.158705	
0.73	0.0192697 0.000145326 0.158815	
0.74	0.0192613 0.000146577 0.158925	
0.75	0.0192528 0.000147831 0.159035	
0.76	0.0192444 0.000149087 0.159144	
0.77	0.019236 0.000150344 0.159253	
0.78	0.0192276 0.000151604 0.159362	
0.79	0.0192193 0.000152864 0.159471	
0.8	0.019211 0.000154126 0.15958	
0.81	0.0192027 0.00015539 0.159688	
0.82	0.0191944 0.000156655 0.159796	
0.83	0.0191862 0.000157921 0.159904	
0.84	0.019178 0.000159188 0.160012	
0.85	0.0191698 0.000160456 0.160119	
0.86	0.0191617 0.000161724 0.160226	
0.87	0.0191536 0.000162994 0.160333	
0.88	0.0191455 0.000164264 0.16044	
0.89	0.0191374 0.000165534 0.160546	
0.9	0.0191294 0.000166805 0.160652	
0.91	0.0191213 0.000168076 0.160758	
0.92	0.0191133 0.000169348 0.160864	
0.93	0.0191054 0.000170619 0.16097	
0.94	0.0190974 0.000171891 0.161075	
0.95	0.0190895 0.000173163 0.16118	
0.96	0.0190816 0.000174434 0.161285	
0.97	0.0190737 0.000175705 0.16139	
0.98	0.0190658 0.000176976 0.161494	
0.99	0.019058 0.000178247 0.161598	
1	0.0190501 0.000179517 0.161702	
1.01	0.0190423 0.000180787 0.161806	
1.02	0.0190346 0.000182056 0.16191	
1.03	0.0190268 0.000183324 0.162013	
1.04	0.0190191 0.000184592 0.162116	
1.05	0.0190113 0.000185858 0.162219	
1.06	0.0190036 0.000187124 0.162322	
1.07	0.018996 0.000188389 0.162424	
1.08	0.0189883 0.000189653 0.162527	
1.09	0.0189807 0.000190915 0.162629	
1.1	0.018973 0.000192177 0.162731	
1.11	0.0189654 0.000193437 0.162832	
1.12	0.0189578 0.000194696 0.162934	
1.13	0.0189503 0.000195954 0.163035	
1.14	0.0189427 0.00019721 0.163136	
1.15	0.0189352 0.000198464 0.163237	
1.16	0.0189277 0.000199718 0.163338	
1.17	0.0189202 0.000200969 0.163438	
1.18	0.0189127 0.000202219 0.163539	
1.19	0.0189052 0.000203467 0.163639	
1.2	0.0188978 0.000204714 0.163739	
1.21	0.0188904 0.000205959 0.163838	
1.22	0.0188829 0.000207202 0.163938	
1.23	0.0188755 0.000208443 0.164037	
1.24	0.0188682 0.000209682 0.164136	
1.25	0.0188608 0.000210919 0.164235	
1.26	0.0188534 0.000212154 0.164334	
1.27	0.0188461 0.000213387 0.164433	
1.28	0.0188388 0.000214618 0.164531	
1.29	0.0188315 0.000215847 0.164629	
1.3	0.0188242 0.000217073 0.164727	
1.31	0.0188169 0.000218298 0.164825	
1.32	0.0188096 0.00021952 0.164923	
1.33	0.0188024 0.00022074 0.16502	
1.34	0.0187952 0.000221957 0.165117	
1.35	0.0187879 0.000223172 0.165215	
1.36	0.0187807 0.000224385 0.165311	
1.37	0.0187735 0.000225595 0.165408	
1.38	0.0187664 0.000226803 0.165505	
1.39	0.0187592 0.000228008 0.165601	
1.4	0.018752 0.000229211 0.165697	
1.41	0.0187449 0.000230411 0.165793	
1.42	0.0187378 0.000231609 0.165889	
1.43	0.0187306 0.000232804 0.165985	
1.44	0.0187235 0.000233997 0.16608	
1.45	0.0187165 0.000235186 0.166176	
1.46	0.0187094 0.000236373 0.166271	
1.47	0.0187023 0.000237558 0.166366	
1.48	0.0186953 0.000238739 0.166461	
1.49	0.0186882 0.000239918 0.166555	
1.5	0.0186812 0.000241094 0.16665	
1.51	0.0186742 0.000242267 0.166744	
1.52	0.0186672 0.000243438 0.166838	
1.53	0.0186602 0.000244605 0.166932	
1.54	0.0186532 0.00024577 0.167026	
1.55	0.0186462 0.000246931 0.16712	
1.56	0.0186393 0.00024809 0.167213	
1.57	0.0186323 0.000249246 0.167306	
1.58	0.0186254 0.000250399 0.167399	
1.59	0.0186185 0.000251549 0.167492	
1.6	0.0186116 0.000252696 0.167585	
1.61	0.0186046 0.00025384 0.167678	
1.62	0.0185978 0.000254981 0.16777	
1.63	0.0185909 0.000256119 0.167863	
1.64	0.018584 0.000257254 0.167955	
1.65	0.0185771 0.000258385 0.168047	
1.66	0.0185703 0.000259514 0.168139	
1.67	0.0185634 0.00026064 0.16823	
1.68	0.0185566 0.000261762 0.168322	
1.69	0.0185498 0.000262882 0.168413	
1.7	0.018543 0.000263998 0.168505	
1.71	0.0185362 0.000265111 0.168596	
1.72	0.0185294 0.000266221 0.168687	
1.73	0.0185226 0.000267328 0.168777	
1.74	0.0185158 0.000268432 0.168868	
1.75	0.0185091 0.000269532 0.168958	
1.76	0.0185023 0.000270629 0.169049	
1.77	0.0184956 0.000271723 0.169139	
1.78	0.0184888 0.000272814 0.169229	
1.79	0.0184821 0.000273902 0.169319	
1.8	0.0184754 0.000274986 0.169409	
1.81	0.0184687 0.000276067 0.169498	
1.82	0.018462 0.000277145 0.169587	
1.83	0.0184553 0.00027822 0.169677	
1.84	0.0184486 0.000279291 0.169766	
1.85	0.0184419 0.00028036 0.169855	
1.86	0.0184353 0.000281424 0.169944	
1.87	0.0184286 0.000282486 0.170032	
1.88	0.018422 0.000283544 0.170121	
1.89	0.0184153 0.000284599 0.170209	
1.9	0.0184087 0.000285651 0.170298	
1.91	0.0184021 0.000286699 0.170386	
1.92	0.0183955 0.000287745 0.170474	
1.93	0.0183888 0.000288786 0.170562	
1.94	0.0183822 0.000289825 0.170649	
1.95	0.0183757 0.00029086 0.170737	
1.96	0.0183691 0.000291892 0.170824	
1.97	0.0183625 0.00029292 0.170911	
1.98	0.0183559 0.000293946 0.170999	
1.99	0.0183494 0.000294967 0.171086	
2	0.0183428 0.000295986 0.171172	
2.01	0.0183363 0.000297001 0.171259	
2.02	0.0183297 0.000298013 0.171346	
2.03	0.0183232 0.000299022 0.171432	
2.04	0.0183167 0.000300027 0.171519	
2.05	0.0183102 0.000301029 0.171605	
2.06	0.0183037 0.000302027 0.171691	
2.07	0.0182972 0.000303022 0.171777	
2.08	0.0182907 0.000304014 0.171862	
2.09	0.0182842 0.000305002 0.171948	
2.1	0.0182777 0.000305988 0.172034	
2.11	0.0182712 0.000306969 0.172119	
2.12	0.0182648 0.000307948 0.172204	
2.13	0.0182583 0.000308923 0.172289	
2.14	0.0182518 0.000309894 0.172374	
2.15	0.0182454 0.000310863 0.172459	
2.16	0.018239 0.000311828 0.172544	
2.17	0.0182325 0.000312789 0.172629	
2.18	0.0182261 0.000313748 0.172713	
2.19	0.0182197 0.000314703 0.172797	
2.2	0.0182133 0.000315654 0.172882	
2.21	0.0182069 0.000316603 0.172966	
2.22	0.0182005 0.000317547 0.17305	
2.23	0.0181941 0.000318489 0.173133	
2.24	0.0181877 0.000319427 0.173217	
2.25	0.0181813 0.000320362 0.173301	
2.26	0.0181749 0.000321294 0.173384	
2.27	0.0181686 0.000322222 0.173468	
2.28	0.0181622 0.000323147 0.173551	
2.29	0.0181559 0.000324068 0.173634	
2.3	0.0181495 0.000324987 0.173717	
2.31	0.0181432 0.000325902 0.1738	
2.32	0.0181368 0.000326813 0.173882	
2.33	0.0181305 0.000327721 0.173965	
2.34	0.0181242 0.000328626 0.174048	
2.35	0.0181178 0.000329528 0.17413	
2.36	0.0181115 0.000330426 0.174212	
2.37	0.0181052 0.000331321 0.174294	
2.38	0.0180989 0.000332213 0.174376	
2.39	0.0180926 0.000333101 0.174458	
2.4	0.0180863 0.000333986 0.17454	
2.41	0.01808 0.000334868 0.174622	
2.42	0.0180738 0.000335746 0.174703	
2.43	0.0180675 0.000336622 0.174785	
2.44	0.0180612 0.000337494 0.174866	
2.45	0.018055 0.000338362 0.174947	
2.46	0.0180487 0.000339227 0.175028	
2.47	0.0180424 0.00034009 0.175109	
2.48	0.0180362 0.000340948 0.17519	
2.49	0.01803 0.000341804 0.175271	
2.5	0.0180237 0.000342656 0.175351	
2.51	0.0180175 0.000343505 0.175432	
2.52	0.0180113 0.000344351 0.175512	
2.53	0.018005 0.000345193 0.175592	
2.54	0.0179988 0.000346032 0.175672	
2.55	0.0179926 0.000346868 0.175753	
2.56	0.0179864 0.000347701 0.175832	
2.57	0.0179802 0.000348531 0.175912	
2.58	0.017974 0.000349357 0.175992	
2.59	0.0179678 0.00035018 0.176072	
2.6	0.0179616 0.000351 0.176151	
2.61	0.0179554 0.000351816 0.17623	
2.62	0.0179493 0.00035263 0.17631	
2.63	0.0179431 0.00035344 0.176389	
2.64	0.0179369 0.000354247 0.176468	
2.65	0.0179308 0.000355051 0.176547	
2.66	0.0179246 0.000355851 0.176626	
2.67	0.0179184 0.000356649 0.176704	
2.68	0.0179123 0.000357443 0.176783	
2.69	0.0179062 0.000358234 0.176862	
2.7	0.0179 0.000359022 0.17694	
2.71	0.0178939 0.000359806 0.177018	
2.72	0.0178877 0.000360588 0.177096	
2.73	0.0178816 0.000361366 0.177174	
2.74	0.0178755 0.000362141 0.177252	
2.75	0.0178694 0.000362914 0.17733	
2.76	0.0178633 0.000363682 0.177408	
2.77	0.0178572 0.000364448 0.177486	
2.78	0.0178511 0.000365211 0.177563	
2.79	0.017845 0.000365971 0.177641	
2.8	0.0178389 0.000366727 0.177718	
2.81	0.0178328 0.00036748 0.177795	
2.82	0.0178267 0.00036823 0.177873	
2.83	0.0178206 0.000368978 0.17795	
2.84	0.0178145 0.000369722 0.178027	
2.85	0.0178084 0.000370462 0.178103	
2.86	0.0178024 0.0003712 0.17818	
2.87	0.0177963 0.000371935 0.178257	
2.88	0.0177903 0.000372667 0.178333	
2.89	0.0177842 0.000373395 0.17841	
2.9	0.0177781 0.000374121 0.178486	
2.91	0.0177721 0.000374843 0.178562	
2.92	0.017766 0.000375563 0.178638	
2.93	0.01776 0.000376279 0.178714	
2.94	0.017754 0.000376993 0.17879	
2.95	0.0177479 0.000377703 0.178866	
2.96	0.0177419 0.00037841 0.178942	
2.97	0.0177359 0.000379115 0.179018	
2.98	0.0177298 0.000379816 0.179093	
2.99	0.0177238 0.000380514 0.179169	
3	0.0177178 0.000381209 0.179244	
3.01	0.0177118 0.000381902 0.179319	
3.02	0.0177058 0.000382591 0.179394	
3.03	0.0176998 0.000383277 0.179469	
3.04	0.0176938 0.000383961 0.179544	
3.05	0.0176878 0.000384641 0.179619	
3.06	0.0176818 0.000385318 0.179694	
3.07	0.0176758 0.000385993 0.179769	
3.08	0.0176698 0.000386664 0.179843	
3.09	0.0176638 0.000387333 0.179918	
3.1	0.0176579 0.000387998 0.179992	
3.11	0.0176519 0.000388661 0.180066	
3.12	0.0176459 0.000389321 0.180141	
3.13	0.01764 0.000389977 0.180215	
3.14	0.017634 0.000390631 0.180289	
3.15	0.017628 0.000391282 0.180363	
3.16	0.0176221 0.00039193 0.180437	
3.17	0.0176161 0.000392575 0.18051	
3.18	0.0176102 0.000393218 0.180584	
3.19	0.0176042 0.000393857 0.180657	
3.2	0.0175983 0.000394494 0.180731	
3.21	0.0175923 0.000395127 0.180804	
3.22	0.0175864 0.000395758 0.180878	
3.23	0.0175805 0.000396386 0.180951	
3.24	0.0175745 0.000397011 0.181024	
3.25	0.0175686 0.000397633 0.181097	
3.26	0.0175627 0.000398253 0.18117	
3.27	0.0175568 0.000398869 0.181243	
3.28	0.0175508 0.000399483 0.181315	
3.29	0.0175449 0.000400094 0.181388	
3.3	0.017539 0.000400702 0.181461	
3.31	0.0175331 0.000401307 0.181533	
3.32	0.0175272 0.00040191 0.181606	
3.33	0.0175213 0.000402509 0.181678	
3.34	0.0175154 0.000403106 0.18175	
3.35	0.0175095 0.0004037 0.181822	
3.36	0.0175036 0.000404291 0.181894	
3.37	0.0174977 0.00040488 0.181966	
3.38	0.0174918 0.000405466 0.182038	
3.39	0.0174859 0.000406049 0.18211	
3.4	0.0174801 0.000406629 0.182181	
3.41	0.0174742 0.000407207 0.182253	
3.42	0.0174683 0.000407781 0.182325	
3.43	0.0174624 0.000408353 0.182396	
3.44	0.0174566 0.000408923 0.182467	
3.45	0.0174507 0.000409489 0.182539	
3.46	0.0174448 0.000410053 0.18261	
3.47	0.017439 0.000410614 0.182681	
3.48	0.0174331 0.000411173 0.182752	
3.49	0.0174273 0.000411729 0.182823	
3.5	0.0174214 0.000412282 0.182894	
3.51	0.0174156 0.000412832 0.182964	
3.52	0.0174097 0.00041338 0.183035	
3.53	0.0174039 0.000413925 0.183106	
3.54	0.017398 0.000414467 0.183176	
3.55	0.0173922 0.000415007 0.183247	
3.56	0.0173864 0.000415544 0.183317	
3.57	0.0173805 0.000416079 0.183387	
3.58	0.0173747 0.000416611 0.183457	
3.59	0.0173689 0.00041714 0.183528	
3.6	0.017363 0.000417666 0.183598	
3.61	0.0173572 0.00041819 0.183668	
3.62	0.0173514 0.000418712 0.183737	
3.63	0.0173456 0.00041923 0.183807	
3.64	0.0173398 0.000419746 0.183877	
3.65	0.0173339 0.00042026 0.183946	
3.66	0.0173281 0.000420771 0.184016	
3.67	0.0173223 0.000421279 0.184085	
3.68	0.0173165 0.000421785 0.184155	
3.69	0.0173107 0.000422288 0.184224	
3.7	0.0173049 0.000422789 0.184293	
3.71	0.0172991 0.000423287 0.184362	
3.72	0.0172933 0.000423783 0.184432	
3.73	0.0172875 0.000424276 0.184501	
3.74	0.0172817 0.000424766 0.184569	
3.75	0.017276 0.000425254 0.184638	
3.76	0.0172702 0.000425739 0.184707	
3.77	0.0172644 0.000426222 0.184776	
3.78	0.0172586 0.000426703 0.184844	
3.79	0.0172528 0.000427181 0.184913	
3.8	0.0172471 0.000427656 0.184981	
3.81	0.0172413 0.000428129 0.18505	
3.82	0.0172355 0.000428599 0.185118	
3.83	0.0172297 0.000429067 0.185186	
3.84	0.017224 0.000429533 0.185254	
3.85	0.0172182 0.000429996 0.185322	
3.86	0.0172125 0.000430456 0.18539	
3.87	0.0172067 0.000430914 0.185458	
3.88	0.0172009 0.00043137 0.185526	
3.89	0.0171952 0.000431823 0.185594	
3.9	0.0171894 0.000432274 0.185661	
3.91	0.0171837 0.000432722 0.185729	
3.92	0.0171779 0.000433168 0.185796	
3.93	0.0171722 0.000433611 0.185864	
3.94	0.0171664 0.000434052 0.185931	
3.95	0.0171607 0.000434491 0.185999	
3.96	0.017155 0.000434927 0.186066	
3.97	0.0171492 0.000435361 0.186133	
3.98	0.0171435 0.000435792 0.1862	
3.99	0.0171378 0.000436221 0.186267	
4	0.0171378 0.000436221 0.186267	
4.01	0.0171378 0.000436221 0.186267	
4.02	0.0171378 0.000436221 0.186267	
4.03	0.0171378 0.000436221 0.186267	
4.04	0.0171378 0.000436221 0.186267	
4.05	0.0171378 0.000436221 0.186267	
4.06	0.0171378 0.000436221 0.186267	
4.07	0.0171378 0.000436221 0.186267	
4.08	0.0171378 0.000436221 0.186267	
4.09	0.0171378 0.000436221 0.186267	
4.1	0.0171378 0.000436221 0.186267	
4.11	0.0171378 0.000436221 0.186267	
4.12	0.0171378 0.000436221 0.186267	
4.13	0.0171378 0.000436221 0.186267	
4.14	0.0171378 0.000436221 0.186267	
4.15	0.0171378 0.000436221 0.186267	
4.16	0.0171378 0.000436221 0.186267	
4.17	0.0171378 0.000436221 0.186267	
4.18	0.0171378 0.000436221 0.186267	
4.19	0.0171378 0.000436221 0.186267	
4.2	0.0171378 0.000436221 0.186267	
4.21	0.0171378 0.000436221 0.186267	
4.22	0.0171378 0.000436221 0.186267	
4.23	0.0171378 0.000436221 0.186267	
4.24	0.0171378 0.000436221 0.186267	
4.25	0.0171378 0.000436221 0.186267	
4.26	0.0171378 0.000436221 0.186267	
4.27	0.0171378 0.000436221 0.186267	
4.28	0.0171378 0.000436221 0.186267	
4.29	0.0171378 0.000436221 0.186267	
4.3	0.0171378 0.000436221 0.186267	
4.31	0.0171378 0.000436221 0.186267	
4.32	0.0171378 0.000436221 0.186267	
4.33	0.0171378 0.000436221 0.186267	
4.34	0.0171378 0.000436221 0.186267	
4.35	0.0171378 0.000436221 0.186267	
4.36	0.0171378 0.000436221 0.186267	
4.37	0.0171378 0.000436221 0.186267	
4.38	0.0171378 0.000436221 0.186267	
4.39	0.0171378 0.000436221 0.186267	
4.4	0.0171378 0.000436221 0.186267	
4.41	0.0171378 0.000436221 0.186267	
4.42	0.0171378 0.000436221 0.186267	
4.43	0.0171378 0.000436221 0.186267	
4.44	0.0171378 0.000436221 0.186267	
4.45	0.0171378 0.000436221 0.186267	
4.46	0.0171378 0.000436221 0.186267	
4.47	0.0171378 0.000436221 0.186267	
4.48	0.0171378 0.000436221 0.186267	
4.49	0.0171378 0.000436221 0.186267	
4.5	0.0171378 0.000436221 0.186267	
4.51	0.0171378 0.000436221 0.186267	
4.52	0.0171378 0.000436221 0.186267	
4.53	0.0171378 0.000436221 0.186267	
4.54	0.0171378 0.000436221 0.186267	
4.55	0.0171378 0.000436221 0.186267	
4.56	0.0171378 0.000436221 0.186267	
4.57	0.0171378 0.000436221 0.186267	
4.58	0.0171378 0.000436221 0.186267	
4.59	0.0171378 0.000436221 0.186267	
4.6	0.0171378 0.000436221 0.186267	
4.61	0.0171378 0.000436221 0.186267	
4.62	0.0171378 0.000436221 0.186267	
4.63	0.0171378 0.000436221 0.186267	
4.64	0.0171378 0.000436221 0.186267	
4.65	0.0171378 0.000436221 0.186267	
4.66	0.0171378 0.000436221 0.186267	
4.67	0.0171378 0.000436221 0.186267	
4.68	0.0171378 0.000436221 0.186267	
4.69	0.0171378 0.000436221 0.186267	
4.7	0.0171378 0.000436221 0.186267	
4.71	0.0171378 0.000436221 0.186267	
4.72	0.0171378 0.000436221 0.186267	
4.73	0.0171378 0.000436221 0.186267	
4.74	0.0171378 0.000436221 0.186267	
4.75	0.0171378 0.000436221 0.186267	
4.76	0.0171378 0.000436221 0.186267	
4.77	0.0171378 0.000436221 0.186267	
4.78	0.0171378 0.000436221 0.186267	
4.79	0.0171378 0.000436221 0.186267	
4.8	0.0171378 0.000436221 0.186267	
4.81	0.0171378 0.000436221 0.186267	
4.82	0.0171378 0.000436221 0.186267	
4.83	0.0171378 0.000436221 0.186267	
4.84	0.0171378 0.000436221 0.186267	
4.85	0.0171378 0.000436221 0.186267	
4.86	0.0171378 0.000436221 0.186267	
4.87	0.0171378 0.000436221 0.186267	
4.88	0.0171378 0.000436221 0.186267	
4.89	0.0171378 0.000436221 0.186267	
4.9	0.0171378 0.000436221 0.186267	
4.91	0.0171378 0.000436221 0.186267	
4.92	0.0171378 0.000436221 0.186267	
4.93	0.0171378 0.000436221 0.186267	
4.94	0.0171378 0.000436221 0.186267	
4.95	0.0171378 0.000436221 0.186267	
4.96	0.0171378 0.000436221 0.186267	
4.97	0.0171378 0.000436221 0.186267	
4.98	0.0171378 0.000436221 0.186267	
4.99	0.0171378 0.000436221 0.186267	
5	0.0171378 0.000436221 0.186267	
5.01	0.0171378 0.000436221 0.186267	
5.02	0.0171378 0.000436221 0.186267	
5.03	0.0171378 0.000436221 0.186267	
5.04	0.0171378 0.000436221 0.186267	
5.05	0.0171378 0.000436221 0.186267	
5.06	0.0171378 0.000436221 0.186267	
5.07	0.0171378 0.000436221 0.186267	
5.08	0.0171378 0.000436221 0.186267	
5.09	0.0171378 0.000436221 0.186267	
5.1	0.0171378 0.000436221 0.186267	
5.11	0.0171378 0.000436221 0.186267	
5.12	0.0171378 0.000436221 0.186267	
5.13	0.0171378 0.000436221 0.186267	
5.14	0.0171378 0.000436221 0.186267	
5.15	0.0171378 0.000436221 0.186267	
5.16	0.0171378 0.000436221 0.186267	
5.17	0.0171378 0.000436221 0.186267	
5.18	0.0171378 0.000436221 0.186267	
5.19	0.0171378 0.000436221 0.186267	
5.2	0.0171378 0.000436221 0.186267	
5.21	0.0171378 0.000436221 0.186267	
5.22	0.0171378 0.000436221 0.186267	
5.23	0.0171378 0.000436221 0.186267	
5.24	0.0171378 0.000436221 0.186267	
5.25	0.0171378 0.000436221 0.186267	
5.26	0.0171378 0.000436221 0.186267	
5.27	0.0171378 0.000436221 0.186267	
5.28	0.0171378 0.000436221 0.186267	
5.29	0.0171378 0.000436221 0.186267	
5.3	0.0171378 0.000436221 0.186267	
5.31	0.0171378 0.000436221 0.186267	
5.32	0.0171378 0.000436221 0.186267	
5.33	0.0171378 0.000436221 0.186267	
5.34	0.0171378 0.000436221 0.186267	
5.35	0.0171378 0.000436221 0.186267	
5.36	0.0171378 0.000436221 0.186267	
5.37	0.0171378 0.000436221 0.186267	
5.38	0.0171378 0.000436221 0.186267	
5.39	0.0171378 0.000436221 0.186267	
5.4	0.0171378 0.000436221 0.186267	
5.41	0.0171378 0.000436221 0.186267	
5.42	0.0171378 0.000436221 0.186267	
5.43	0.0171378 0.000436221 0.186267	
5.44	0.0171378 0.000436221 0.186267	
5.45	0.0171378 0.000436221 0.186267	
5.46	0.0171378 0.000436221 0.186267	
5.47	0.0171378 0.000436221 0.186267	
5.48	0.0171378 0.000436221 0.186267	
5.49	0.0171378 0.000436221 0.186267	
5.5	0.0171378 0.000436221 0.186267	
5.51	0.0171378 0.000436221 0.186267	
5.52	0.0171378 0.000436221 0.186267	
5.53	0.0171378 0.000436221 0.186267	
5.54	0.0171378 0.000436221 0.186267	
5.55	0.0171378 0.000436221 0.186267	
5.56	0.0171378 0.000436221 0.186267	
5.57	0.0171378 0.000436221 0.186267	
5.58	0.0171378 0.000436221 0.186267	
5.59	0.0171378 0.000436221 0.186267	
5.6	0.0171378 0.000436221 0.186267	
5.61	0.0171378 0.000436221 0.186267	
5.62	0.0171378 0.000436221 0.186267	
5.63	0.0171378 0.000436221 0.186267	
5.64	0.0171378 0.000436221 0.186267	
5.65	0.0171378 0.000436221 0.186267	
5.66	0.0171378 0.000436221 0.186267	
5.67	0.0171378 0.000436221 0.186267	
5.68	0.0171378 0.000436221 0.186267	
5.69	0.0171378 0.000436221 0.186267	
5.7	0.0171378 0.000436221 0.186267	
5.71	0.0171378 0.000436221 0.186267	
5.72	0.0171378 0.000436221 0.186267	
5.73	0.0171378 0.000436221 0.186267	
5.74	0.0171378 0.000436221 0.186267	
5.75	0.0171378 0.000436221 0.186267	
5.76	0.0171378 0.000436221 0.186267	
5.77	0.0171378 0.000436221 0.186267	
5.78	0.0171378 0.000436221 0.186267	
5.79	0.0171378 0.000436221 0.186267	
5.8	0.0171378 0.000436221 0.186267	
5.81	0.0171378 0.000436221 0.186267	
5.82	0.0171378 0.000436221 0.186267	
5.83	0.0171378 0.000436221 0.186267	
5.84	0.0171378 0.000436221 0.186267	
5.85	0.0171378 0.000436221 0.186267	
5.86	0.0171378 0.000436221 0.186267	
5.87	0.0171378 0.000436221 0.186267	
5.88	0.0171378 0.000436221 0.186267	
5.89	0.0171378 0.000436221 0.186267	
5.9	0.0171378 0.000436221 0.186267	
5.91	0.0171378 0.000436221 0.186267	
5.92	0.0171378 0.000436221 0.186267	
5.93	0.0171378 0.000436221 0.186267	
5.94	0.0171378 0.000436221 0.186267	
5.95	0.0171378 0.000436221 0.186267	
5.96	0.0171378 0.000436221 0.186267	
5.97	0.0171378 0.000436221 0.186267	
5.98	0.0171378 0.000436221 0.186267	
5.99	0.0171378 0.000436221 0.186267	
6	0.0171378 0.000436221 0.186267	
6.01	0.0171378 0.000436221 0.186267	
6.02	0.0171378 0.000436221 0.186267	
6.03	0.0171378 0.000436221 0.186267	
6.04	0.0171378 0.000436221 0.186267	
6.05	0.0171378 0.000436221 0.186267	
6.06	0.0171378 0.000436221 0.186267	
6.07	0.0171378 0.000436221 0.186267	
6.08	0.0171378 0.000436221 0.186267	
6.09	0.0171378 0.000436221 0.186267	
6.1	0.0171378 0.000436221 0.186267	
6.11	0.0171378 0.000436221 0.186267	
6.12	0.0171378 0.000436221 0.186267	
6.13	0.0171378 0.000436221 0.186267	
6.14	0.0171378 0.000436221 0.186267	
6.15	0.0171378 0.000436221 0.186267	
6.16	0.0171378 0.000436221 0.186267	
6.17	0.0171378 0.000436221 0.186267	
6.18	0.0171378 0.000436221 0.186267	
6.19	0.0171378 0.000436221 0.186267	
6.2	0.0171378 0.000436221 0.186267	
6.21	0.0171378 0.000436221 0.186267	
6.22	0.0171378 0.000436221 0.186267	
6.23	0.0171378 0.000436221 0.186267	
6.24	0.0171378 0.000436221 0.186267	
6.25	0.0171378 0.000436221 0.186267	
6.26	0.0171378 0.000436221 0.186267	
6.27	0.0171378 0.000436221 0.186267	
6.28	0.0171378 0.000436221 0.186267	
6.29	0.0171378 0.000436221 0.186267	
6.3	0.0171378 0.000436221 0.186267	
6.31	0.0171378 0.000436221 0.186267	
6.32	0.0171378 0.000436221 0.186267	
6.33	0.0171378 0.000436221 0.186267	
6.34	0.0171378 0.000436221 0.186267	
6.35	0.0171378 0.000436221 0.186267	
6.36	0.0171378 0.000436221 0.186267	
6.37	0.0171378 0.000436221 0.186267	
6.38	0.0171378 0.000436221 0.186267	
6.39	0.0171378 0.000436221 0.186267	
6.4	0.0171378 0.000436221 0.186267	
6.41	0.0171378 0.000436221 0.186267	
6.42	0.0171378 0.000436221 0.186267	
6.43	0.0171378 0.000436221 0.186267	
6.44	0.0171378 0.000436221 0.186267	
6.45	0.0171378 0.000436221 0.186267	
6.46	0.0171378 0.000436221 0.186267	
6.47	0.0171378 0.000436221 0.186267	
6.48	0.0171378 0.000436221 0.186267	
6.49	0.0171378 0.000436221 0.186267	
6.5	0.0171378 0.000436221 0.186267	
6.51	0.0171378 0.000436221 0.186267	
6.52	0.0171378 0.000436221 0.186267	
6.53	0.0171378 0.000436221 0.186267	
6.54	0.0171378 0.000436221 0.186267	
6.55	0.0171378 0.000436221 0.186267	
6.56	0.0171378 0.000436221 0.186267	
6.57	0.0171378 0.000436221 0.186267	
6.58	0.0171378 0.000436221 0.186267	
6.59	0.0171378 0.000436221 0.186267	
6.6	0.0171378 0.000436221 0.186267	
6.61	0.0171378 0.000436221 0.186267	
6.62	0.0171378 0.000436221 0.186267	
6.63	0.0171378 0.000436221 0.186267	
6.64	0.0171378 0.000436221 0.186267	
6.65	0.0171378 0.000436221 0.186267	
6.66	0.0171378 0.000436221 0.186267	
6.67	0.0171378 0.000436221 0.186267	
6.68	0.0171378 0.000436221 0.186267	
6.69	0.0171378 0.000436221 0.186267	
6.7	0.0171378 0.000436221 0.186267	
6.71	0.0171378 0.000436221 0.186267	
6.72	0.0171378 0.000436221 0.186267	
6.73	0.0171378 0.000436221 0.186267	
6.74	0.0171378 0.000436221 0.186267	
6.75	0.0171378 0.000436221 0.186267	
6.76	0.0171378 0.000436221 0.186267	
6.77	0.0171378 0.000436221 0.186267	
6.78	0.0171378 0.000436221 0.186267	
6.79	0.0171378 0.000436221 0.186267	
6.8	0.0171378 0.000436221 0.186267	
6.81	0.0171378 0.000436221 0.186267	
6.82	0.0171378 0.000436221 0.186267	
6.83	0.0171378 0.000436221 0.186267	
6.84	0.0171378 0.000436221 0.186267	
6.85	0.0171378 0.000436221 0.186267	
6.86	0.0171378 0.000436221 0.186267	
6.87	0.0171378 0.000436221 0.186267	
6.88	0.0171378 0.000436221 0.186267	
6.89	0.0171378 0.000436221 0.186267	
6.9	0.0171378 0.000436221 0.186267	
6.91	0.0171378 0.000436221 0.186267	
6.92	0.0171378 0.000436221 0.186267	
6.93	0.0171378 0.000436221 0.186267	
6.94	0.0171378 0.000436221 0.186267	
6.95	0.0171378 0.000436221 0.186267	
6.96	0.0171378 0.000436221 0.186267	
6.97	0.0171378 0.000436221 0.186267	
6.98	0.0171378 0.000436221 0.186267	
6.99	0.0171378 0.000436221 0.186267	
7	0.0171378 0.000436221 0.186267	
7.01	0.0171378 0.000436221 0.186267	
7.02	0.0171378 0.000436221 0.186267	
7.03	0.0171378 0.000436221 0.186267	
7.04	0.0171378 0.000436221 0.186267	
7.05	0.0171378 0.000436221 0.186267	
7.06	0.0171378 0.000436221 0.186267	
7.07	0.0171378 0.000436221 0.186267	
7.08	0.0171378 0.000436221 0.186267	
7.09	0.0171378 0.000436221 0.186267	
7.1	0.0171378 0.000436221 0.186267	
7.11	0.0171378 0.000436221 0.186267	
7.12	0.0171378 0.000436221 0.186267	
7.13	0.0171378 0.000436221 0.186267	
7.14	0.0171378 0.000436221 0.186267	
7.15	0.0171378 0.000436221 0.186267	
7.16	0.0171378 0.000436221 0.186267	
7.17	0.0171378 0.000436221 0.186267	
7.18	0.0171378 0.000436221 0.186267	
7.19	0.0171378 0.000436221 0.186267	
7.2	0.0171378 0.000436221 0.186267	
7.21	0.0171378 0.000436221 0.186267	
7.22	0.0171378 0.000436221 0.186267	
7.23	0.0171378 0.000436221 0.186267	
7.24	0.0171378 0.000436221 0.186267	
7.25	0.0171378 0.000436221 0.186267	
7.26	0.0171378 0.000436221 0.186267	
7.27	0.0171378 0.000436221 0.186267	
7.28	0.0171378 0.000436221 0.186267	
7.29	0.0171378 0.000436221 0.186267	
7.3	0.0171378 0.000436221 0.186267	
7.31	0.0171378 0.000436221 0.186267	
7.32	0.0171378 0.000436221 0.186267	
7.33	0.0171378 0.000436221 0.186267	
7.34	0.0171378 0.000436221 0.186267	
7.35	0.0171378 0.000436221 0.186267	
7.36	0.0171378 0.000436221 0.186267	
7.37	0.0171378 0.000436221 0.186267	
7.38	0.0171378 0.000436221 0.186267	
7.39	0.0171378 0.000436221 0.186267	
7.4	0.0171378 0.000436221 0.186267	
7.41	0.0171378 0.000436221 0.186267	
7.42	0.0171378 0.000436221 0.186267	
7.43	0.0171378 0.000436221 0.186267	
7.44	0.0171378 0.000436221 0.186267	
7.45	0.0171378 0.000436221 0.186267	
7.46	0.0171378 0.000436221 0.186267	
7.47	0.0171378 0.000436221 0.186267	
7.48	0.0171378 0.000436221 0.186267	
7.49	0.0171378 0.000436221 0.186267	
7.5	0.0171378 0.000436221 0.186267	
7.51	0.0171378 0.000436221 0.186267	
7.52	0.0171378 0.000436221 0.186267	
7.53	0.0171378 0.000436221 0.186267	
7.54	0.0171378 0.000436221 0.186267	
7.55	0.0171378 0.000436221 0.186267	
7.56	0.0171378 0.000436221 0.186267	
7.57	0.0171378 0.000436221 0.186267	
7.58	0.0171378 0.000436221 0.186267	
7.59	0.0171378 0.000436221 0.186267	
7.6	0.0171378 0.000436221 0.186267	
7.61	0.0171378 0.000436221 0.186267	
7.62	0.0171378 0.000436221 0.186267	
7.63	0.0171378 0.000436221 0.186267	
7.64	0.0171378 0.000436221 0.186267	
7.65	0.0171378 0.000436221 0.186267	
7.66	0.0171378 0.000436221 0.186267	
7.67	0.0171378 0.000436221 0.186267	
7.68	0.0171378 0.000436221 0.186267	
7.69	0.0171378 0.000436221 0.186267	
7.7	0.0171378 0.000436221 0.186267	
7.71	0.0171378 0.000436221 0.186267	
7.72	0.0171378 0.000436221 0.186267	
7.73	0.0171378 0.000436221 0.186267	
7.74	0.0171378 0.000436221 0.186267	
7.75	0.0171378 0.000436221 0.186267	
7.76	0.0171378 0.000436221 0.186267	
7.77	0.0171378 0.000436221 0.186267	
7.78	0.0171378 0.000436221 0.186267	
7.79	0.0171378 0.000436221 0.186267	
7.8	0.0171378 0.000436221 0.186267	
7.81	0.0171378 0.000436221 0.186267	
7.82	0.0171378 0.000436221 0.186267	
7.83	0.0171378 0.000436221 0.186267	
7.84	0.0171378 0.000436221 0.186267	
7.85	0.0171378 0.000436221 0.186267	
7.86	0.0171378 0.000436221 0.186267	
7.87	0.0171378 0.000436221 0.186267	
7.88	0.0171378 0.000436221 0.186267	
7.89	0.0171378 0.000436221 0.186267	
7.9	0.0171378 0.000436221 0.186267	
7.91	0.0171378 0.000436221 0.186267	
7.92	0.0171378 0.000436221 0.186267	
7.93	0.0171378 0.000436221 0.186267	
7.94	0.0171378 0.000436221 0.186267	
7.95	0.0171378 0.000436221 0.186267	
7.96	0.0171378 0.000436221 0.186267	
7.97	0.0171378 0.000436221 0.186267	
7.98	0.0171378 0.000436221 0.186267	
7.99	0.0171378 0.000436221 0.186267	
8	0.0171378 0.000436221 0.186267	
8.01	0.0171378 0.000436221 0.186267	
8.02	0.0171378 0.000436221 0.186267	
8.03	0.0171378 0.000436221 0.186267	
8.04	0.0171378 0.000436221 0.186267	
8.05	0.0171378 0.000436221 0.186267	
8.06	0.0171378 0.000436221 0.186267	
8.07	0.0171378 0.000436221 0.186267	
8.08	0.0171378 0.000436221 0.186267	
8.09	0.0171378 0.000436221 0.186267	
8.1	0.0171378 0.000436221 0.186267	
8.11	0.0171378 0.000436221 0.186267	
8.12	0.0171378 0.000436221 0.186267	
8.13	0.0171378 0.000436221 0.186267	
8.14	0.0171378 0.000436221 0.186267	
8.15	0.0171378 0.000436221 0.186267	
8.16	0.0171378 0.000436221 0.186267	
8.17	0.0171378 0.000436221 0.186267	
8.18	0.0171378 0.000436221 0.186267	
8.19	0.0171378 0.000436221 0.186267	
8.2	0.0171378 0.000436221 0.186267	
8.21	0.0171378 0.000436221 0.186267	
8.22	0.0171378 0.000436221 0.186267	
8.23	0.0171378 0.000436221 0.186267	
8.24	0.0171378 0.000436221 0.186267	
8.25	0.0171378 0.000436221 0.186267	
8.26	0.0171378 0.000436221 0.186267	
8.27	0.0171378 0.000436221 0.186267	
8.28	0.0171378 0.000436221 0.186267	
8.29	0.0171378 0.000436221 0.186267	
8.3	0.0171378 0.000436221 0.186267	
8.31	0.0171378 0.000436221 0.186267	
8.32	0.0171378 0.000436221 0.186267	
8.33	0.0171378 0.000436221 0.186267	
8.34	0.0171378 0.000436221 0.186267	
8.35	0.0171378 0.000436221 0.186267	
8.36	0.0171378 0.000436221 0.186267	
8.37	0.0171378 0.000436221 0.186267	
8.38	0.0171378 0.000436221 0.186267	
8.39	0.0171378 0.000436221 0.186267	
8.4	0.0171378 0.000436221 0.186267	
8.41	0.0171378 0.000436221 0.186267	
8.42	0.0171378 0.000436221 0.186267	
8.43	0.0171378 0.000436221 0.186267	
8.44	0.0171378 0.000436221 0.186267	
8.45	0.0171378 0.000436221 0.186267	
8.46	0.0171378 0.000436221 0.186267	
8.47	0.0171378 0.000436221 0.186267	
8.48	0.0171378 0.000436221 0.186267	
8.49	0.0171378 0.000436221 0.186267	
8.5	0.0171378 0.000436221 0.186267	
8.51	0.0171378 0.000436221 0.186267	
8.52	0.0171378 0.000436221 0.186267	
8.53	0.0171378 0.000436221 0.186267	
8.54	0.0171378 0.000436221 0.186267	
8.55	0.0171378 0.000436221 0.186267	
8.56	0.0171378 0.000436221 0.186267	
8.57	0.0171378 0.000436221 0.186267	
8.58	0.0171378 0.000436221 0.186267	
8.59	0.0171378 0.000436221 0.186267	
8.6	0.0171378 0.000436221 0.186267	
8.61	0.0171378 0.000436221 0.186267	
8.62	0.0171378 0.000436221 0.186267	
8.63	0.0171378 0.000436221 0.186267	
8.64	0.0171378 0.000436221 0.186267	
8.65	0.0171378 0.000436221 0.186267	
8.66	0.0171378 0.000436221 0.186267	
8.67	0.0171378 0.000436221 0.186267	
8.68	0.0171378 0.000436221 0.186267	
8.69	0.0171378 0.000436221 0.186267	
8.7	0.0171378 0.000436221 0.186267	
8.71	0.0171378 0.000436221 0.186267	
8.72	0.0171378 0.000436221 0.186267	
8.73	0.0171378 0.000436221 0.186267	
8.74	0.0171378 0.000436221 0.186267	
8.75	0.0171378 0.000436221 0.186267	
8.76	0.0171378 0.000436221 0.186267	
8.77	0.0171378 0.000436221 0.186267	
8.78	0.0171378 0.000436221 0.186267	
8.79	0.0171378 0.000436221 0.186267	
8.8	0.0171378 0.000436221 0.186267	
8.81	0.0171378 0.000436221 0.186267	
8.82	0.0171378 0.000436221 0.186267	
8.83	0.0171378 0.000436221 0.186267	
8.84	0.0171378 0.000436221 0.186267	
8.85	0.0171378 0.000436221 0.186267	
8.86	0.0171378 0.000436221 0.186267	
8.87	0.0171378 0.000436221 0.186267	
8.88	0.0171378 0.000436221 0.186267	
8.89	0.0171378 0.000436221 0.186267	
8.9	0.0171378 0.000436221 0.186267	
8.91	0.0171378 0.000436221 0.186267	
8.92	0.0171378 0.000436221 0.186267	
8.93	0.0171378 0.000436221 0.186267	
8.94	0.0171378 0.000436221 0.186267	
8.95	0.0171378 0.000436221 0.186267	
8.96	0.0171378 0.000436221 0.186267	
8.97	0.0171378 0.000436221 0.186267	
8.98	0.0171378 0.000436221 0.186267	
8.99	0.0171378 0.000436221 0.186267	
9	0.0171378 0.000436221 0.186267	
9.01	0.0171378 0.000436221 0.186267	
9.02	0.0171378 0.000436221 0.186267	
9.03	0.0171378 0.000436221 0.186267	
9.04	0.0171378 0.000436221 0.186267	
9.05	0.0171378 0.000436221 0.186267	
9.06	0.0171378 0.000436221 0.186267	
9.07	0.0171378 0.000436221 0.186267	
9.08	0.0171378 0.000436221 0.186267	
9.09	0.0171378 0.000436221 0.186267	
9.1	0.0171378 0.000436221 0.186267	
9.11	0.0171378 0.000436221 0.186267	
9.12	0.0171378 0.000436221 0.186267	
9.13	0.0171378 0.000436221 0.186267	
9.14	0.0171378 0.000436221 0.186267	
9.15	0.0171378 0.000436221 0.186267	
9.16	0.0171378 0.000436221 0.186267	
9.17	0.0171378 0.000436221 0.186267	
9.18	0.0171378 0.000436221 0.186267	
9.19	0.0171378 0.000436221 0.186267	
9.2	0.0171378 0.000436221 0.186267	
9.21	0.0171378 0.000436221 0.186267	
9.22	0.0171378 0.000436221 0.186267	
9.23	0.0171378 0.000436221 0.186267	
9.24	0.0171378 0.000436221 0.186267	
9.25	0.0171378 0.000436221 0.186267	
9.26	0.0171378 0.000436221 0.186267	
9.27	0.0171378 0.000436221 0.186267	
9.28	0.0171378 0.000436221 0.186267	
9.29	0.0171378 0.000436221 0.186267	
9.3	0.0171378 0.000436221 0.186267	
9.31	0.0171378 0.000436221 0.186267	
9.32	0.0171378 0.000436221 0.186267	
9.33	0.0171378 0.000436221 0.186267	
9.34	0.0171378 0.000436221 0.186267	
9.35	0.0171378 0.000436221 0.186267	
9.36	0.0171378 0.000436221 0.186267	
9.37	0.0171378 0.000436221 0.186267	
9.38	0.0171378 0.000436221 0.186267	
9.39	0.0171378 0.000436221 0.186267	
9.4	0.0171378 0.000436221 0.186267	
9.41	0.0171378 0.000436221 0.186267	
9.42	0.0171378 0.000436221 0.186267	
9.43	0.0171378 0.000436221 0.186267	
9.44	0.0171378 0.000436221 0.186267	
9.45	0.0171378 0.000436221 0.186267	
9.46	0.0171378 0.000436221 0.186267	
9.47	0.0171378 0.000436221 0.186267	
9.48	0.0171378 0.000436221 0.186267	
9.49	0.0171378 0.000436221 0.186267	
9.5	0.0171378 0.000436221 0.186267	
9.51	0.0171378 0.000436221 0.186267	
9.52	0.0171378 0.000436221 0.186267	
9.53	0.0171378 0.000436221 0.186267	
9.54	0.0171378 0.000436221 0.186267	
9.55	0.0171378 0.000436221 0.186267	
9.56	0.0171378 0.000436221 0.186267	
9.57	0.0171378 0.000436221 0.186267	
9.58	0.0171378 0.000436221 0.186267	
9.59	0.0171378 0.000436221 0.186267	
9.6	0.0171378 0.000436221 0.186267	
9.61	0.0171378 0.000436221 0.186267	
9.62	0.0171378 0.000436221 0.186267	
9.63	0.0171378 0.000436221 0.186267	
9.64	0.0171378 0.000436221 0.186267	
9.65	0.0171378 0.000436221 0.186267	
9.66	0.0171378 0.000436221 0.186267	
9.67	0.0171378 0.000436221 0.186267	
9.68	0.0171378 0.000436221 0.186267	
9.69	0.0171378 0.000436221 0.186267	
9.7	0.0171378 0.000436221 0.186267	
9.71	0.0171378 0.000436221 0.186267	
9.72	0.0171378 0.000436221 0.186267	
9.73	0.0171378 0.000436221 0.186267	
9.74	0.0171378 0.000436221 0.186267	
9.75	0.0171378 0.000436221 0.186267	
9.76	0.0171378 0.000436221 0.186267	
9.77	0.0171378 0.000436221 0.186267	
9.78	0.0171378 0.000436221 0.186267	
9.79	0.0171378 0.000436221 0.186267	
9.8	0.0171378 0.000436221 0.186267	
9.81	0.0171378 0.000436221 0.186267	
9.82	0.0171378 0.000436221 0.186267	
9.83	0.0171378 0.000436221 0.186267	
9.84	0.0171378 0.000436221 0.186267	
9.85	0.0171378 0.000436221 0.186267	
9.86	0.0171378 0.000436221 0.186267	
9.87	0.0171378 0.000436221 0.186267	
9.88	0.0171378 0.000436221 0.186267	
9.89	0.0171378 0.000436221 0.186267	
9.9	0.0171378 0.000436221 0.186267	
9.91	0.0171378 0.000436221 0.186267	
9.92	0.0171378 0.000436221 0.186267	
9.93	0.0171378 0.000436221 0.186267	
9.94	0.0171378 0.000436221 0.186267	
9.95	0.0171378 0.000436221 0.186267	
9.96	0.0171378 0.000436221 0.186267	
9.97	0.0171378 0.000436221 0.186267	
9.98	0.0171378 0.000436221 0.186267	
9.99	0.0171378 0.000436221 0.186267	
10	0.0171378 0.000436221 0.186267	
10.01	0.0171378 0.000436221 0.186267	
10.02	0.0171378 0.000436221 0.186267	
10.03	0.0171378 0.000436221 0.186267	
10.04	0.0171378 0.000436221 0.186267	
10.05	0.0171378 0.000436221 0.186267	
10.06	0.0171378 0.000436221 0.186267	
10.07	0.0171378 0.000436221 0.186267	
10.08	0.0171378 0.000436221 0.186267	
10.09	0.0171378 0.000436221 0.186267	
10.1	0.0171378 0.000436221 0.186267	
10.11	0.0171378 0.000436221 0.186267	
10.12	0.0171378 0.000436221 0.186267	
10.13	0.0171378 0.000436221 0.186267	
10.14	0.0171378 0.000436221 0.186267	
10.15	0.0171378 0.000436221 0.186267	
10.16	0.0171378 0.000436221 0.186267	
10.17	0.0171378 0.000436221 0.186267	
10.18	0.0171378 0.000436221 0.186267	
10.19	0.0171378 0.000436221 0.186267	
