# Gnuplot File : positions of 3 particle(s) Monitored
# 1st Column : time  others : particle(s) number 0 1 2 
# nParticles : 3
0.001 0.00036248 9.649e-05 0.00020988 0.020138 0.00030067 0.0003211 0.040286 0.00025061 0.00015209
0.021 1.3739e-05 0.00023746 0.00047449 0.02011 -0.0011071 0.00020633 0.040337 -0.0017429 0.00044535
0.041 0.00033225 0.00045902 0.00039519 0.020185 -0.0013636 0.00016727 0.040381 -0.0021319 6.5156e-05
0.061 0.0003162 0.00015306 4.4409e-05 0.020172 -0.0001202 0.00026767 0.040293 -0.00048253 0.00045908
0.081 5.2571e-05 6.1869e-05 3.4418e-05 0.020246 -0.00035474 0.00046075 0.040422 -0.00089406 6.835e-05
0.101 0.00047093 0.00030294 0.00019007 0.020234 -0.0012034 0.00023721 0.040422 -0.0019928 0.00016371
0.121 0.00038336 6.1405e-05 0.00023588 0.020124 -0.00058418 0.00020204 0.040455 -0.00091117 0.0004891
0.141 0.00021809 0.00043649 0.00014167 0.020377 -0.00027415 0.00036241 0.040066 -0.00036674 3.2243e-07
0.161 0.00046282 0.0002606 0.00045768 0.020025 -0.00078699 0.00016573 0.040244 -0.0017881 0.00028841
0.181 0.00049682 0.00040085 0.00027109 0.020028 -0.0008917 0.00024083 0.040158 -0.0013718 0.00020985
0.201 8.9298e-05 0.00037618 3.0957e-05 0.020412 -0.00016187 7.9233e-05 0.040446 -0.00051112 6.1388e-05
0.221 3.2848e-05 0.00016311 0.00011129 0.020487 -0.00045923 0.00033986 0.040247 -0.001309 0.00011961
0.241 0.00042714 0.00040947 0.0002192 0.020262 -0.0010294 0.00037686 0.040315 -0.0017357 0.0002007
0.261 0.00033575 0.00044044 0.00030072 0.020229 -0.00064994 0.00036381 0.040329 -0.0012433 0.00040115
0.281 0.00046111 0.00045963 0.00037 0.020226 -0.0006478 4.9964e-05 0.040398 -0.0011104 0.00033005
0.301 0.0003601 0.00015725 0.00041273 0.02028 -0.0011185 0.00027867 0.040368 -0.0016994 0.00048336
0.321 1.039e-05 7.7276e-05 4.0962e-05 0.020024 -0.00074804 0.00049617 0.040339 -0.0017506 0.00045832
0.341 0.00022726 0.00042003 0.00012798 0.020252 -0.00071472 0.00020267 0.040412 -0.0012209 0.00036312
0.361 0.00040034 9.067e-06 0.00032228 0.020239 -0.00109 0.00020571 0.040053 -0.0014183 0.0001594
0.381 0.00041821 0.00046687 0.00017069 0.020422 -0.0010594 0.00019936 0.0403 -0.0017718 0.00045338
0.401 0.00036215 6.1975e-05 0.00040868 0.020124 -0.00094378 0.00024852 0.040016 -0.0014803 4.3514e-05
0.421 0.00010993 0.00017767 0.00027559 0.02039 -0.0010397 0.00023085 0.039992 -0.0014681 8.1699e-05
0.441 0.00047622 0.00030881 0.00021675 0.020477 -0.0012716 0.00028375 0.040265 -0.0021643 0.00044463
0.461 2.1425e-05 0.00032112 0.00040957 0.020077 -0.0011188 6.8002e-05 0.040369 -0.0020562 0.00038605
0.481 0.00030845 0.0001557 0.00015431 0.020126 -0.00064347 0.00047631 0.040317 -0.0018755 0.00032804
0.501 0.00026533 0.0001812 0.00039179 0.020333 -0.00096452 0.00029945 0.040387 -0.0018911 0.00034668
0.521 0.00011974 0.00034792 0.00027027 0.020329 -0.0010624 1.7616e-05 0.040245 -0.0021312 7.5372e-05
0.541 0.0004316 0.00040359 0.00039616 0.020433 -0.0010109 0.00044643 0.040227 -0.0019029 0.00030286
0.561 0.00012948 0.00034823 0.00041417 0.020374 -0.0011098 7.2235e-05 0.04034 -0.0018971 7.8169e-05
0.581 0.00042175 3.4912e-05 0.00045295 0.020302 -0.00127 3.4338e-05 0.040104 -0.0024884 0.00046894
0.601 0.00049754 0.00047495 0.0003059 0.020257 -0.0012898 0.00036153 0.04045 -0.0024216 0.00024297
0.621 0.00037131 0.00038968 0.00030717 0.020148 -0.0012857 0.00026893 0.040374 -0.0021105 0.00040162
0.641 8.7385e-05 0.00016272 0.00035586 0.020492 -0.0013945 7.3124e-05 0.040386 -0.0026305 8.487e-05
0.661 0.0002854 2.0134e-05 0.00014488 0.020149 -0.0013266 4.3581e-05 0.040378 -0.0026516 0.00029156
0.681 0.00024923 7.8746e-05 0.00019755 0.020435 -0.0010051 9.7215e-05 0.040029 -0.0027627 8.5844e-05
0.701 7.5423e-05 0.00047258 0.00028735 0.020054 -0.0012972 8.9744e-05 0.040313 -0.002884 2.68e-05
0.721 0.00017391 0.00031197 3.7145e-06 0.020182 -0.0012951 0.00024351 0.040366 -0.0027456 1.4658e-05
0.741 0.00040424 0.00047837 0.0002716 0.020093 -0.0012869 0.00016207 0.040445 -0.0026698 0.0002158
0.761 0.0004464 0.0004717 5.7516e-05 0.020318 -0.0011786 0.00016631 0.040043 -0.0029187 0.00010182
0.781 0.00040885 0.00046026 0.00023589 0.020081 -0.0015345 0.00025447 0.040397 -0.0033182 0.00019009
0.801 9.1234e-05 0.00043896 0.00036781 0.020431 -0.0015269 0.00045862 0.040039 -0.0030966 0.00032257
0.821 0.00014725 4.4591e-05 0.0001797 0.020106 -0.0017571 0.00039501 0.040296 -0.0031773 0.00039654
0.841 8.9216e-05 0.00017619 0.00034787 0.020271 -0.0015517 0.00037745 0.040374 -0.0032616 0.00040516
0.861 0.00027347 0.00015818 1.2603e-05 0.020056 -0.0016181 0.00036228 0.040189 -0.0034856 0.00034783
0.881 0.00043781 0.00015194 0.00012915 0.020334 -0.0016058 0.00044286 0.040163 -0.0037172 0.00036061
0.901 0.00038317 0.00011218 0.00032105 0.020252 -0.0018569 7.5376e-05 0.040156 -0.00351 0.00042446
0.921 0.00031295 0.0004591 0.0004812 0.020393 -0.001692 0.00011131 0.03997 -0.0038355 0.00046195
0.941 0.00019446 0.00011376 0.00041662 0.020144 -0.0016364 0.00029859 0.040217 -0.0040468 0.00041454
0.961 0.00033785 0.00034829 0.00043189 0.020098 -0.0020272 0.00039128 0.040126 -0.0038615 0.00033555
0.981 0.0004102 0.00048763 3.4554e-05 0.020251 -0.0018076 0.00030721 0.039883 -0.0039439 0.00041498
1.001 0.00032285 9.4875e-05 0.00028706 0.020223 -0.0019233 0.00030328 0.039992 -0.0042636 0.00027964
1.021 3.0642e-05 1.8959e-05 0.00028142 0.020143 -0.0022066 0.0004574 0.039884 -0.0044649 0.00019875
1.041 7.6881e-06 2.879e-05 0.00036385 0.020246 -0.001915 9.9667e-05 0.039972 -0.0043453 0.00045997
1.061 0.00024386 0.000276 0.00040779 0.020365 -0.0020217 0.00033215 0.039908 -0.0044478 0.00020865
1.081 0.00015016 0.00011805 9.1597e-05 0.020045 -0.0021899 0.00021958 0.039897 -0.0044867 4.4231e-05
1.101 0.00012984 0.00040478 8.3906e-06 0.020011 -0.0022886 0.00043568 0.03987 -0.0046039 0.00019506
1.121 0.00013622 0.00036733 5.7751e-05 0.020275 -0.0019891 0.00022875 0.039906 -0.0047907 0.00010253
1.141 0.00047773 0.00013832 0.00010838 0.020265 -0.0020803 3.3419e-05 0.03982 -0.0048742 0.00017447
1.161 7.8531e-06 0.00033796 1.4443e-05 0.020395 -0.0023901 0.00045968 0.03994 -0.0049773 0.00017246
1.181 0.00032738 0.00039479 2.8976e-05 0.020341 -0.0025185 0.00013052 0.040201 -0.0051453 0.00025758
1.201 0.00025765 0.00030696 0.00048503 0.020241 -0.0022733 0.00024003 0.039971 -0.0052146 0.00036852
1.221 7.9977e-06 0.00014028 0.00038899 0.020305 -0.0022976 0.00020979 0.039872 -0.0057483 0.00047134
1.241 3.0353e-05 0.00037851 0.00033241 0.020362 -0.0022756 0.00047944 0.040158 -0.0056822 8.5299e-05
1.261 0.00026506 0.00041931 1.8395e-05 0.020448 -0.0025603 0.00033558 0.039837 -0.0059664 0.00030093
1.281 7.7847e-05 0.00011387 0.00047094 0.020093 -0.0027869 0.00046644 0.040141 -0.0056581 5.4344e-05
1.301 0.0002111 0.00021634 0.00030233 0.020189 -0.002488 0.000189 0.039936 -0.0061014 0.00018381
1.321 6.7957e-05 0.00038712 0.00049681 0.020008 -0.0025314 7.289e-05 0.039905 -0.0062606 0.00044183
1.341 0.00046745 0.00030172 0.00040977 0.020037 -0.0025273 0.0002024 0.040098 -0.006154 1.7456e-05
1.361 0.00015283 0.00044296 9.4858e-05 0.020025 -0.0027491 4.7299e-05 0.040073 -0.0062471 0.00044489
1.381 0.0001576 2.8195e-05 0.0004803 0.020031 -0.0030922 0.00025735 0.039858 -0.0065204 0.00039932
1.401 2.4969e-05 0.00011071 0.00021469 0.020313 -0.0027415 1.0832e-05 0.039899 -0.0067656 0.00010208
1.421 0.00034813 5.3028e-05 0.00049673 0.020396 -0.0031665 0.0004148 0.039905 -0.0067192 0.00018357
1.441 0.00016883 0.00032711 0.00020978 0.020394 -0.0027556 0.00015943 0.040013 -0.0069765 0.00017595
1.461 0.00022655 0.00015589 0.00044228 0.02046 -0.0029656 0.00033161 0.04009 -0.0069018 1.8143e-05
1.481 2.2269e-05 0.00040827 0.00031961 0.02017 -0.0032595 0.00023729 0.039933 -0.0074438 5.8079e-05
1.501 0.00044503 0.00013547 0.00036333 0.020173 -0.0029704 0.00039367 0.039631 -0.007502 0.00045908
1.521 0.00028997 0.00044701 0.00026278 0.020048 -0.0030882 0.0004922 0.039711 -0.0074662 1.76e-05
1.541 0.00044818 0.00036611 0.00028994 0.020421 -0.0035077 0.00040533 0.039913 -0.0077042 8.4028e-06
1.561 4.2839e-05 0.00032578 0.00037135 0.020227 -0.0031573 0.0001951 0.039962 -0.0075424 0.00013936
1.581 0.00042001 5.8512e-05 0.0002842 0.020117 -0.003206 7.1183e-05 0.039581 -0.0080258 0.00044103
1.601 0.00020833 0.00018565 0.00018731 0.020031 -0.0034269 0.00040966 0.039677 -0.0078435 2.7223e-05
1.621 0.00043106 0.00046787 0.00047522 0.020355 -0.0034295 0.00033248 0.039881 -0.0083207 0.00036858
1.641 4.2716e-06 0.000321 0.00037936 0.020289 -0.0033623 0.00043064 0.039608 -0.008289 0.0002047
1.661 0.00042602 9.403e-05 0.00038183 0.020463 -0.0035252 0.00037054 0.039567 -0.0083191 8.9132e-05
1.681 0.00035261 0.0003252 0.00019569 0.020346 -0.0036428 0.00029317 0.039569 -0.0087657 4.0173e-05
1.701 0.00043906 0.00027902 0.00039872 0.020001 -0.0038344 0.00022506 0.039438 -0.0085606 0.00032399
1.721 8.2076e-05 5.5473e-05 0.0001852 0.020053 -0.0036845 0.00013097 0.039411 -0.00883 0.0003271
1.741 0.00028961 0.00044213 0.00026089 0.020339 -0.0038678 0.00012451 0.039352 -0.0090165 0.0001788
1.761 8.7136e-05 0.00049465 0.00038295 0.020103 -0.0040282 0.00018582 0.039362 -0.0092622 0.00016385
1.781 0.00030818 0.00039588 0.00028369 0.020014 -0.003749 9.1679e-05 0.039686 -0.0093609 7.3076e-05
1.801 0.00043798 0.00044035 0.0003551 0.020016 -0.0039593 0.00026176 0.039307 -0.0093157 0.0002075
1.821 0.00016417 0.00033085 0.00023286 0.020194 -0.0040367 0.00014023 0.039282 -0.0096026 0.00019168
1.841 0.00047304 0.00013845 0.00027342 0.020252 -0.0041008 6.863e-05 0.039408 -0.0099891 3.4185e-05
1.861 0.0003975 5.8676e-06 0.00034797 0.020475 -0.0039813 0.00032465 0.039518 -0.010033 0.00012726
1.881 3.4425e-05 2.0348e-05 0.00020476 0.020369 -0.0039181 0.0002843 0.039346 -0.0098408 5.64e-05
1.901 3.296e-05 0.00010755 0.00030935 0.020432 -0.0039559 0.00040556 0.039296 -0.010403 0.00022016
1.921 0.00013097 0.00037641 0.00036184 0.020147 -0.0042222 8.4017e-05 0.039397 -0.010082 0.00034943
1.941 0.00012626 1.3385e-05 0.00025376 0.020222 -0.0043526 0.00015406 0.039298 -0.010227 0.00012105
1.961 0.0003564 0.00045151 0.00011499 0.020428 -0.004167 0.00017985 0.039361 -0.010448 0.00038678
1.981 0.00049628 1.6109e-05 0.00030389 0.020348 -0.0043547 0.00047804 0.039431 -0.010781 0.00021285
2.001 2.7888e-05 0.00033635 0.00040541 0.020303 -0.0044031 8.2362e-06 0.039129 -0.010845 9.2722e-05
2.021 0.00045693 0.00046289 5.9395e-05 0.020129 -0.0044806 0.00030489 0.038991 -0.010908 0.00016142
2.041 0.00044791 0.00022175 0.00048511 0.020046 -0.004689 3.6507e-05 0.039239 -0.011365 1.7236e-05
2.061 0.00014541 0.00036662 0.00047513 0.020486 -0.0044741 0.00044967 0.03913 -0.011466 0.00047699
2.081 0.00038431 0.00034927 0.00020403 0.02044 -0.0044009 0.00044785 0.039272 -0.011533 0.00039949
2.101 0.00011183 6.2245e-05 3.568e-05 0.020328 -0.0046875 0.00047085 0.039007 -0.011371 4.852e-06
2.121 0.00032625 0.00015839 0.00028501 0.020386 -0.0048594 0.00040012 0.03881 -0.011632 0.00027764
2.141 5.4524e-05 0.00034294 0.00018181 0.020259 -0.0049191 0.00045479 0.038968 -0.011602 2.634e-05
2.161 0.00023413 0.00032385 0.00033261 0.020119 -0.0044776 0.00029918 0.039075 -0.01216 0.00010351
2.181 8.0212e-06 0.00023616 1.0253e-05 0.020325 -0.0046702 0.00038273 0.039008 -0.012164 0.00015755
2.201 0.00037526 0.0004011 0.00039162 0.020083 -0.0047363 0.00010997 0.038771 -0.012351 0.00028098
2.221 1.5911e-05 0.00036199 9.3536e-06 0.020277 -0.0046537 4.2624e-05 0.038775 -0.012235 0.0004903
2.241 0.0001094 0.00024348 0.00043771 0.020006 -0.0050042 0.00028956 0.038918 -0.012534 0.0004797
2.261 0.00031432 0.00036851 0.00021988 0.020031 -0.0048719 0.00010442 0.038647 -0.012831 1.0745e-05
2.281 9.0334e-05 0.00039993 0.00049294 0.020301 -0.0047698 0.00021645 0.038633 -0.01289 0.00015171
2.301 0.00016964 6.8851e-06 0.00046796 0.020193 -0.0052312 0.000172 0.038725 -0.012726 4.0225e-05
2.321 2.9239e-05 0.00045709 0.00048043 0.020225 -0.0050534 0.00030767 0.038355 -0.013185 0.00049208
2.341 0.00031163 0.00044592 0.00027253 0.020094 -0.0053034 0.00044593 0.038655 -0.012922 0.00015777
2.361 0.00014253 0.00038802 0.00030906 0.020121 -0.00486 0.00042046 0.038746 -0.013084 2.5058e-05
2.381 0.00047875 0.00045706 0.00017949 0.020029 -0.0049419 0.00030164 0.038469 -0.013231 0.00023916
2.401 0.00038724 0.00015938 6.3462e-05 0.020257 -0.0051973 0.00035841 0.03821 -0.013436 0.00033088
2.421 0.00012213 0.00041612 0.0004492 0.020357 -0.0053231 0.00044997 0.038582 -0.013605 0.00025562
2.441 4.0987e-05 0.00032798 0.00024083 0.02025 -0.0054594 6.005e-05 0.038122 -0.013931 0.00045752
2.461 0.00028748 0.00022144 0.00036421 0.0202 -0.005255 0.00049766 0.038313 -0.013928 0.00047006
2.481 0.0004826 0.00046908 0.00026801 0.020072 -0.005426 9.781e-06 0.038203 -0.013878 0.00040839
2.501 0.000383 0.0001083 5.6608e-06 0.020359 -0.0053341 0.00018655 0.038173 -0.014362 0.0004092
2.521 0.00016529 0.00015185 0.00045763 0.020073 -0.0055516 0.00038772 0.038226 -0.014087 0.00028151
2.541 0.00014901 0.00011008 2.4851e-05 0.02041 -0.0054797 0.00048598 0.038058 -0.014498 0.00044136
2.561 0.00014937 0.00039658 0.00047881 0.020309 -0.0055832 0.00026617 0.037918 -0.014652 0.0001274
2.581 0.0001061 0.00025829 0.0004202 0.020378 -0.0053969 0.00024544 0.037791 -0.014642 3.4725e-05
2.601 0.00021536 0.00049163 0.00043407 0.020462 -0.0057067 0.00028409 0.037759 -0.014583 0.00031849
2.621 0.00021348 0.00037249 0.00037635 0.020281 -0.0055435 0.00023726 0.038193 -0.014904 0.0004419
2.641 0.00030152 0.00014361 0.00023583 0.020425 -0.0057278 0.00025114 0.037938 -0.014977 0.00034125
2.661 0.00033476 0.00022487 0.00037222 0.020225 -0.0054725 0.00046251 0.037873 -0.015154 0.00015104
2.681 0.00027475 8.5647e-05 0.00039854 0.020006 -0.0053876 0.00040728 0.037657 -0.015005 8.7036e-05
2.701 0.00027177 0.000327 0.00014802 0.020327 -0.0056013 0.0004628 0.037706 -0.015215 0.00035932
2.721 0.00031015 0.00021273 0.00011473 0.02025 -0.0054468 4.0339e-05 0.037745 -0.015593 0.00045192
2.741 0.00025354 0.00027132 0.00049914 0.020286 -0.0059066 0.00027364 0.037898 -0.015685 0.00037732
2.761 0.00034281 0.00035852 0.00034352 0.020254 -0.0058274 0.00040632 0.037591 -0.015666 0.00034986
2.781 8.7452e-05 0.00048555 0.00013089 0.020313 -0.0055639 1.6566e-05 0.037795 -0.015929 0.00045626
2.801 0.0002085 0.00034608 0.00035259 0.020459 -0.0056915 0.00031353 0.037405 -0.015975 8.9211e-05
2.821 0.00014619 0.00011782 4.5686e-05 0.020489 -0.0056096 0.00025523 0.037376 -0.016221 0.00039985
2.841 0.00049835 0.00019023 0.00024324 0.020365 -0.0058855 7.2865e-05 0.037323 -0.015842 0.00014432
2.861 0.00036644 0.00028523 5.2215e-05 0.02025 -0.0060627 0.00039495 0.037342 -0.016382 5.0054e-05
2.881 0.0002729 0.0003747 0.00017272 0.020412 -0.006031 1.6813e-05 0.037122 -0.016382 0.00039309
2.901 0.00041579 3.0375e-05 7.1797e-06 0.020172 -0.0058224 0.00016762 0.037339 -0.016248 0.00015973
2.921 1.8793e-05 0.00018243 0.00021602 0.020487 -0.0059826 0.00015961 0.037347 -0.016386 0.00043591
2.941 0.00031704 0.0003194 6.6827e-05 0.020071 -0.0059792 2.3406e-06 0.037302 -0.016811 1.8479e-07
2.961 0.00030774 0.00026082 0.00010871 0.020396 -0.0058414 0.00040352 0.037035 -0.016624 0.00013538
2.981 3.7381e-05 0.00018373 0.00024077 0.020305 -0.0057565 0.00020938 0.03714 -0.017041 0.00026852
3.001 0.00017818 0.00036752 0.00014169 0.020053 -0.0058995 0.00040592 0.036888 -0.016773 5.8033e-05
3.021 0.00036594 0.00013872 0.00032288 0.020224 -0.0059815 6.6266e-05 0.03677 -0.017202 0.0004615
3.041 0.00033737 0.00012182 0.000262 0.020369 -0.0060414 0.00026023 0.03712 -0.017054 0.00033039
3.061 0.0004001 0.00029065 0.00015884 0.020231 -0.0059905 1.7935e-05 0.036795 -0.017457 0.00042369
3.081 0.00020112 0.0003442 9.1261e-05 0.020079 -0.0059879 0.00030457 0.037047 -0.017317 0.00038815
3.101 0.00048736 0.00013117 0.00027374 0.02019 -0.0059822 2.272e-05 0.036909 -0.017271 0.00015306
3.121 0.00020388 0.00018958 0.0004867 0.020092 -0.006234 0.00026523 0.036922 -0.017733 0.00011106
3.141 0.00042387 0.00029263 8.5842e-05 0.02001 -0.00619 2.8634e-05 0.036428 -0.01737 0.00027146
3.161 0.00024053 0.00031552 0.00017601 0.020141 -0.0059611 0.00023705 0.036673 -0.017772 0.00023185
3.181 0.0001169 0.00030364 0.00042979 0.020499 -0.0060667 6.2723e-05 0.036683 -0.017826 0.00033516
3.201 0.00021377 0.00028486 0.00031144 0.020355 -0.0063426 1.0119e-05 0.036495 -0.017767 6.954e-05
3.221 7.997e-05 0.0001645 0.00025002 0.020455 -0.0063712 0.00025254 0.036514 -0.017999 0.00017302
3.241 2.1663e-06 0.00013174 3.8012e-05 0.020414 -0.0060781 5.7099e-05 0.036539 -0.018262 0.00020051
3.261 9.4529e-05 0.00016244 0.00037798 0.020268 -0.0062435 0.00026716 0.036401 -0.018379 0.00032669
3.281 4.7651e-06 0.00043647 0.00039663 0.02016 -0.0060207 0.00049813 0.036447 -0.018201 0.00019416
3.301 0.00045313 6.2249e-05 0.00046462 0.02021 -0.0062332 0.00029769 0.036306 -0.018273 4.4571e-05
3.321 0.0002212 3.7797e-06 0.00032449 0.020468 -0.0061346 5.255e-05 0.036021 -0.018588 0.00026016
3.341 3.515e-05 4.3088e-05 0.00043702 0.020314 -0.0063169 4.3466e-05 0.036268 -0.018639 0.00011105
3.361 0.00021328 0.00037246 9.9486e-05 0.020056 -0.0064369 0.00015497 0.036107 -0.018446 5.2545e-06
3.381 9.0132e-05 0.00022486 5.7068e-05 0.02035 -0.0063895 0.00049051 0.03598 -0.018868 0.00031911
3.401 0.00030798 0.00022297 0.00010101 0.020439 -0.0062286 0.00039981 0.03604 -0.018611 0.00012788
3.421 0.00018424 0.00048931 0.000253 0.020103 -0.0064648 0.00039621 0.035802 -0.018977 0.00025098
3.441 0.00043363 4.093e-05 0.00011957 0.020001 -0.0063154 0.00037303 0.036005 -0.018858 0.00019501
3.461 0.00013155 0.0002071 0.00014816 0.020177 -0.0062639 0.00024241 0.035897 -0.018887 0.00049053
3.481 0.000444 0.00034888 0.0003705 0.020396 -0.0065564 0.00010476 0.036058 -0.018964 4.3996e-05
3.501 6.4111e-05 0.00012894 0.00028504 0.020194 -0.0064083 3.9915e-05 0.035596 -0.019293 0.00040446
3.521 0.00018523 0.00033994 7.5394e-05 0.020226 -0.0064731 0.00018916 0.035741 -0.019537 5.8861e-05
3.541 0.00039929 0.00046904 0.00033306 0.020338 -0.0063486 0.00048583 0.035677 -0.019423 0.0004256
3.561 0.00018266 1.9016e-05 0.00037471 0.020236 -0.0065723 0.0004847 0.035667 -0.019358 0.00022054
3.581 0.00013698 5.0316e-05 0.000107 0.020404 -0.0063066 0.00038392 0.035709 -0.019669 0.00045838
3.601 0.00022706 0.00010519 0.00017123 0.020231 -0.006497 0.00020708 0.035766 -0.01982 0.00013079
3.621 0.0001501 5.3433e-05 0.0003387 0.020056 -0.0066665 0.00048819 0.035275 -0.019508 0.00039236
3.641 0.00033137 0.00044643 4.9829e-05 0.020128 -0.0064919 0.00023491 0.035208 -0.019883 0.00026152
3.661 0.00024026 0.00039211 0.00035537 0.020401 -0.0064776 0.0001724 0.035419 -0.020135 0.00012339
3.681 0.00025494 3.0105e-05 0.00043532 0.020348 -0.0065648 0.00032064 0.035105 -0.019858 0.00010058
3.701 0.00041014 0.00047212 0.00040227 0.020457 -0.0067878 0.00039882 0.035135 -0.01999 0.00035971
3.721 6.7951e-06 4.3281e-05 0.0002767 0.020266 -0.0063927 0.00033486 0.035057 -0.020106 0.00034539
3.741 0.00025729 0.0003645 0.00011415 0.0201 -0.0064334 0.00030769 0.035318 -0.020352 7.705e-05
3.761 3.2157e-05 0.00017798 0.0003182 0.020298 -0.0066351 0.00036365 0.035277 -0.02026 0.00011623
3.781 6.4274e-06 0.00027364 0.00016289 0.020018 -0.0064551 0.00029441 0.035078 -0.020454 0.00022491
3.801 1.544e-05 0.0002161 0.00028961 0.020404 -0.0067591 8.314e-05 0.034785 -0.020563 1.1663e-05
3.821 0.00026353 0.00036245 0.00036225 0.0202 -0.0065081 0.0003072 0.034877 -0.020751 0.00027412
3.841 0.00039349 0.00012198 8.2684e-05 0.020167 -0.0064542 0.00018787 0.035176 -0.020739 2.014e-05
3.861 0.00030108 0.00039964 0.00048678 0.020008 -0.0068606 0.00036762 0.035073 -0.020669 0.00042284
3.881 0.00019121 0.00020943 0.00016673 0.020458 -0.0069042 0.00010397 0.034967 -0.020823 0.00047076
3.901 0.00039284 0.00037437 0.00022775 0.020359 -0.0066358 0.00017104 0.03461 -0.021067 0.00011286
3.921 0.00025137 0.00031308 0.00042948 0.020347 -0.0066294 1.6711e-05 0.034554 -0.020702 0.00015103
3.941 0.00010675 0.00020409 0.00048973 0.020492 -0.0065738 0.00032997 0.034668 -0.021073 0.00020797
3.961 7.4452e-05 0.00016519 0.00033696 0.020022 -0.0067118 0.00015511 0.034551 -0.021262 0.00039664
3.981 0.00020021 2.9447e-05 0.00020746 0.02001 -0.0069709 0.00017946 0.034542 -0.021089 0.00031625
4.001 0.0001769 0.00047925 0.00023309 0.020395 -0.0067163 0.00030725 0.034499 -0.021123 0.00037794
4.021 0.00042481 0.00049368 0.00023087 0.020295 -0.0068369 0.00026387 0.034309 -0.021506 0.00031879
4.041 6.2425e-05 8.5925e-05 0.00014372 0.020023 -0.0067686 0.00029983 0.034596 -0.021393 8.282e-09
4.061 0.00011143 0.00027015 0.00043936 0.02031 -0.0067466 0.00016744 0.034478 -0.021511 4.0232e-05
4.081 5.0038e-05 0.00022959 0.00023711 0.020188 -0.0067995 0.0002719 0.034471 -0.021448 0.0004079
4.101 0.00038312 7.9517e-06 0.00035265 0.020236 -0.0071423 0.00028009 0.034382 -0.021761 4.5013e-06
4.121 0.0002752 2.4138e-06 0.00015619 0.020305 -0.0070462 0.00022128 0.0342 -0.021472 0.00023547
4.141 0.00035983 0.00028759 0.0002609 0.020202 -0.0066895 0.00010159 0.034038 -0.0219 0.00037803
4.161 0.000238 1.2796e-05 0.00048963 0.020059 -0.0070122 0.00043081 0.034134 -0.021881 0.00046915
4.181 5.9901e-05 0.00044064 0.00011834 0.02021 -0.0071655 0.00039779 0.033974 -0.021642 6.4941e-05
4.201 0.00020963 0.00010338 1.2121e-05 0.02004 -0.0072098 0.00043687 0.034261 -0.021936 8.6386e-05
4.221 0.00025116 0.00030272 9.0033e-05 0.020274 -0.007089 5.2971e-05 0.034227 -0.022155 0.00024916
4.241 1.8464e-06 0.00020805 0.00040173 0.020255 -0.0070835 0.00022368 0.03377 -0.021971 2.0302e-05
4.261 3.9943e-05 0.00018764 0.00036613 0.020481 -0.0072689 0.00040607 0.034043 -0.022327 0.00011315
4.281 5.0059e-05 0.00028338 0.00030593 0.020277 -0.0072897 0.0004454 0.03383 -0.02244 0.00033919
4.301 1.8858e-05 0.00018754 0.00025887 0.020456 -0.0071026 0.00041057 0.033718 -0.022156 0.00027488
4.321 2.2616e-05 0.00020003 0.00037575 0.020282 -0.0072664 0.00048152 0.033974 -0.022496 0.00033916
4.341 8.6349e-05 0.00038712 6.3685e-05 0.02002 -0.0073166 0.00026231 0.033996 -0.022304 0.00019749
4.361 0.00020414 0.00046503 0.00021275 0.020017 -0.0070646 0.00015035 0.033876 -0.022535 0.00027502
4.381 0.00035606 0.00023392 0.00015961 0.020207 -0.007118 0.00045695 0.033921 -0.022521 0.00012095
4.401 0.00038394 0.00027521 0.00028474 0.020336 -0.0071717 0.00026279 0.033837 -0.022383 0.00012207
4.421 0.00028615 0.00012959 4.5937e-05 0.020398 -0.0074494 0.00048621 0.03352 -0.022501 2.5033e-05
4.441 0.00016285 0.00040984 0.00042552 0.020131 -0.0072314 3.4179e-06 0.033734 -0.022874 1.3399e-05
4.461 0.00022713 0.00027228 0.00036954 0.020181 -0.0073652 8.4069e-05 0.033355 -0.022796 0.00044249
4.481 0.00042633 0.00017547 0.00028954 0.020073 -0.0072313 0.00011151 0.033493 -0.02273 0.00020716
4.501 0.00021885 7.857e-05 0.00045296 0.020136 -0.0072962 3.0791e-05 0.033205 -0.022774 0.00046409
4.521 0.00046084 0.00026964 0.00018525 0.020343 -0.0075155 8.2181e-05 0.033631 -0.022838 0.00022111
4.541 0.00035909 0.00016258 0.00012691 0.020296 -0.0071905 0.00025564 0.033416 -0.023191 0.00014666
4.561 0.00016992 0.00030324 0.00010898 0.020242 -0.0073515 4.8663e-06 0.033413 -0.02312 0.0004018
4.581 9.8946e-05 0.00014103 3.4234e-05 0.020461 -0.0074876 0.00045651 0.033407 -0.02316 0.00044724
4.601 0.00018439 0.00011299 0.00023359 0.020377 -0.0073133 0.00046826 0.033235 -0.02344 0.00029039
4.621 0.00041174 0.00042462 0.00045948 0.020244 -0.0073519 7.4808e-05 0.03312 -0.02339 2.6239e-05
4.641 5.8169e-06 9.5834e-05 2.0015e-05 0.020052 -0.0074925 0.00019976 0.033089 -0.023307 0.00011262
4.661 0.00021304 0.00013322 0.00046782 0.020129 -0.0074605 0.00040845 0.033199 -0.02341 0.00038993
4.681 0.00044829 0.0002096 0.00038927 0.020409 -0.0077134 0.00034741 0.032826 -0.02356 0.00019964
4.701 0.00032026 0.00014516 0.00042501 0.020497 -0.0074537 0.00046397 0.033195 -0.023517 0.00043102
4.721 0.00014603 0.00029976 2.4577e-05 0.020106 -0.0075345 0.00039575 0.033209 -0.023641 0.00026574
4.741 0.0002851 0.0003189 0.00043082 0.020152 -0.0076951 0.00024311 0.032871 -0.023835 0.00017107
4.761 0.0001882 0.00020233 0.00023809 0.020264 -0.007834 0.0004787 0.03301 -0.023694 1.8456e-05
4.781 0.00015638 0.0002589 0.00026053 0.020248 -0.0075634 0.00032544 0.03283 -0.023586 0.00020545
4.801 0.0004922 0.00035884 0.00041068 0.020467 -0.0077104 5.6295e-05 0.032743 -0.023973 0.00048518
4.821 6.7628e-05 0.00028458 1.2932e-05 0.020234 -0.0076786 6.5547e-05 0.033016 -0.023754 0.00037253
4.841 0.00035579 0.00028656 5.1921e-07 0.020055 -0.0076717 5.8851e-05 0.032621 -0.023728 0.00023967
4.861 0.00038718 0.00033487 0.00034365 0.020168 -0.0078399 0.00027588 0.032919 -0.024174 0.00028572
4.881 0.00024729 9.6468e-05 3.0269e-05 0.020337 -0.0075419 0.00029124 0.032718 -0.024024 0.00041161
4.901 0.00032563 0.00043432 0.000457 0.020361 -0.007527 0.00022286 0.032639 -0.024219 0.00038702
4.921 4.5613e-05 0.000302 0.00048287 0.020231 -0.0076987 0.00029197 0.032367 -0.023972 0.0002673
4.941 0.00045282 0.00022559 3.6056e-05 0.020443 -0.0075772 0.00048928 0.032368 -0.024326 3.4709e-05
4.961 0.00048283 0.00027737 0.00042592 0.020099 -0.0076145 0.00043053 0.032326 -0.024195 0.00045037
4.981 0.00036102 0.00029191 0.00044494 0.020325 -0.0079417 0.00018128 0.032289 -0.024372 0.0002163
5.001 0.00030139 3.1966e-05 6.6415e-05 0.020405 -0.0076836 0.00039329 0.032431 -0.02443 0.00023232
5.021 0.0002358 0.00021723 0.00034698 0.020427 -0.008056 0.0001391 0.032356 -0.024237 1.7143e-05
5.041 0.00025835 9.0492e-05 1.933e-05 0.020044 -0.0076894 5.158e-05 0.032163 -0.024481 0.00028118
5.061 0.00027158 0.00013966 0.0003399 0.020025 -0.0077154 6.0162e-05 0.032252 -0.024425 0.00028047
5.081 6.0556e-05 0.000107 0.00048107 0.020256 -0.0080196 0.0004484 0.032246 -0.024206 0.00048804
5.101 0.00046952 0.00042293 0.00023279 0.020262 -0.0080348 0.00044646 0.032163 -0.024308 0.00015686
5.121 0.00033613 0.00048858 0.0002954 0.020375 -0.0079735 4.8866e-05 0.032316 -0.024389 0.00023992
5.141 1.6587e-05 0.0001872 0.00013654 0.020495 -0.0081333 0.00026808 0.03239 -0.024378 0.00041183
5.161 0.00018203 0.00048376 0.00037191 0.020404 -0.0082116 0.00034264 0.032353 -0.024462 0.00039258
5.181 0.00028289 7.448e-05 0.00028349 0.020288 -0.0078942 0.00027523 0.031927 -0.024689 0.00021209
5.201 0.00033069 3.5996e-05 0.00013679 0.020408 -0.0083268 6.7131e-05 0.032393 -0.024562 7.4508e-05
5.221 0.00045516 3.7975e-05 0.00019856 0.020261 -0.0080292 0.00031016 0.031983 -0.024993 0.00013312
5.241 0.00027921 0.00035589 1.8023e-05 0.020477 -0.0082726 0.00042539 0.032318 -0.02465 0.00044842
5.261 0.00026007 0.00023892 0.0001572 0.020389 -0.0080267 0.00026157 0.032227 -0.024893 0.00027085
5.281 0.0003555 0.00018261 0.00040249 0.0202 -0.0082612 0.0003786 0.031925 -0.025094 0.00039115
5.301 0.00033233 4.951e-05 0.00037241 0.020171 -0.0080923 4.2229e-05 0.032172 -0.025082 0.00021943
5.321 0.00028831 0.00034864 0.00034783 0.020018 -0.0081778 0.00015076 0.0318 -0.025173 0.00029231
5.341 0.00033487 0.00049819 1.4981e-06 0.020382 -0.0084967 0.00042174 0.031759 -0.025082 0.00029093
5.361 7.9613e-05 0.00019446 0.00023016 0.02006 -0.0082276 0.00035422 0.031825 -0.025034 0.0003028
5.381 0.00047701 0.00030702 0.00012366 0.02013 -0.00829 0.00022564 0.031917 -0.025024 0.00022378
5.401 0.00010536 0.00044903 0.00012326 0.020271 -0.0083446 1.4856e-05 0.032077 -0.025189 0.0003961
5.421 0.00016366 0.00032437 0.00034025 0.02035 -0.0081643 0.00044569 0.031644 -0.025228 0.00032699
5.441 0.00016545 0.00018722 0.00017567 0.020171 -0.0083065 0.00027094 0.031687 -0.025024 0.00038531
5.461 7.3028e-05 0.0001041 0.00040431 0.020263 -0.0083732 0.00012852 0.031965 -0.025201 0.0001997
5.481 7.4177e-05 7.702e-05 0.00014898 0.02039 -0.0084591 0.00028402 0.031758 -0.025306 0.00029334
5.501 0.00021121 0.00038555 0.00012452 0.020107 -0.0085065 0.000193 0.031964 -0.025264 0.00034619
5.521 5.3448e-05 0.00036937 0.00011758 0.020083 -0.0086401 0.00021517 0.031996 -0.025449 0.00044152
5.541 0.00010009 0.00049432 0.00019887 0.020437 -0.0085761 0.000428 0.031888 -0.02521 0.00014699
5.561 0.00018239 0.00026445 0.00028026 0.020483 -0.0085374 0.00010707 0.032007 -0.025464 0.0003422
5.581 0.00028604 8.0235e-05 0.00013563 0.020277 -0.0085016 0.00017068 0.031577 -0.025231 0.00021486
5.601 0.0003166 0.00036487 0.00038655 0.020212 -0.0083943 0.00028149 0.031823 -0.025506 0.00029347
5.621 0.00035198 0.00024665 0.00028395 0.020236 -0.0086581 0.00030247 0.031598 -0.025364 0.00020385
5.641 0.00015882 1.5692e-05 0.00041551 0.020243 -0.0088751 0.00033757 0.031856 -0.025202 0.00047421
5.661 5.9835e-05 0.00035262 0.00036074 0.020307 -0.0087432 0.0004509 0.031888 -0.025577 5.6595e-05
5.681 0.00033222 0.00046964 0.00026545 0.020467 -0.0086194 0.00048712 0.031576 -0.025253 0.00049472
5.701 0.00033522 6.7082e-05 0.00037451 0.020133 -0.0087517 0.00020278 0.031493 -0.025263 0.00030128
5.721 0.00028067 0.0003202 0.00048491 0.020119 -0.0088181 7.8099e-06 0.031786 -0.025629 0.00042763
5.741 7.4224e-05 9.6239e-05 0.00042891 0.020425 -0.0086534 0.000147 0.03185 -0.025307 0.00028689
5.761 0.00011401 0.00037624 0.00027417 0.020239 -0.0085837 0.0002658 0.03185 -0.025349 0.00016599
5.781 0.00041326 3.0133e-05 6.356e-05 0.020199 -0.0086884 0.00034068 0.031851 -0.025589 0.00040464
5.801 0.00018245 0.00043652 0.00029396 0.020086 -0.0088716 0.00020062 0.031853 -0.025556 0.00047569
5.821 0.00010937 0.0001867 0.00015348 0.020377 -0.0085434 3.4065e-05 0.031711 -0.025582 0.0003921
5.841 5.1731e-05 0.0004409 4.6064e-05 0.02003 -0.0090254 0.0003745 0.031771 -0.025429 0.00042585
5.861 0.00018512 0.00043879 0.00038971 0.020007 -0.0088397 0.00031239 0.031842 -0.025779 0.00046353
5.881 0.00029651 0.00013815 5.9963e-05 0.020015 -0.0089732 0.00032162 0.031543 -0.025449 0.00042248
5.901 0.00012631 0.00038677 0.00040195 0.020471 -0.008876 0.00047307 0.031681 -0.025369 0.00048661
5.921 2.8471e-05 0.00035918 0.00027897 0.020085 -0.0088651 0.00025214 0.031782 -0.025765 0.00012008
5.941 0.00037017 1.3198e-05 0.00047183 0.020442 -0.0088606 0.00011544 0.031733 -0.025713 2.473e-05
5.961 6.769e-05 0.00030689 0.00040498 0.020445 -0.0091224 0.00046513 0.031806 -0.025821 0.00021585
5.981 0.00043653 8.3693e-06 0.00041427 0.020206 -0.0088513 0.00037348 0.031746 -0.025574 0.00012189
6.001 0.00021014 0.00031884 0.00036093 0.020316 -0.0087439 0.00018879 0.031513 -0.025605 0.00026931
6.021 0.00013745 0.00038201 0.00021728 0.020236 -0.0087886 0.00036022 0.031706 -0.025643 0.00034913
6.041 0.00047242 0.0001093 0.00023598 0.020358 -0.0088835 0.00029374 0.031857 -0.025819 6.8218e-05
6.061 0.00039432 0.00023593 0.00037324 0.020045 -0.0087895 0.00041044 0.031474 -0.025818 0.00045135
6.081 0.00033405 0.00027587 0.0003329 0.020024 -0.0087772 0.00043261 0.031627 -0.025464 0.00012226
6.101 0.00036175 0.0002739 7.9173e-05 0.020088 -0.0089052 0.00021289 0.031501 -0.025569 0.00031893
6.121 0.00013504 4.3072e-05 0.00028166 0.020298 -0.0089759 0.00041684 0.031704 -0.025772 0.00011469
6.141 6.9522e-06 3.3949e-05 0.00041093 0.020054 -0.009105 0.00022635 0.031975 -0.025782 0.00013506
6.161 0.00046148 0.00039235 0.00029923 0.020085 -0.0091426 0.00010478 0.031622 -0.025431 0.00013251
6.181 9.4931e-06 0.00037714 0.00019352 0.020493 -0.0091081 0.00026175 0.031934 -0.025722 0.00045998
6.201 0.00035327 0.0002143 0.0002364 0.020409 -0.0091871 0.00028509 0.031989 -0.025589 0.00036394
6.221 0.00018047 5.2472e-05 0.00015948 0.020183 -0.0091922 6.2852e-05 0.031888 -0.025414 0.00033829
6.241 0.0002253 0.00037016 0.00023207 0.020285 -0.0087485 0.00040705 0.031869 -0.025283 0.00038017
6.261 7.0794e-05 0.00033995 0.00044453 0.020312 -0.008914 0.00014183 0.031982 -0.025312 0.00041671
6.281 0.00020883 0.00022394 0.00026623 0.020112 -0.0088242 0.00047482 0.032081 -0.025455 0.00044081
6.301 0.00034448 0.00040852 0.00041956 0.020138 -0.0087498 0.00025245 0.031824 -0.025223 0.00029332
6.321 0.00011321 0.00033058 0.00013341 0.020153 -0.0089402 0.00044427 0.031966 -0.025404 0.00044432
6.341 2.0654e-05 1.0296e-05 0.00026435 0.020174 -0.0089822 2.67e-05 0.031908 -0.025635 0.00022468
6.361 0.00035906 0.00016226 0.00010048 0.020231 -0.009052 0.0004199 0.032069 -0.025392 5.239e-05
6.381 0.0001801 0.00049323 0.00029126 0.020211 -0.0090678 8.3761e-05 0.032004 -0.025191 4.232e-05
6.401 0.00035206 0.00030237 0.00045836 0.020322 -0.0091102 0.00044618 0.032121 -0.02545 0.00026522
6.421 0.00019862 0.00024809 0.00047566 0.020027 -0.0089305 0.00027268 0.031878 -0.025186 2.9847e-06
6.441 0.00036317 0.00041743 3.6881e-05 0.020491 -0.0090416 0.00042887 0.032054 -0.025068 0.00024736
6.461 0.00041088 0.00026942 8.4069e-05 0.020267 -0.0088289 0.00021298 0.031805 -0.025326 4.5561e-05
6.481 0.00042276 4.5031e-05 0.00011532 0.020338 -0.0090449 0.00040896 0.031935 -0.025472 4.8053e-05
6.501 0.00028677 0.00049856 0.00010152 0.020402 -0.0090509 0.0003683 0.031963 -0.025041 5.5021e-05
6.521 0.00030976 0.00034559 5.3289e-05 0.02023 -0.0086958 7.8478e-05 0.031967 -0.024973 0.00020828
6.541 0.00038126 0.00037327 0.00047495 0.020468 -0.0088798 0.00022839 0.032056 -0.025286 3.9863e-05
6.561 0.0001678 0.00017465 7.4024e-05 0.020192 -0.0090173 0.00021331 0.032402 -0.025306 1.373e-05
6.581 0.00010682 0.00020458 0.00030333 0.020044 -0.0091124 3.4246e-05 0.03205 -0.02514 0.00045186
6.601 0.00014003 6.8527e-05 0.00048003 0.02 -0.0086374 0.00049331 0.032179 -0.02485 0.00043123
6.621 0.00031586 0.00035687 0.00030993 0.020393 -0.0091019 0.00022832 0.03239 -0.024959 0.00014612
6.641 4.2426e-05 7.1249e-05 0.0002184 0.020138 -0.0086903 0.00042658 0.032358 -0.024741 0.00030341
6.661 0.00035798 0.00028107 0.00045469 0.02044 -0.0090433 0.00040873 0.032297 -0.025069 2.172e-05
6.681 0.00021069 6.9279e-05 0.00012278 0.020028 -0.0087774 0.00039626 0.032374 -0.024719 7.9197e-05
6.701 0.00047658 3.0481e-05 0.00019622 0.020081 -0.008784 2.7689e-05 0.032455 -0.024877 0.00038912
6.721 0.00029541 0.00039774 0.00045151 0.020144 -0.0086105 0.00038766 0.032233 -0.024607 0.00029979
6.741 0.00026674 3.3907e-05 0.00039344 0.020021 -0.0088468 2.7231e-05 0.032471 -0.024933 0.00018112
6.761 0.00022984 9.1838e-05 0.00049151 0.020251 -0.0087119 0.00046652 0.032571 -0.024761 0.00021123
6.781 0.0004258 9.374e-06 6.3381e-05 0.020481 -0.0087111 0.0002485 0.032691 -0.024456 0.0001885
6.801 5.2624e-05 0.00048707 0.00016397 0.020429 -0.0086143 0.00039977 0.032801 -0.02452 0.00032811
6.821 8.4107e-05 0.0002335 0.0004018 0.020199 -0.0086962 0.00043717 0.03263 -0.024456 0.00016215
6.841 0.0004599 0.00045983 0.00020016 0.020109 -0.0088513 0.00048404 0.032882 -0.024277 0.00016097
6.861 0.00020853 0.00038994 0.00035324 0.020143 -0.008642 3.9824e-05 0.032529 -0.024424 0.00039852
6.881 0.00030894 4.969e-05 0.00032457 0.020423 -0.0085666 0.000363 0.03275 -0.024093 0.00033752
6.901 0.0001139 0.00020808 0.00033842 0.020158 -0.0086721 0.00011241 0.03288 -0.024232 0.00036985
6.921 0.00045564 4.7993e-05 0.00014415 0.020282 -0.0086792 5.6185e-05 0.032995 -0.024088 0.00030935
6.941 2.5924e-05 0.00043736 0.00023954 0.020055 -0.0086076 2.196e-05 0.033047 -0.024269 0.00045026
6.961 1.5705e-05 0.00020332 7.044e-05 0.020132 -0.0085345 0.00039855 0.033145 -0.024265 0.00036488
6.981 0.00016503 0.00032683 7.7594e-05 0.020469 -0.008609 0.000272 0.032947 -0.023892 0.00031169
7.001 9.0371e-06 0.00045735 4.6278e-05 0.020099 -0.0083832 0.00017221 0.03305 -0.023797 0.00011927
7.021 0.00049417 0.00021047 0.00038914 0.020132 -0.0084115 0.0002736 0.032963 -0.024134 0.00027179
7.041 4.5912e-05 0.00044713 0.00028168 0.020099 -0.0084875 0.00026442 0.033185 -0.024027 0.00042653
7.061 1.1016e-06 0.00044335 0.00018195 0.020454 -0.0084137 0.00016377 0.033228 -0.023737 0.00021294
7.081 0.00035443 0.00039392 0.00035248 0.02036 -0.0083876 0.00043348 0.033187 -0.023601 0.00020549
7.101 9.1736e-05 0.00013099 0.00010466 0.020111 -0.0083655 0.00014151 0.033368 -0.023689 0.00014492
7.121 0.00018783 0.00035091 3.321e-05 0.020186 -0.0080975 0.00040857 0.033218 -0.023789 0.00032598
7.141 9.3023e-05 0.00034584 0.00014369 0.020313 -0.0081051 0.00039364 0.033328 -0.023623 0.00016414
7.161 0.00047337 0.00032928 0.00046805 0.020441 -0.0083112 0.00032712 0.033608 -0.02325 6.5059e-06
7.181 0.00015621 9.8119e-05 0.00044046 0.020279 -0.0083728 0.00049879 0.033531 -0.023373 0.00030235
7.201 0.00042128 5.0415e-05 0.00025198 0.020367 -0.0081977 1.0638e-05 0.033706 -0.023327 0.00019887
7.221 0.00031455 7.5587e-05 2.5459e-06 0.02005 -0.0079048 0.00036436 0.033355 -0.0232 0.00019273
7.241 0.00025658 0.00046656 0.00018994 0.020222 -0.0081221 0.00035742 0.033768 -0.022897 0.00031967
7.261 0.00013128 5.5929e-05 0.00016854 0.020224 -0.0079996 2.0565e-05 0.033774 -0.023014 0.00019733
7.281 0.00047489 2.4698e-05 0.00010199 0.020042 -0.0078085 0.00039804 0.033794 -0.022832 0.00024471
7.301 0.00015761 0.00014821 7.4248e-05 0.020006 -0.0081829 0.0001501 0.033639 -0.02282 0.00032688
7.321 0.00039454 1.4315e-05 0.00027743 0.02016 -0.0078771 0.00024751 0.033718 -0.022542 0.00048228
7.341 0.00040022 0.00027591 0.00029146 0.020315 -0.0081341 0.00030658 0.033927 -0.022557 0.00038882
7.361 5.2989e-05 0.00021923 0.00049929 0.020357 -0.0079813 8.2196e-05 0.033745 -0.02243 0.00021965
7.381 6.051e-05 0.00028199 4.4133e-05 0.020314 -0.0077638 5.4974e-05 0.034066 -0.022523 0.00020884
7.401 0.00020085 0.00044627 3.8069e-05 0.020448 -0.0078031 0.00013194 0.033889 -0.022397 0.00025306
7.421 0.00030049 0.00043984 5.8086e-05 0.020305 -0.0079964 1.4874e-05 0.034341 -0.022449 0.00042088
7.441 0.00021513 0.00045348 2.7272e-05 0.020284 -0.007755 0.00010641 0.034001 -0.022343 4.6966e-05
7.461 0.00030112 4.7775e-05 0.00030187 0.020126 -0.0077894 0.00017758 0.034307 -0.022238 0.00015275
7.481 7.5146e-05 0.00017266 0.00036014 0.020299 -0.0076636 0.00022874 0.034343 -0.022152 7.6271e-05
7.501 4.1365e-05 0.00018149 0.00030975 0.020269 -0.0077466 0.00023822 0.03429 -0.021865 0.00040646
7.521 0.00019879 0.00047708 0.0002367 0.020417 -0.0073954 0.00034448 0.034418 -0.021662 7.2956e-05
7.541 0.00024488 7.6735e-05 0.00018044 0.020052 -0.0075427 0.00037531 0.034415 -0.02149 0.00010284
7.561 0.0003523 2.193e-05 0.00013182 0.020304 -0.0072675 7.3874e-05 0.034584 -0.02153 3.4753e-05
7.581 0.00025494 0.00015993 0.00037118 0.020471 -0.0076375 0.00041928 0.03461 -0.021466 0.00033434
7.601 0.00016481 0.0004348 0.00022549 0.02005 -0.0073169 0.00045811 0.034389 -0.021461 0.00023755
7.621 0.00037581 0.00049518 0.00041046 0.020111 -0.0075473 8.8862e-06 0.03479 -0.021543 0.00014676
7.641 0.00011609 0.00031326 0.00029159 0.020032 -0.0073018 0.00013537 0.034731 -0.021442 6.2173e-05
7.661 0.00020752 0.00020439 0.00012495 0.020166 -0.0072478 0.00047499 0.03456 -0.020943 4.0742e-05
7.681 0.0001662 8.9665e-05 1.5298e-06 0.020284 -0.0073415 6.6491e-05 0.035025 -0.021023 0.00042012
7.701 0.00017809 0.00019822 0.00032445 0.020357 -0.0071357 0.00047565 0.034907 -0.021056 0.00031592
7.721 0.00031083 0.00028276 0.00046645 0.020259 -0.0072296 0.00037342 0.035059 -0.020719 6.7789e-05
7.741 0.00013527 0.00017055 0.00024872 0.020261 -0.0071208 0.00045588 0.03493 -0.02091 0.00045495
7.761 0.00022858 0.00013849 0.00043719 0.020474 -0.0067902 0.00049814 0.034918 -0.020721 0.0001968
7.781 0.00047483 7.9521e-05 0.00034009 0.020135 -0.0071568 0.00022302 0.035058 -0.02051 0.00045096
7.801 0.00046346 0.00025326 3.9078e-05 0.020025 -0.0067465 0.00024938 0.03541 -0.020479 0.00044979
7.821 6.0111e-05 0.00026351 0.00021033 0.020361 -0.0067434 5.7819e-05 0.035151 -0.020409 0.00032643
7.841 0.00031158 0.00037462 0.00046986 0.020407 -0.0068452 3.9201e-05 0.035196 -0.020177 0.00012586
7.861 5.275e-05 0.00031692 0.00039012 0.020271 -0.0069176 0.00034935 0.035325 -0.020039 0.00020516
7.881 0.00047935 0.00039316 0.00029223 0.02045 -0.0066548 0.00031601 0.035173 -0.01979 0.00019562
7.901 9.6731e-05 0.0001697 0.00010478 0.020127 -0.0067756 0.00021032 0.035478 -0.019665 0.00037335
7.921 0.0003914 0.00040219 4.0359e-05 0.020136 -0.006738 0.00045978 0.03528 -0.019696 0.00020062
7.941 0.00028365 0.00044288 0.0003772 0.020134 -0.0065505 0.00027392 0.035758 -0.019546 0.00027363
7.961 0.00033073 0.00019448 0.00037065 0.020415 -0.006668 0.00034677 0.035428 -0.019428 0.00020908
7.981 0.00019785 0.0002791 0.0004542 0.020312 -0.0067279 8.8697e-05 0.035898 -0.019226 0.00029904
8.001 9.4192e-05 0.00034905 9.4456e-05 0.020123 -0.0066035 0.00034376 0.035527 -0.019546 9.7006e-05
8.021 0.00019518 4.5722e-05 9.301e-05 0.020171 -0.0061867 0.00035126 0.035734 -0.019141 0.00025903
8.041 8.4786e-05 0.00027265 0.00040223 0.020192 -0.0063365 0.00041263 0.035827 -0.01888 0.00012802
8.061 0.00038798 0.00017491 5.5881e-05 0.020268 -0.0065334 0.00027248 0.03568 -0.019185 5.207e-05
8.081 0.00019827 0.00013662 0.00028362 0.020322 -0.0062678 0.00045958 0.035809 -0.018729 0.00037051
8.101 0.00022173 0.0001904 0.00042057 0.020282 -0.0061965 0.00024375 0.035777 -0.018666 0.00026879
8.121 5.1078e-05 0.00018956 0.00029305 0.020493 -0.0060475 0.00022981 0.035922 -0.018651 0.00022502
8.141 0.00040257 1.1715e-05 0.00018555 0.02047 -0.0062328 0.00025971 0.03602 -0.018537 0.00020876
8.161 0.00031766 0.00024719 3.3499e-05 0.020313 -0.0059891 0.00016709 0.036344 -0.018476 0.00022894
8.181 0.00041404 0.00028074 0.0003626 0.020188 -0.0062837 0.00040991 0.036106 -0.018232 0.00031312
8.201 6.399e-05 0.00029423 0.00027674 0.020106 -0.0059718 9.221e-05 0.03641 -0.01839 0.0001815
8.221 0.00014475 0.00038286 0.00026744 0.020024 -0.0059171 0.00039918 0.036503 -0.017856 5.1228e-05
8.241 0.00048906 5.0144e-05 0.00035237 0.020477 -0.0057223 0.00017372 0.036332 -0.018163 0.00036882
