# Gnuplot File : positions of 3 particle(s) Monitored
# 1st Column : time  others : particle(s) number 0 1 2 
# nParticles : 3
0.001 0.00011976 0.00020557 0.00038823 0.020473 0.00047944 0.00034845 0.040471 0.00023247 0.00042475
0.021 0.00020292 0.00018263 0.00045881 0.020037 -0.00019797 3.8259e-05 0.040474 -0.00017888 0.00044314
0.041 0.00024873 -0.00029158 0.00036756 0.020181 -0.00028332 0.00015978 0.040222 -0.00013075 0.00030486
0.061 9.2225e-06 -0.00017939 0.00026837 0.020204 -0.00034618 7.8269e-05 0.040402 -0.00037982 0.00031803
0.081 0.00029422 -0.00064101 0.00011332 0.0202 -0.00075451 3.4433e-05 0.040353 -0.00064496 0.00022412
0.101 7.3675e-05 -0.00059433 0.00012073 0.020324 -0.00049617 7.4294e-05 0.040372 -0.00097586 2.1716e-05
0.121 0.00032279 -0.00077698 7.2902e-07 0.020205 -0.00075334 6.5468e-05 0.040242 -0.0010273 0.00042309
0.141 3.8619e-05 -0.0010217 0.00043381 0.020144 -0.0013479 0.00037365 0.04043 -0.00093859 0.00028123
0.161 5.5691e-05 -0.0013173 0.00049316 0.020221 -0.0013612 0.00044659 0.040195 -0.0014632 7.1042e-05
0.181 0.00041428 -0.0015595 0.00048853 0.020499 -0.0015528 0.00038584 0.040416 -0.0016465 0.00032276
0.201 6.1913e-05 -0.0017327 0.00045096 0.020029 -0.0017315 0.00043972 0.040109 -0.0018915 0.00036611
0.221 0.00048346 -0.0021378 0.00046388 0.020185 -0.0017944 5.0626e-05 0.04022 -0.0021103 0.00040029
0.241 0.00024406 -0.0021109 0.00036364 0.020453 -0.0022633 0.00017467 0.040058 -0.0019627 2.6809e-05
0.261 0.00041885 -0.0020974 0.00017602 0.02027 -0.0020739 0.00027125 0.04029 -0.0020745 0.00031382
0.281 0.00010449 -0.0027393 0.00030126 0.020157 -0.0027558 3.4018e-05 0.040104 -0.002414 0.00020338
0.301 0.00015315 -0.0024827 0.00025043 0.020004 -0.0025948 0.00026614 0.040338 -0.00292 0.00049512
0.321 0.00039623 -0.0028016 0.00026859 0.020072 -0.0030059 0.00038541 0.040145 -0.0028427 0.00022781
0.341 0.00027337 -0.0031261 0.00031068 0.020318 -0.0029364 0.00023426 0.040184 -0.0032631 0.00027851
0.361 0.00013314 -0.0034406 0.00031283 0.020328 -0.0032376 0.00011123 0.040486 -0.0032403 0.00031696
0.381 0.00037211 -0.0033886 0.0004819 0.020065 -0.0036327 0.00044021 0.040354 -0.0035549 0.00037458
0.401 0.00035034 -0.0036865 3.5729e-05 0.020171 -0.0035978 0.00013782 0.040488 -0.0037686 0.00042568
0.421 0.00035511 -0.0037792 0.00036672 0.02043 -0.0037195 3.2019e-05 0.040294 -0.0040614 0.00012606
0.441 0.00032668 -0.0039455 0.00030804 0.02039 -0.0043045 0.00021358 0.04045 -0.0041857 0.0002915
0.461 0.00029935 -0.0043519 0.00022899 0.020299 -0.0044349 4.0504e-05 0.040267 -0.0042013 0.00025781
0.481 7.3301e-05 -0.0044009 1.9329e-06 0.020351 -0.0043126 0.0002247 0.040405 -0.0045378 0.00025655
0.501 0.00017299 -0.0047367 0.00022529 0.020207 -0.0046069 0.00011671 0.040047 -0.0047148 5.7343e-05
0.521 0.0002235 -0.0050752 0.0004916 0.020022 -0.0048479 0.00029568 0.040486 -0.0050145 0.0004866
0.541 0.0002237 -0.0052099 0.00024177 0.020096 -0.0048858 0.00031846 0.040313 -0.0048413 8.3738e-05
0.561 3.5065e-05 -0.0054365 0.00028429 0.020385 -0.0050067 3.8837e-05 0.04046 -0.0054941 5.38e-05
0.581 0.0001777 -0.0055075 9.7909e-05 0.020091 -0.0052799 0.00022053 0.040334 -0.0053602 0.00037908
0.601 0.00018278 -0.0056574 0.0004513 0.020474 -0.005418 0.00029796 0.040274 -0.0057318 0.00041928
0.621 5.0211e-05 -0.0057714 0.0001839 0.020242 -0.0058082 0.00025289 0.040373 -0.0058288 0.00025681
0.641 0.0002396 -0.0062534 0.00031078 0.020329 -0.0059751 0.00037155 0.04032 -0.0058251 0.00018164
0.661 0.00017314 -0.0064483 0.0003194 0.020306 -0.0064159 0.00047995 0.040437 -0.0063372 0.00034387
0.681 0.00036102 -0.0065756 0.00011259 0.020314 -0.0064972 0.00043718 0.040494 -0.0065837 0.00033123
0.701 0.00012234 -0.006605 0.00031612 0.020149 -0.0067117 0.00031948 0.040094 -0.0068239 0.00033951
0.721 6.737e-06 -0.0068711 0.00021368 0.020411 -0.0070022 0.00028812 0.040432 -0.0070665 0.00040246
0.741 0.00024337 -0.0072353 2.393e-05 0.020479 -0.0072133 0.00038209 0.040299 -0.0072314 0.00048794
0.761 0.0001093 -0.0071552 0.00033957 0.020241 -0.0073 0.00018422 0.040212 -0.0074414 0.00043874
0.781 0.00030407 -0.0071633 0.00037017 0.020428 -0.0073261 9.1402e-05 0.040482 -0.0073437 8.0987e-05
0.801 0.00016656 -0.0076318 0.00047774 0.020312 -0.0078404 0.00025772 0.040091 -0.0073644 0.0002924
0.821 0.00048267 -0.007858 0.00024125 0.020267 -0.0075777 0.0003624 0.040017 -0.007945 0.00022855
0.841 7.4145e-07 -0.0079533 0.00025469 0.020143 -0.0081365 0.00043539 0.040307 -0.0079812 0.00039359
0.861 3.4398e-06 -0.0079669 0.0002487 0.020089 -0.0081861 0.00041284 0.040228 -0.0081546 0.00042811
0.881 0.00021309 -0.0085061 5.6891e-05 0.020145 -0.0084 0.0004165 0.040131 -0.0086356 6.4604e-05
0.901 0.00022294 -0.0086599 8.2789e-05 0.020254 -0.0083557 0.00010821 0.040021 -0.0084368 0.00042361
0.921 0.00040154 -0.0087449 0.00035616 0.020227 -0.0088584 0.00016857 0.040292 -0.0089719 0.00024538
0.941 0.00015661 -0.0090685 0.00033862 0.020073 -0.0087945 0.00048065 0.040398 -0.0088918 0.0001807
0.961 5.967e-05 -0.0091583 5.5625e-05 0.020002 -0.0090616 0.00030018 0.040327 -0.0091001 0.00032163
0.981 0.00010641 -0.009402 2.9136e-05 0.020199 -0.0095307 0.00049823 0.040332 -0.0094131 0.00021646
1.001 2.6201e-05 -0.0096352 8.6356e-05 0.020272 -0.0096918 0.00031371 0.040472 -0.0096597 0.00028913
1.021 0.00042181 -0.0095868 0.00034933 0.020432 -0.0099934 0.00038505 0.040273 -0.010008 0.00016414
1.041 0.00041018 -0.0098074 7.3947e-05 0.020488 -0.0097291 5.2099e-05 0.040447 -0.0097509 0.0002546
1.061 0.00015585 -0.0099579 0.00035965 0.020306 -0.010407 0.00027708 0.040335 -0.010332 0.00032843
1.081 6.5832e-05 -0.010133 0.00022451 0.02041 -0.01039 4.3443e-06 0.040429 -0.010192 0.00029651
1.101 0.00014518 -0.010756 0.00041032 0.02002 -0.010369 0.00016625 0.040042 -0.01072 0.00035876
1.121 0.00015667 -0.010748 1.1119e-05 0.02037 -0.010534 0.0001346 0.040487 -0.010534 0.00023605
1.141 0.00048637 -0.010846 0.00021163 0.020323 -0.010772 0.00026631 0.040355 -0.011076 0.00028895
1.161 0.00012598 -0.01094 0.00040216 0.020031 -0.011016 0.0001857 0.04003 -0.011016 0.00025055
1.181 4.946e-05 -0.011198 7.0274e-05 0.020151 -0.011283 0.00031346 0.04027 -0.011423 0.00048987
1.201 0.00046848 -0.011442 3.7892e-05 0.020211 -0.011299 0.00030111 0.040109 -0.011663 0.0002126
1.221 2.9936e-05 -0.011686 0.0002652 0.020471 -0.011535 0.00018311 0.040443 -0.011812 0.00010713
1.241 1.1882e-05 -0.011919 0.00042315 0.02 -0.012121 0.00032188 0.040392 -0.01212 1.3096e-05
1.261 0.00049083 -0.012301 0.00043021 0.02021 -0.01191 9.8091e-05 0.040381 -0.012028 0.00015855
1.281 8.8095e-06 -0.012503 0.00048616 0.020456 -0.012174 0.0002663 0.040338 -0.012402 0.00027286
1.301 0.00014837 -0.012354 0.00036634 0.020114 -0.012515 0.00041666 0.040418 -0.01271 0.00039069
1.321 0.00028922 -0.012805 0.00010549 0.020277 -0.012824 9.7413e-05 0.040369 -0.012538 0.0004074
1.341 0.00023982 -0.012734 0.00049155 0.020456 -0.01313 0.00022729 0.040432 -0.012663 9.84e-05
1.361 6.6236e-05 -0.013054 0.00010694 0.020469 -0.013341 0.00030962 0.040453 -0.013252 9.6658e-05
1.381 0.00011459 -0.01312 8.0294e-05 0.020458 -0.013086 0.00024803 0.040299 -0.013227 0.0001395
1.401 8.3504e-05 -0.013636 8.6268e-05 0.020443 -0.013319 0.00014259 0.040128 -0.013504 0.0003021
1.421 4.3047e-05 -0.013606 0.0002688 0.020045 -0.013823 0.00022732 0.040377 -0.013912 3.8293e-05
1.441 7.2236e-05 -0.013775 0.00037259 0.02017 -0.013895 0.00042347 0.040222 -0.013766 0.00033842
1.461 0.00011314 -0.013983 4.8017e-05 0.020088 -0.013837 0.00018346 0.040281 -0.014142 4.3956e-05
1.481 0.00049319 -0.014241 0.00017176 0.020028 -0.014421 0.00027647 0.040354 -0.01448 0.00045279
1.501 0.00029405 -0.014241 0.00047484 0.020083 -0.014313 1.9235e-06 0.040466 -0.0146 0.00010795
1.521 2.9764e-05 -0.014678 0.00016619 0.020119 -0.014791 6.7962e-05 0.040188 -0.014478 0.00039121
1.541 4.9076e-05 -0.014649 0.00023523 0.020412 -0.01504 9.8356e-05 0.040293 -0.014934 4.7012e-05
1.561 0.00044024 -0.014909 0.00029492 0.020122 -0.01486 0.00018734 0.040236 -0.015268 0.00045313
1.581 0.00045072 -0.01514 0.0002143 0.020194 -0.015011 0.00049992 0.040391 -0.015345 0.00014033
1.601 5.6819e-05 -0.015498 5.3698e-05 0.020438 -0.01523 9.112e-06 0.040136 -0.015223 0.00047838
1.621 0.00037245 -0.015559 0.00029268 0.02006 -0.015857 9.9495e-05 0.040249 -0.015589 0.00042691
1.641 1.6611e-05 -0.015802 0.00029679 0.020438 -0.015604 4.9698e-05 0.040452 -0.015783 0.00046738
1.661 0.00024784 -0.016129 0.00040113 0.020315 -0.015861 0.00027898 0.040257 -0.016045 0.00047494
1.681 0.0004074 -0.016167 0.00017346 0.020172 -0.016449 0.00042582 0.04022 -0.016192 0.00032249
1.701 0.00011952 -0.016458 6.7457e-05 0.020475 -0.016291 0.0001399 0.04021 -0.01642 0.00043658
1.721 0.00019588 -0.016476 0.00034965 0.020304 -0.016681 0.00026758 0.040191 -0.016536 0.00049552
1.741 0.00036749 -0.016758 6.6156e-05 0.020061 -0.017063 0.00042805 0.040238 -0.016663 0.00017835
1.761 4.924e-05 -0.016911 0.00049547 0.020303 -0.017143 4.2025e-05 0.040112 -0.017066 0.00046249
1.781 7.1049e-05 -0.017077 0.00015121 0.020185 -0.017017 1.6287e-06 0.040096 -0.017311 0.00038422
1.801 0.00044392 -0.017361 0.00016292 0.02003 -0.017483 0.00035479 0.040346 -0.017381 0.00014651
1.821 0.00019549 -0.017691 0.00041959 0.020495 -0.017771 0.00011196 0.040173 -0.017437 0.00018033
1.841 8.2266e-05 -0.017644 0.0004108 0.020327 -0.01775 0.00027011 0.040145 -0.017838 0.00014682
1.861 0.0001 -0.017987 0.00015512 0.02007 -0.018035 5.8847e-05 0.040271 -0.018189 0.00018054
1.881 1.7133e-05 -0.018065 0.00034184 0.020028 -0.018418 6.8312e-05 0.040017 -0.018342 0.00029017
1.901 2.4046e-05 -0.018611 5.6086e-05 0.020283 -0.018618 1.7294e-05 0.040369 -0.018206 0.00022014
1.921 0.00038141 -0.018472 3.0076e-05 0.020313 -0.018829 0.00048851 0.040125 -0.018838 0.00017586
1.941 0.00025114 -0.018758 2.1323e-05 0.020356 -0.018775 0.00019014 0.040437 -0.018774 0.00037976
1.961 0.00017196 -0.018941 0.00038192 0.020125 -0.018776 0.00037062 0.040294 -0.018902 0.00049888
1.981 0.0003782 -0.01915 0.00033517 0.020211 -0.01926 0.00018663 0.040067 -0.018953 0.00033446
2.001 0.00015948 -0.019145 0.00016901 0.020109 -0.019261 7.8734e-05 0.040092 -0.019418 0.00039882
2.021 0.00014723 -0.019782 0.00034322 0.020379 -0.019529 0.00012772 0.040254 -0.019389 0.00015119
2.041 0.00032652 -0.020001 0.00036684 0.020079 -0.01956 0.00033112 0.040278 -0.019828 5.9826e-05
2.061 7.8336e-05 -0.019978 0.00015642 0.020384 -0.019771 7.1634e-05 0.040186 -0.019548 1.4588e-05
2.081 0.00032595 -0.019531 0.00024231 0.02004 -0.01998 0.00025581 0.040001 -0.019881 0.00012616
2.101 0.0004373 -0.019875 2.036e-05 0.020355 -0.019831 0.00031346 0.040394 -0.019809 0.0002876
2.121 0.00047723 -0.020025 0.00036619 0.020206 -0.019761 0.00025345 0.04015 -0.019556 0.00010479
2.141 4.3013e-05 -0.019784 9.7033e-05 0.020141 -0.01959 0.00042065 0.040051 -0.019666 0.00047888
2.161 6.0356e-05 -0.019821 3.4045e-05 0.020191 -0.019548 0.00037317 0.04041 -0.019671 0.00032084
2.181 5.7853e-05 -0.019743 0.00027616 0.020459 -0.020021 0.00018729 0.040283 -0.019672 0.000311
2.201 0.00012798 -0.019794 0.0003359 0.020318 -0.019936 0.00024407 0.040494 -0.019957 0.00034386
2.221 0.00048999 -0.019678 8.5541e-05 0.020084 -0.019778 9.7697e-05 0.040443 -0.019959 0.00039251
2.241 0.00036182 -0.01961 0.00023966 0.020053 -0.019878 0.00012287 0.040378 -0.020016 0.00039732
2.261 0.00018229 -0.019656 0.00010364 0.020216 -0.020058 0.00034001 0.040354 -0.019969 0.00021964
2.281 0.00017584 -0.020035 0.00046766 0.020213 -0.019641 0.00036845 0.040416 -0.019652 0.00032214
2.301 0.00032668 -0.019992 0.00022128 0.020164 -0.02 0.00043443 0.040417 -0.019793 0.00044477
2.321 9.5559e-05 -0.019792 0.00038105 0.020496 -0.019788 0.00037772 0.040334 -0.019874 9.367e-05
2.341 0.00036375 -0.019687 0.00014168 0.020286 -0.019664 0.00010828 0.040292 -0.020066 0.00048522
2.361 0.00046188 -0.019793 3.966e-06 0.020198 -0.01973 0.00023317 0.040034 -0.0199 0.00018176
2.381 0.00019825 -0.019829 5.4035e-05 0.020002 -0.019698 6.5378e-05 0.04007 -0.020001 2.376e-05
2.401 0.0001507 -0.019892 0.00048814 0.020382 -0.020045 0.0001496 0.040248 -0.019687 0.0002777
2.421 0.00014843 -0.019735 0.00021339 0.020357 -0.019993 0.00042991 0.040073 -0.020047 1.8151e-06
2.441 0.00017349 -0.019966 0.00017619 0.020104 -0.019685 0.00040619 0.04013 -0.020099 0.00016591
2.461 0.00018499 -0.019798 0.00019864 0.02041 -0.020081 0.00036717 0.040115 -0.019945 0.00039873
2.481 0.000323 -0.020018 0.00017035 0.02035 -0.019852 0.00021045 0.040424 -0.019895 0.00037498
2.501 0.00040179 -0.019826 0.0001542 0.020356 -0.019629 0.00033909 0.040302 -0.019577 6.7006e-05
2.521 0.00038544 -0.019753 0.00047236 0.020494 -0.01961 0.00029711 0.04001 -0.019556 0.00038107
2.541 6.0218e-05 -0.019821 8.1765e-05 0.020086 -0.019672 0.00047987 0.040371 -0.019873 0.00026813
2.561 9.4266e-05 -0.019753 7.2266e-05 0.020123 -0.019677 0.00036414 0.040212 -0.019757 0.00029867
2.581 0.00025142 -0.019856 0.00017393 0.020192 -0.019734 0.00035998 0.040446 -0.019893 5.5299e-05
2.601 0.00047915 -0.019483 8.3283e-05 0.020114 -0.019649 0.00032366 0.040315 -0.01948 0.00016424
2.621 0.00032638 -0.019707 0.00024373 0.020368 -0.019799 0.00028425 0.040145 -0.019835 0.00028594
2.641 0.00046018 -0.019517 0.00029796 0.020069 -0.019546 0.00016998 0.040325 -0.019725 0.00039117
2.661 0.00045371 -0.019692 0.00024783 0.020206 -0.019595 0.00031029 0.040386 -0.019504 0.00040442
2.681 0.00013319 -0.019793 0.00037447 0.020366 -0.019442 0.00030499 0.040405 -0.019811 0.00038695
2.701 0.00029297 -0.019407 0.00025348 0.020105 -0.019479 0.00039731 0.040109 -0.019558 0.0004731
2.721 0.00021752 -0.019588 0.00040595 0.020157 -0.019336 0.00047203 0.040194 -0.019614 0.0004457
2.741 0.00014236 -0.019603 0.00043761 0.020407 -0.019278 0.0001641 0.04047 -0.019773 0.00047949
2.761 0.00020045 -0.019724 0.00045593 0.020353 -0.019564 0.00022324 0.040304 -0.019619 0.00032213
2.781 0.00035246 -0.019669 0.00045024 0.020233 -0.019702 0.00022263 0.040462 -0.019633 0.00049042
2.801 0.00023819 -0.01949 0.00028526 0.020411 -0.019225 0.0001988 0.040187 -0.01926 0.00019459
2.821 0.00037294 -0.019227 0.0003403 0.020411 -0.019322 0.00013643 0.040008 -0.019566 0.0002319
2.841 0.00042291 -0.019516 0.00024613 0.020226 -0.019593 5.1346e-05 0.040201 -0.019575 0.00012754
2.861 0.00021067 -0.01963 3.6138e-05 0.02045 -0.019215 3.447e-05 0.040359 -0.019606 0.00012247
2.881 8.5892e-05 -0.019469 0.00028067 0.020376 -0.019451 0.00040308 0.040159 -0.019465 0.00022049
2.901 0.00029428 -0.019402 0.00011324 0.020273 -0.019308 9.9415e-05 0.040001 -0.019096 0.00021136
2.921 0.00049661 -0.019456 0.00042688 0.020163 -0.019123 0.00014098 0.040286 -0.019408 0.0003613
2.941 0.00044611 -0.019375 0.0004071 0.02039 -0.019167 0.00046286 0.040248 -0.019057 0.00037196
2.961 0.00012296 -0.019205 3.6381e-06 0.020121 -0.019245 0.00021883 0.040288 -0.019324 0.00040208
2.981 2.9083e-05 -0.019057 0.00012785 0.020058 -0.019246 0.00048801 0.040283 -0.019054 0.00030362
3.001 0.00017005 -0.019376 9.145e-05 0.020324 -0.019028 0.00045121 0.040479 -0.019172 0.0003176
3.021 0.00024887 -0.019405 0.00013904 0.020443 -0.019279 0.00034661 0.040159 -0.019417 0.00046526
3.041 8.9105e-05 -0.019375 6.6166e-09 0.020152 -0.019127 0.0004433 0.040367 -0.019279 0.00044464
3.061 3.9539e-05 -0.019275 0.00034254 0.020272 -0.019197 0.00032808 0.040041 -0.01929 0.0004079
3.081 0.00011071 -0.018965 0.00024244 0.020178 -0.019222 0.00036106 0.040449 -0.019211 2.981e-05
3.101 0.00028193 -0.018877 0.00016204 0.020025 -0.018905 7.7403e-05 0.040199 -0.019185 0.00020318
3.121 0.00031418 -0.019179 0.00024564 0.020428 -0.019253 0.00042225 0.040094 -0.01905 8.9017e-05
3.141 0.00032737 -0.019089 0.00020951 0.020313 -0.018973 2.3165e-05 0.040155 -0.019104 4.4082e-05
3.161 0.00016161 -0.018881 0.00021845 0.020497 -0.018815 0.00027995 0.040325 -0.018992 0.00026399
3.181 0.00025359 -0.018973 2.0423e-05 0.02041 -0.019047 0.00034973 0.040426 -0.019079 5.8675e-05
3.201 0.00020961 -0.018727 0.00036634 0.02036 -0.018832 0.00047182 0.040458 -0.01911 0.00016923
3.221 0.00049536 -0.019189 5.556e-05 0.020498 -0.019047 0.00043861 0.040058 -0.018859 1.631e-05
3.241 0.00036566 -0.019063 0.00012125 0.02026 -0.019018 0.00029886 0.040021 -0.018921 0.00046156
3.261 5.4915e-05 -0.019017 0.00022953 0.020327 -0.01873 0.0004251 0.040445 -0.019043 0.00030173
3.281 0.00035311 -0.018747 0.00024801 0.02047 -0.018815 0.00024684 0.040015 -0.019118 0.00032967
3.301 3.5072e-05 -0.018923 0.00042556 0.02027 -0.018618 0.00023405 0.040331 -0.019072 0.00037262
3.321 6.7473e-06 -0.019038 0.00022538 0.020485 -0.018634 0.00033006 0.040264 -0.018779 4.9789e-05
3.341 0.00018799 -0.018882 0.00033815 0.020343 -0.018579 6.4573e-05 0.040112 -0.018563 0.00038668
3.361 0.000202 -0.018597 0.00014234 0.020245 -0.018655 0.00022874 0.040148 -0.01898 9.5487e-05
3.381 0.00031982 -0.018744 0.00020847 0.020051 -0.018946 0.00023124 0.040102 -0.01876 0.00034982
3.401 1.8988e-06 -0.018642 0.00046538 0.020379 -0.018487 6.5832e-05 0.040114 -0.018793 0.0001853
3.421 8.8222e-05 -0.018802 0.00012687 0.020006 -0.018556 9.2577e-05 0.040144 -0.018868 8.8691e-05
3.441 2.1473e-06 -0.018453 0.00027604 0.020334 -0.018931 0.0003669 0.040312 -0.018692 0.00048379
3.461 0.00027064 -0.018862 9.5039e-05 0.020429 -0.018815 0.00026751 0.040353 -0.01852 0.0003043
3.481 0.00048142 -0.018615 0.00032201 0.020094 -0.018885 8.1358e-05 0.040359 -0.018459 9.8855e-05
3.501 0.00011303 -0.018364 0.00016832 0.020273 -0.018431 0.00049444 0.040373 -0.018704 2.6444e-05
3.521 0.0003325 -0.018364 0.00032302 0.020225 -0.018381 0.00049009 0.040026 -0.018399 0.00018984
3.541 0.00016902 -0.018402 0.00041465 0.020392 -0.018485 0.00016776 0.040117 -0.018497 0.00042723
3.561 0.00010017 -0.018622 0.0003121 0.020127 -0.018374 3.1474e-05 0.040491 -0.018702 0.00040628
3.581 0.0002362 -0.018378 0.00020677 0.020302 -0.018673 7.7577e-05 0.040373 -0.018424 7.4781e-06
3.601 1.9183e-05 -0.018408 0.00047001 0.020393 -0.018566 0.00041735 0.040023 -0.01829 0.00037337
3.621 4.0161e-05 -0.018708 0.00045849 0.020163 -0.018297 0.00046469 0.040409 -0.018233 0.0004203
3.641 0.00043733 -0.018501 0.0003031 0.0204 -0.018406 0.00040827 0.040385 -0.018596 5.3972e-05
3.661 3.02e-05 -0.018528 0.00012147 0.020113 -0.01845 0.00032158 0.040074 -0.018481 0.00036316
3.681 0.00033033 -0.018205 0.00043372 0.0204 -0.018198 0.00045581 0.04037 -0.01842 0.00033756
3.701 0.00014426 -0.018254 0.00038787 0.020126 -0.018143 0.00021949 0.04019 -0.018524 0.00017071
3.721 8.3459e-05 -0.018148 0.00030512 0.020401 -0.018123 0.00034522 0.040097 -0.018582 0.00028862
3.741 0.00046024 -0.018277 0.0004896 0.020078 -0.018355 0.00018536 0.04028 -0.018269 9.4498e-05
3.761 0.00031092 -0.018542 7.137e-05 0.020167 -0.018252 0.00030763 0.040291 -0.018478 7.3496e-05
3.781 0.00028858 -0.018447 0.00038446 0.020102 -0.018125 0.00032346 0.040279 -0.018152 5.081e-05
3.801 4.0719e-05 -0.018322 7.5862e-05 0.020267 -0.018042 0.00040279 0.04034 -0.018207 0.00029317
3.821 0.00023221 -0.018358 0.00035102 0.020055 -0.018013 9.6208e-05 0.040369 -0.018282 0.00017809
3.841 9.0905e-05 -0.018247 0.00028426 0.020209 -0.018448 0.00028867 0.040228 -0.018097 0.00021085
3.861 6.9814e-05 -0.017993 0.00019384 0.020441 -0.018159 0.00044194 0.040448 -0.018205 0.0001762
3.881 0.00012401 -0.017989 0.00012516 0.020483 -0.018372 0.00037571 0.040314 -0.018081 0.00037413
3.901 0.00035222 -0.018088 0.00040853 0.020156 -0.017921 3.8702e-05 0.040409 -0.017972 0.0001122
3.921 0.00012099 -0.017961 0.00046725 0.020245 -0.018274 0.00024276 0.04027 -0.018112 0.00015327
3.941 0.00016238 -0.018231 0.00015854 0.020172 -0.01808 0.00014215 0.040184 -0.017834 0.00037276
3.961 2.7537e-05 -0.018256 0.00027888 0.020042 -0.018019 0.00011567 0.040373 -0.017891 0.00040607
3.981 0.00019816 -0.018228 0.00035804 0.020093 -0.01793 0.00048049 0.040026 -0.01793 0.00026086
4.001 0.00010644 -0.018183 9.181e-05 0.020281 -0.018039 0.0001331 0.040097 -0.018102 0.00031684
4.021 0.00021871 -0.018155 0.00027815 0.020109 -0.018121 0.00033759 0.040379 -0.017747 0.00048238
4.041 0.00046016 -0.018066 0.00032758 0.020485 -0.017857 0.00016243 0.040124 -0.018058 0.00039603
4.061 2.7184e-05 -0.018095 7.3556e-05 0.02019 -0.017881 0.00034266 0.040477 -0.017701 0.00041149
4.081 0.00038457 -0.017709 0.00011544 0.020105 -0.017923 0.0001084 0.040364 -0.018146 0.00019977
4.101 0.00027404 -0.017796 9.9433e-05 0.020217 -0.017947 5.8974e-05 0.040321 -0.017642 0.00017067
4.121 0.00016272 -0.017931 0.00014143 0.020063 -0.017797 0.00011994 0.040044 -0.017867 0.00048189
4.141 0.00013425 -0.017952 0.00019736 0.020137 -0.017926 0.00034696 0.040105 -0.017902 0.00037494
4.161 0.00029099 -0.017691 4.9516e-06 0.020119 -0.018001 0.00021935 0.040069 -0.017881 0.00023567
4.181 0.0003313 -0.017835 0.00013493 0.020183 -0.017698 0.00048908 0.040381 -0.017867 0.00039617
4.201 0.00041239 -0.017849 0.00015538 0.020381 -0.017778 0.00022233 0.040407 -0.017718 0.00028719
4.221 0.00044589 -0.017751 0.00035226 0.020218 -0.017542 0.00022796 0.040105 -0.017521 2.5646e-05
4.241 0.00020405 -0.017843 0.00023045 0.020202 -0.017901 0.00031858 0.040064 -0.01776 0.00045131
4.261 0.00018071 -0.017769 0.0001834 0.020308 -0.017938 0.00029292 0.040077 -0.017594 0.00010189
4.281 0.00012912 -0.01792 0.00045488 0.020194 -0.017778 0.00017297 0.0401 -0.01785 0.0004622
4.301 0.00014252 -0.0177 0.00048515 0.020273 -0.017811 0.00032835 0.040411 -0.017584 2.3738e-05
4.321 0.00044313 -0.017763 0.00035487 0.020058 -0.017584 4.9195e-06 0.040361 -0.017676 0.0003343
4.341 0.00048234 -0.017577 0.00040631 0.02049 -0.017537 0.0002055 0.040118 -0.017694 0.00032656
4.361 0.00037974 -0.017454 0.00017559 0.020009 -0.017776 2.7322e-05 0.040384 -0.017445 0.00042371
4.381 0.00028868 -0.017708 0.00038081 0.020056 -0.017494 0.00040445 0.040266 -0.017617 0.00019775
4.401 4.4443e-05 -0.017494 0.00035278 0.020328 -0.017325 0.00018223 0.040366 -0.017408 0.00031646
4.421 0.00023494 -0.017379 0.00033454 0.020267 -0.017704 0.00022231 0.040375 -0.017593 1.2637e-05
4.441 0.00049394 -0.017278 9.9315e-05 0.020374 -0.017519 0.0002821 0.040252 -0.017707 0.00022191
4.461 7.905e-05 -0.017539 3.8319e-06 0.020016 -0.017561 0.00014219 0.040481 -0.017606 0.00025142
4.481 1.3987e-05 -0.017369 3.71e-05 0.020448 -0.017516 0.00023447 0.040486 -0.017498 0.00036547
4.501 7.2657e-05 -0.017189 0.0002748 0.020426 -0.017504 0.00044026 0.040065 -0.01746 0.00028789
4.521 0.00031635 -0.017214 0.00031334 0.020036 -0.017542 0.00044663 0.040145 -0.017308 0.00043204
4.541 0.00040176 -0.017433 0.00017877 0.020256 -0.017499 0.00044638 0.040156 -0.017137 0.0004107
4.561 4.7273e-06 -0.017146 0.00032896 0.020396 -0.017353 0.00019292 0.040194 -0.017569 0.00036741
4.581 0.00020328 -0.017393 7.7923e-08 0.020151 -0.017242 0.00032408 0.040329 -0.017243 1.6451e-05
4.601 5.5492e-05 -0.017263 2.3511e-05 0.020335 -0.017082 2.9911e-05 0.040078 -0.017269 0.00036386
4.621 0.0001633 -0.017193 5.8469e-05 0.020074 -0.017329 0.00024216 0.040441 -0.017123 0.00040017
4.641 6.9996e-07 -0.017158 0.00034283 0.020094 -0.017239 0.00049851 0.040118 -0.017412 4.0748e-05
4.661 0.00046604 -0.017018 1.5906e-05 0.020174 -0.017426 0.00035234 0.040351 -0.016988 0.00029375
4.681 0.00033617 -0.017413 0.00024439 0.020028 -0.017428 0.00041612 0.040047 -0.01716 0.00033111
4.701 0.00022688 -0.016921 0.00010732 0.02038 -0.017126 0.00037215 0.040492 -0.017211 0.0002187
4.721 0.00016581 -0.017224 0.00028823 0.020233 -0.017147 0.00046249 0.040097 -0.016999 0.00046644
4.741 0.00038084 -0.016947 0.0003039 0.020149 -0.0169 0.00021512 0.04037 -0.017267 0.00032595
4.761 7.498e-05 -0.017117 3.9857e-05 0.020246 -0.01719 6.2965e-05 0.040297 -0.017122 4.8297e-05
4.781 1.3035e-05 -0.016868 0.00024669 0.020444 -0.017286 0.00018378 0.040311 -0.016847 0.00014786
4.801 0.00037397 -0.01695 0.00029256 0.020153 -0.017244 0.00027317 0.040161 -0.017139 0.00039046
4.821 0.00033771 -0.016947 0.00013764 0.020332 -0.017046 8.7597e-05 0.040053 -0.017215 0.00041299
4.841 0.00046147 -0.016912 0.00044973 0.020071 -0.016873 4.9376e-05 0.040117 -0.017133 0.00035345
4.861 8.2581e-05 -0.016842 0.00043254 0.020169 -0.01677 0.00046668 0.04035 -0.01687 0.00028587
4.881 0.00020258 -0.016933 0.00010735 0.020029 -0.016757 0.00031649 0.040059 -0.01711 0.00018173
4.901 0.00043849 -0.016983 0.00042618 0.020316 -0.016935 0.00031215 0.040105 -0.017007 0.0004739
4.921 0.00042295 -0.017099 0.00022501 0.0205 -0.016687 0.00010309 0.040256 -0.017072 0.00045479
4.941 5.2536e-05 -0.016868 0.00032583 0.020343 -0.016704 6.8206e-05 0.040075 -0.016727 0.00018819
4.961 6.2375e-05 -0.016805 0.00047677 0.020079 -0.017091 0.00034369 0.040332 -0.016991 0.00019748
4.981 0.00035283 -0.016903 0.00038741 0.020449 -0.017005 0.00022484 0.040095 -0.016914 0.00035194
5.001 0.00019824 -0.016801 4.8958e-05 0.02001 -0.01703 0.00033796 0.04033 -0.016761 0.00022902
5.021 0.00032059 -0.016766 0.00043033 0.020499 -0.016568 0.00027162 0.040121 -0.016977 7.6356e-05
5.041 0.00022699 -0.016847 0.00011135 0.020188 -0.016978 0.00029049 0.04002 -0.016616 0.00041162
5.061 0.000251 -0.016732 0.00024805 0.020448 -0.01672 1.9709e-06 0.040135 -0.016733 0.00036381
5.081 0.00048954 -0.016755 0.00040346 0.020188 -0.016951 0.00034659 0.040364 -0.016612 0.00039807
5.101 0.00011308 -0.016663 0.00049031 0.020361 -0.016833 0.00015684 0.040451 -0.016819 0.00043981
5.121 7.7788e-05 -0.016511 0.00019263 0.020128 -0.016907 0.00031809 0.040295 -0.016748 0.00021104
5.141 8.6619e-05 -0.016561 0.00017939 0.020312 -0.016784 0.00033268 0.040253 -0.016857 0.00020729
5.161 6.9309e-05 -0.016608 0.00049998 0.020398 -0.016634 0.00047035 0.040013 -0.016792 0.00039094
5.181 6.5208e-06 -0.016711 0.00026087 0.020204 -0.01635 0.00029633 0.040087 -0.016704 3.4202e-05
5.201 0.00037631 -0.016688 0.00042485 0.020166 -0.016719 0.00012357 0.040375 -0.016359 0.00026488
5.221 0.00015608 -0.016705 0.00031986 0.020352 -0.016593 0.00023415 0.040395 -0.016366 0.00047959
5.241 0.00024644 -0.016412 0.00028379 0.020158 -0.016311 0.00036158 0.040168 -0.016349 0.00040946
5.261 0.00029961 -0.016506 5.6191e-05 0.020423 -0.016634 0.00016674 0.040037 -0.016737 0.00012113
5.281 0.0004614 -0.016415 0.0002767 0.020219 -0.01633 0.00036916 0.040214 -0.016487 0.00040201
5.301 6.5523e-05 -0.016354 0.00015267 0.020094 -0.01627 6.2835e-06 0.040067 -0.016264 0.00010314
5.321 0.00021024 -0.016329 2.3654e-05 0.020006 -0.016534 0.00043367 0.040207 -0.016481 8.3937e-05
5.341 0.00010233 -0.016338 0.00029558 0.020245 -0.01625 0.00040822 0.040152 -0.01644 0.00045468
5.361 0.00047554 -0.016358 0.00012858 0.020129 -0.016335 0.00017564 0.040022 -0.016569 0.0002602
5.381 0.00049255 -0.016407 0.00042342 0.020133 -0.016348 0.00037922 0.040381 -0.016145 0.00028074
5.401 6.3647e-06 -0.016186 0.00022409 0.020029 -0.016343 0.00044991 0.040373 -0.016166 0.00012425
5.421 0.00038563 -0.01634 0.00017481 0.020143 -0.01629 4.9797e-05 0.040202 -0.016082 0.00046574
5.441 7.0617e-05 -0.016416 4.2743e-05 0.020246 -0.01622 0.00017963 0.040425 -0.01625 3.8724e-05
5.461 0.00013234 -0.01645 0.00021086 0.020109 -0.016064 3.5043e-05 0.040397 -0.016248 0.00036006
5.481 0.00026124 -0.016345 0.00031565 0.020138 -0.016343 0.00019736 0.04004 -0.016024 0.00028464
5.501 0.00012459 -0.015986 0.00046892 0.02018 -0.016382 0.00015387 0.040133 -0.016385 0.00012459
