v 65.7356 -5.60916 106.898
v 39.5484 3.59924 102.688
v 47.2085 26.6137 95.1208
v -51.5542 7.26198 65.0353
v 28.6827 11.5147 99.2186
v -20.4084 36.1369 55.2258
v 37.9361 -44.83 93.5282
v -42.0685 2.18419 68.4842
v -13.9354 6.27394 79.2719
v 6.25926 -2.84109 89.2669
v -29.8771 -27.7446 72.0689
v 27.7372 -30.5469 85.8263
v 40.0814 9.15938 100.48
v 26.5829 11.4011 96.7544
v 37.8039 -4.35702 99.0379
v 33.625 -33.5313 87.6083
v -31.3609 -9.2556 67.4507
v -19.6268 -6.97468 73.9593
v 25.5812 6.65845 99.2138
v -54.3484 6.62297 62.7058
v -35.1602 -8.36278 71.3765
v 25.0115 2.72442 98.3979
v -51.5307 -12.1672 70.8213
v 27.2575 7.58271 98.5185
v -33.7531 -9.32546 69.5868
v 13.9968 1.34961 93.8433
v 26.276 7.61392 90.0415
v -8.74623 4.40181 78.6258
v 1.59001 17.4327 77.0722
v -59.5772 8.78202 60.7541
v -19.0178 11.3418 71.6813
v -9.21593 5.29254 79.173
v 42.8613 -26.8051 98.0084
v 57.845 -17.749 92.6434
v 25.5634 2.50013 100.628
v 9.51209 8.35535 89.7257
v 33.8219 7.99649 102.758
v -3.62415 -9.82965 78.9634
v -49.6865 0.308126 67.037
v -61.5338 -12.8511 68.85
