v -3.43695 0.484132 5.09297
v 2.52026 -0.290468 6.03862
v -2.09072 -0.61704 5.23042
v -3.62323 0.441531 5.03962
v -2.34401 -0.557519 5.30445
v 1.81717 0.505514 5.73021
v -0.583082 0.293454 4.7978
v -1.26785 0.75612 4.89265
v -2.87581 -1.12914 5.14422
v 1.42476 0.668598 5.50366
v -2.75752 -0.386509 5.34528
v -1.31453 -1.45182 4.54877
v -2.80778 -0.367048 5.34241
v 0.699348 -0.480441 4.28649
v 0.280821 -1.22957 3.42034
v -3.10308 -0.179183 5.34942
v -3.59384 -0.0724725 5.25031
v 4.10184 -3.30866 2.18779
v -1.07166 -0.165299 4.85321
v -3.85132 -0.125321 5.21855
v -1.55519 0.199211 5.01979
v 1.12793 2.28041 4.33745
v -0.866503 0.813562 4.87673
v -3.08664 -0.181938 5.34856
v -0.256694 1.24498 4.8582
v -3.39438 -0.615937 5.30732
v -3.41868 -0.397236 5.29522
v -3.44575 0.148159 5.25695
v -1.70948 0.270922 5.08563
v -3.72743 -0.135112 5.24775
v -4.03588 -0.352727 5.2207
v 0.254652 0.852737 5.01364
v 2.23449 1.13265 5.81903
v -0.341763 0.310618 4.83061
v -1.72598 0.03474 5.10674
v -3.43016 0.0615175 5.26546
v 3.80498 -3.08029 2.41304
v -0.204737 -2.41678 2.57882
v -0.521598 -2.59112 2.76446
v 1.59287 -0.666706 4.71901
v 0.217237 1.69956 4.75328
v -0.767118 -0.824783 4.4492
v -0.288963 0.715524 4.88555
