  0.00778351   0.00556318 -0.000431749            0            0            0      1.98967      2.07017    -0.166786            0            0            0
 0.00654992 -0.00320367 -0.00199715           0           0           0     0.11904   -0.838384   -0.375639           0           0           0
 0.00270616 -0.00588598 -0.00459914           0           0           0   -0.324643   -0.199065   -0.474351           0           0           0
 0.00258703 -0.00705751 -0.00147809           0           0           0   -0.112284  -0.0580389    0.149848           0           0           0
  0.00277452  -0.00901774 -0.000437849            0            0            0      -0.1256    -0.148953  -0.00827055            0            0            0
  0.00313996   -0.0108722 -0.000174745            0            0            0    -0.120482    -0.139225    -0.085232            0            0            0
  0.00359038   -0.0126249 -0.000143101            0            0            0    -0.116121    -0.128341    -0.109977            0            0            0
  0.00431562   -0.0147483 -0.000400431            0            0            0   -0.0919855    -0.163942    -0.139257            0            0            0
 0.00471276  -0.0166759 7.02431e-06           0           0           0   -0.126821   -0.142932  -0.0758652           0           0           0
0.00515965 -0.0186729 7.9911e-05          0          0          0 -0.0583179  -0.192884   -0.15594          0          0          0
 0.00581679  -0.0206869 0.000116853           0           0           0  -0.0370118   -0.195632   -0.163317           0           0           0
0.00602205 -0.0227678 0.00018897          0          0          0 -0.0824838  -0.202069   -0.16198          0          0          0
 0.00662183  -0.0246125 0.000291307           0           0           0  -0.0443381   -0.177965   -0.160086           0           0           0
 0.00711986  -0.0265667 0.000177813           0           0           0  -0.0550905   -0.188459   -0.182807           0           0           0
0.00761543 -0.0286226 0.00046806          0          0          0 -0.0561082  -0.198246  -0.145473          0          0          0
 0.00817672  -0.0304423 0.000424288           0           0           0  -0.0501528   -0.174075   -0.178741           0           0           0
 0.00852971  -0.0326067 0.000538718           0           0           0  -0.0719033   -0.208154   -0.165719           0           0           0
 0.00908708  -0.0345842 0.000781871           0           0           0  -0.0521756   -0.188961   -0.154346           0           0           0
 0.00969557   -0.036401 0.000573086           0           0           0   -0.047668   -0.172313   -0.199695           0           0           0
  0.0100915  -0.0384407 0.000707266           0           0           0  -0.0695588   -0.194239   -0.168833           0           0           0
  0.0106641  -0.0404231 0.000889287           0           0           0  -0.0527486   -0.187909   -0.164889           0           0           0
   0.010928  -0.0425014 0.000969919           0           0           0  -0.0840556   -0.197066   -0.176531           0           0           0
 0.0116312 -0.0443105 0.00103231          0          0          0 -0.0410926  -0.169534  -0.179664          0          0          0
 0.0122671 -0.0464046 0.00115195          0          0          0 -0.0483767  -0.197413  -0.175886          0          0          0
  0.012605 -0.0483716 0.00118829          0          0          0 -0.0783227  -0.184261  -0.185672          0          0          0
 0.0130982 -0.0504009 0.00102435          0          0          0 -0.0640463  -0.189864  -0.206685          0          0          0
 0.0135377 -0.0525247 0.00147576          0          0          0 -0.0697102  -0.198864  -0.148796          0          0          0
 0.0141413 -0.0543941 0.00125695          0          0          0 -0.0540097  -0.172632  -0.214341          0          0          0
 0.0146952 -0.0561715 0.00166712          0          0          0 -0.0591191  -0.163024  -0.155815          0          0          0
 0.0152321 -0.0582369 0.00157973          0          0          0 -0.0618912  -0.191013  -0.204564          0          0          0
 0.0155461 -0.0603423 0.00153288          0          0          0 -0.0843604  -0.194568  -0.203417          0          0          0
 0.0162767 -0.0622023 0.00182361          0          0          0 -0.0434089  -0.169297  -0.171557          0          0          0
 0.0166054  -0.064216 0.00183543          0          0          0  -0.083795  -0.184085  -0.199938          0          0          0
 0.0171512 -0.0660342 0.00208325          0          0          0 -0.0627166  -0.163913  -0.178645          0          0          0
 0.0175011 -0.0682006 0.00214472          0          0          0 -0.0829838  -0.198072  -0.198078          0          0          0
 0.0182423 -0.0702486 0.00203278          0          0          0 -0.0444676  -0.185397  -0.216737          0          0          0
 0.0184741  -0.071868 0.00212073          0          0          0  -0.094644  -0.142221  -0.199363          0          0          0
  0.018863 -0.0722951 0.00143495          0          0          0 -0.0793076 -0.0225861  -0.274631          0          0          0
   0.019363  -0.0724747 0.000671101           0           0           0   -0.068822  0.00238643   -0.283782           0           0           0
   0.0197571   -0.0730527 -0.000136756            0            0            0   -0.0798712   -0.0371384    -0.288566            0            0            0
   0.0200599   -0.0735033 -0.000872691            0            0            0   -0.0887389   -0.0242064    -0.281963            0            0            0
  0.0204586  -0.0738325 -0.00153483           0           0           0  -0.0793994  -0.0118058   -0.274639           0           0           0
  0.0207367  -0.0741096 -0.00226919           0           0           0  -0.0914628 -0.00641934   -0.281723           0           0           0
  0.0213389  -0.0742882 -0.00304834           0           0           0  -0.0594353   0.0038026   -0.286045           0           0           0
  0.0216921  -0.0748181 -0.00376162           0           0           0  -0.0842687   -0.031105   -0.280186           0           0           0
    0.02206   -0.075171 -0.00466731           0           0           0  -0.0828195  -0.0131486   -0.298958           0           0           0
    0.02232  -0.0753007 -0.00509802           0           0           0  -0.0933763  0.00922555   -0.253058           0           0           0
  0.0227355   -0.075598 -0.00593088           0           0           0   -0.078627 -0.00713015   -0.291199           0           0           0
  0.0230534   -0.076069 -0.00675134           0           0           0  -0.0882631  -0.0243363   -0.291187           0           0           0
  0.0236493   -0.076481 -0.00740011           0           0           0  -0.0606298  -0.0180455   -0.274463           0           0           0
  0.0239364  -0.0767494 -0.00810809           0           0           0  -0.0910437  -0.0035534   -0.280292           0           0           0
   0.024363  -0.0772303 -0.00899235           0           0           0  -0.0779761  -0.0244266   -0.297559           0           0           0
  0.0246515  -0.0774504 -0.00970661           0           0           0  -0.0911789  0.00172901   -0.281624           0           0           0
 0.0253064 -0.0779178 -0.0103427          0          0          0 -0.0554745 -0.0224852  -0.273504          0          0          0
 0.0252909 -0.0781831 -0.0113204          0          0          0  -0.121488 -0.0023508  -0.307386          0          0          0
 0.0258806 -0.0787093 -0.0120003          0          0          0 -0.0625316 -0.0279551   -0.27856          0          0          0
 0.0261349 -0.0789363 -0.0126475          0          0          0 -0.0948496 0.00201665   -0.27538          0          0          0
 0.0266314 -0.0793122 -0.0135899          0          0          0 -0.0717283 -0.0124436  -0.303913          0          0          0
 0.0269935 -0.0795367   -0.01433          0          0          0  -0.084546 0.00279733   -0.28508          0          0          0
 0.0275946 -0.0800722 -0.0149334          0          0          0  -0.061449 -0.0278151  -0.271302          0          0          0
 0.0276469 -0.0804358 -0.0155636          0          0          0  -0.115418 -0.0106335  -0.274306          0          0          0
  0.0280084  -0.0807326  -0.0163472           0           0           0  -0.0855307 -0.00362398   -0.288991           0           0           0
 0.0286012 -0.0811451  -0.016999          0          0          0 -0.0624674 -0.0148401  -0.276636          0          0          0
 0.0289924  -0.081528 -0.0178511          0          0          0 -0.0822746 -0.0116404  -0.296344          0          0          0
 0.0291912 -0.0816363 -0.0187436          0          0          0  -0.101434   0.015859  -0.300729          0          0          0
   0.02969 -0.0818178 -0.0192903          0          0          0 -0.0720959 0.00886701  -0.266748          0          0          0
 0.0301243 -0.0824438 -0.0200643          0          0          0 -0.0787645 -0.0352002  -0.288652          0          0          0
  0.0304901  -0.0828178  -0.0207827           0           0           0  -0.0851116 -0.00982026   -0.284019           0           0           0
  0.0307664  -0.0830878  -0.0215128           0           0           0  -0.0943092 0.000761256   -0.285132           0           0           0
 0.0311778 -0.0835261  -0.022346          0          0          0 -0.0813789 -0.0157395  -0.295245          0          0          0
  0.0315005  -0.0837724  -0.0231231           0           0           0   -0.077479 -0.00432437   -0.293852           0           0           0
 0.0318995 -0.0840239 -0.0238121          0          0          0 -0.0826143 0.00279896  -0.281762          0          0          0
 0.0323504 -0.0844024 -0.0245462          0          0          0 -0.0649161 -0.0171576  -0.289588          0          0          0
  0.032846 -0.0849501 -0.0253352          0          0          0 -0.0733011 -0.0261654  -0.291863          0          0          0
 0.0333289 -0.0852342 -0.0258393          0          0          0 -0.0740723  0.0009803  -0.264097          0          0          0
 0.0335222 -0.0854553 -0.0267697          0          0          0  -0.103225 0.00744287  -0.305285          0          0          0
  0.0336978  -0.0857218  -0.0274288           0           0           0   -0.092167 -0.00542806   -0.283714           0           0           0
 0.0343106  -0.085982 -0.0281137          0          0          0 -0.0488106 -0.0049782  -0.285875          0          0          0
 0.0347168 -0.0866566 -0.0289006          0          0          0 -0.0826991 -0.0376447  -0.292337          0          0          0
 0.0349711 -0.0869286 -0.0297462          0          0          0  -0.097378 0.00327302  -0.298225          0          0          0
 0.0353647 -0.0874566 -0.0303707          0          0          0 -0.0843541 -0.0219672  -0.276777          0          0          0
  0.0358271  -0.0878115  -0.0311868           0           0           0  -0.0772227 -0.00434362   -0.295285           0           0           0
  0.0363149  -0.0880608  -0.0320836           0           0           0  -0.0606805 -0.00244876    -0.30822           0           0           0
 0.0367778 -0.0884839 -0.0326639          0          0          0  -0.063217 -0.0201976  -0.278087          0          0          0
 0.0368593 -0.0885957 -0.0332898          0          0          0  -0.100791  0.0109153  -0.282126          0          0          0
 0.0373897 -0.0888694 -0.0341819          0          0          0 -0.0569624 -0.0049706  -0.307862          0          0          0
 0.0376892   -0.08925 -0.0348365          0          0          0 -0.0792492 -0.0156342  -0.285868          0          0          0
 0.0381979 -0.0897738 -0.0355173          0          0          0 -0.0587591 -0.0296115  -0.288056          0          0          0
 0.0385887 -0.0899872 -0.0362822          0          0          0 -0.0698708 0.00154801  -0.296675          0          0          0
 0.0388423 -0.0903982 -0.0371449          0          0          0 -0.0839871 -0.0181071  -0.306624          0          0          0
 0.0392552 -0.0909295 -0.0378044          0          0          0 -0.0681673 -0.0299205  -0.287224          0          0          0
 0.0396183 -0.0911176   -0.03854          0          0          0 -0.0726257 0.00453882  -0.294495          0          0          0
 0.0398228 -0.0915859 -0.0393265          0          0          0 -0.0889057 -0.0233959  -0.299889          0          0          0
 0.0403986 -0.0917429 -0.0399013          0          0          0 -0.0515861 0.00799295  -0.279257          0          0          0
 0.0407082 -0.0921615 -0.0407927          0          0          0 -0.0781856 -0.0180267  -0.310207          0          0          0
 0.0413223   -0.09258 -0.0415978          0          0          0 -0.0478528 -0.0177307  -0.302526          0          0          0
 0.0414412 -0.0927177 -0.0422697          0          0          0 -0.0966148  0.0103657  -0.289735          0          0          0
 0.0420146 -0.0932576   -0.04305          0          0          0 -0.0525249 -0.0294101  -0.299815          0          0          0
  0.0423662  -0.0935575  -0.0437633           0           0           0  -0.0735185 -0.00535805   -0.294135           0           0           0
 0.0427461 -0.0940249 -0.0443739          0          0          0 -0.0711971 -0.0218862  -0.284123          0          0          0
 0.0429486 -0.0942136  -0.045158          0          0          0 -0.0884911 0.00604472  -0.301087          0          0          0
  0.043538 -0.0945828 -0.0458717          0          0          0 -0.0504732 -0.0117087   -0.29449          0          0          0
 0.0437032 -0.0949392 -0.0467041          0          0          0 -0.0921115 -0.0104313  -0.306601          0          0          0
  0.0442384  -0.0952812  -0.0475163           0           0           0  -0.0557059 -0.00870041   -0.304716           0           0           0
 0.0445816 -0.0956736 -0.0482049          0          0          0  -0.074383 -0.0136481  -0.293134          0          0          0
  0.044945 -0.0958976 -0.0488514          0          0          0 -0.0723494 0.00337281  -0.288828          0          0          0
  0.0454384  -0.0962466  -0.0495017           0           0           0  -0.0595816 -0.00887357    -0.28923           0           0           0
  0.045714 -0.0966154 -0.0504967          0          0          0 -0.0810886 -0.0107639  -0.323314          0          0          0
 0.0462553 -0.0969858 -0.0512498          0          0          0 -0.0546981 -0.0107003  -0.300482          0          0          0
 0.0465413 -0.0974314  -0.051967          0          0          0 -0.0798543 -0.0180985     -0.297          0          0          0
  0.046779 -0.0976224 -0.0524613          0          0          0 -0.0845715 0.00744943  -0.275228          0          0          0
 0.0471995 -0.0980874 -0.0533483          0          0          0 -0.0670195 -0.0196433  -0.313157          0          0          0
  0.0477882   -0.098449  -0.0542225           0           0           0  -0.0496973 -0.00910206   -0.313089           0           0           0
 0.0480372 -0.0986818 -0.0548486          0          0          0 -0.0831009 0.00377393  -0.289277          0          0          0
 0.0483701 -0.0990918 -0.0555284          0          0          0 -0.0753742 -0.0136903  -0.293972          0          0          0
  0.0487138  -0.0993844  -0.0564556           0           0           0  -0.0740578 -0.00181701   -0.318483           0           0           0
  0.0492843  -0.0997088  -0.0570586           0           0           0   -0.051393 -0.00477327   -0.287489           0           0           0
 0.0494878    -0.1002 -0.0579904          0          0          0 -0.0878939 -0.0213847  -0.319479          0          0          0
 0.0498629  -0.100617 -0.0586754          0          0          0 -0.0708639  -0.013677  -0.296162          0          0          0
 0.0502776  -0.100747 -0.0591851          0          0          0 -0.0665397  0.0150966  -0.278684          0          0          0
 0.0506978  -0.101311 -0.0599957          0          0          0 -0.0665926 -0.0280733  -0.307959          0          0          0
 0.0510256  -0.101538 -0.0607266          0          0          0 -0.0750414 0.00579621  -0.301154          0          0          0
  0.0512821   -0.101886  -0.0612688           0           0           0   -0.082504 -0.00625941   -0.282728           0           0           0
 0.0518217  -0.102293 -0.0620832          0          0          0 -0.0544839 -0.0117279  -0.308984          0          0          0
 0.0522639  -0.102561 -0.0628584          0          0          0 -0.0635795 0.00217114  -0.306146          0          0          0
   0.052717   -0.102937  -0.0635395           0           0           0  -0.0626707 -0.00826831   -0.297078           0           0           0
  0.0531081   -0.103245   -0.064464           0           0           0  -0.0687382 -0.00138696   -0.320862           0           0           0
 0.0532466  -0.103636 -0.0653202          0          0          0 -0.0939329  -0.009701  -0.315063          0          0          0
  0.0537366   -0.104025  -0.0659254           0           0           0  -0.0591192 -0.00929192     -0.2904           0           0           0
  0.0540593   -0.104348  -0.0666693           0           0           0  -0.0754064 -0.00246311   -0.303837           0           0           0
  0.0545587   -0.104688  -0.0673351           0           0           0  -0.0579651 -0.00391354   -0.296582           0           0           0
   0.054981   -0.105012  -0.0681078           0           0           0  -0.0654024 -0.00213214   -0.307181           0           0           0
 0.0553177  -0.105266 -0.0689444          0          0          0 -0.0738724 0.00497376  -0.313835          0          0          0
 0.0557957  -0.105809 -0.0698067          0          0          0  -0.060162  -0.023686  -0.316701          0          0          0
  0.056069  -0.105872 -0.0703562          0          0          0  -0.079595   0.024273  -0.286526          0          0          0
 0.0563108  -0.106376  -0.071058          0          0          0  -0.083753 -0.0196133  -0.300828          0          0          0
 0.0566224  -0.106884 -0.0718566          0          0          0 -0.0765409 -0.0197503  -0.310961          0          0          0
 0.0571401  -0.107346 -0.0725821          0          0          0 -0.0559046 -0.0149577  -0.304319          0          0          0
 0.0575623  -0.107501 -0.0733161          0          0          0 -0.0649065  0.0159155  -0.305274          0          0          0
 0.0579613  -0.107734 -0.0739113          0          0          0 -0.0674578 0.00828134  -0.291804          0          0          0
 0.0582258  -0.108257 -0.0746829          0          0          0 -0.0810823 -0.0206178  -0.309099          0          0          0
 0.0585371   -0.10846 -0.0756107          0          0          0 -0.0760954  0.0115873  -0.324831          0          0          0
 0.0589959  -0.108897 -0.0762715          0          0          0 -0.0616687 -0.0117278  -0.299319          0          0          0
 0.0594751  -0.109197  -0.077041          0          0          0 -0.0592359 0.00225095  -0.309635          0          0          0
 0.0598637  -0.109503   -0.07765          0          0          0 -0.0681693 0.00182756  -0.294458          0          0          0
  0.0603834   -0.109929  -0.0784772           0           0           0  -0.0553541 -0.00986102   -0.315577           0           0           0
 0.0606591  -0.110056 -0.0792371          0          0          0 -0.0790057  0.0199412   -0.30978          0          0          0
  0.0610189   -0.110463  -0.0799898           0           0           0   -0.071305 -0.00772441   -0.308976           0           0           0
   0.0613628    -0.110796    -0.080894            0            0            0   -0.0725719 -0.000284763     -0.32404            0            0            0
   0.0620848    -0.111134   -0.0814864            0            0            0   -0.0348458 -0.000442361    -0.293986            0            0            0
 0.0619656  -0.111651 -0.0821991          0          0          0  -0.118307 -0.0183605   -0.30599          0          0          0
 0.0626002  -0.111869 -0.0829597          0          0          0 -0.0438262  0.0118835  -0.310323          0          0          0
   0.0629282    -0.112213   -0.0836666            0            0            0   -0.0737892 -0.000649059    -0.305881            0            0            0
 0.0632359  -0.112493 -0.0845509          0          0          0 -0.0759987 0.00585385   -0.32315          0          0          0
 0.0636884  -0.113064 -0.0851431          0          0          0  -0.061744 -0.0229287  -0.295321          0          0          0
 0.0639984  -0.113523 -0.0858294          0          0          0  -0.075539 -0.0116178  -0.304381          0          0          0
 0.0644006  -0.113697 -0.0865599          0          0          0 -0.0663113  0.0171421  -0.308919          0          0          0
0.0648305 -0.113959 -0.087543         0         0         0  -0.06377 0.0084357 -0.333793         0         0         0
  0.065092   -0.11443 -0.0881491          0          0          0 -0.0803569 -0.0124218  -0.297985          0          0          0
  0.0655812   -0.114861  -0.0888655           0           0           0  -0.0578113 -0.00808591   -0.308066           0           0           0
 0.0658656  -0.115133 -0.0896201          0          0          0 -0.0777898 0.00796711  -0.312425          0          0          0
 0.0662776  -0.115513 -0.0903275          0          0          0 -0.0654436 -0.0026853  -0.307971          0          0          0
 0.0668979  -0.115796 -0.0911526          0          0          0 -0.0444218 0.00734592  -0.319534          0          0          0
 0.0672473  -0.115935 -0.0917906          0          0          0 -0.0708946  0.0217715  -0.301846          0          0          0
 0.0675417  -0.116559 -0.0925356          0          0          0 -0.0771632 -0.0265132  -0.312156          0          0          0
 0.0678701  -0.116771 -0.0933179          0          0          0 -0.0807184  0.0194831  -0.308688          0          0          0
 0.0682538  -0.117315 -0.0939767          0          0          0 -0.0685953 -0.0183398  -0.304517          0          0          0
 0.0685326  -0.117579  -0.094798          0          0          0 -0.0780748 0.00993947  -0.320441          0          0          0
   0.068941   -0.117969  -0.0953226           0           0           0  -0.0654298 -0.00243031   -0.291968           0           0           0
  0.069459  -0.118326 -0.0961649          0          0          0 -0.0544019 0.00112687  -0.322586          0          0          0
 0.0697638  -0.118504 -0.0969509          0          0          0 -0.0752085  0.0190166  -0.318074          0          0          0
  0.0703998   -0.118888  -0.0976768           0           0           0  -0.0426845 -0.00115561   -0.312051           0           0           0
  0.0704852   -0.119354  -0.0985091           0           0           0  -0.0970261 -0.00942265   -0.323065           0           0           0
 0.0709271   -0.11963 -0.0991684          0          0          0  -0.061821 0.00989336  -0.306199          0          0          0
 0.0714043  -0.119928 -0.0999139          0          0          0 -0.0581406 0.00783872  -0.314532          0          0          0
  0.071848  -0.120305  -0.100748          0          0          0 -0.0680558 0.00424907  -0.316591          0          0          0
 0.0720499  -0.120656  -0.101369          0          0          0 -0.0923339 0.00669995  -0.296424          0          0          0
 0.0724507  -0.120916  -0.102152          0          0          0 -0.0726865  0.0159612  -0.311826          0          0          0
 0.0727756  -0.121515   -0.10301          0          0          0 -0.0802615 -0.0178711  -0.319936          0          0          0
 0.0732035  -0.121842  -0.103603          0          0          0 -0.0694659 0.00956688  -0.294579          0          0          0
  0.073636  -0.122084  -0.104399          0          0          0 -0.0689823  0.0181554  -0.314062          0          0          0
 0.0737908  -0.122343  -0.105175          0          0          0 -0.0964824  0.0163845  -0.312822          0          0          0
 0.0742769  -0.122727  -0.105826          0          0          0 -0.0637245 0.00406775  -0.300557          0          0          0
 0.0747313  -0.122953  -0.106544          0          0          0 -0.0662461  0.0200392  -0.307294          0          0          0
  0.0750836   -0.123449   -0.107239           0           0           0  -0.0765755 -0.00687161   -0.305516           0           0           0
 0.075513 -0.123707 -0.108114         0         0         0 -0.068553 0.0171987 -0.323248         0         0         0
  0.0760982    -0.12413   -0.108711           0           0           0  -0.0529572 0.000783785   -0.296884           0           0           0
 0.0762896  -0.124535  -0.109544          0          0          0 -0.0918661 0.00269822  -0.319797          0          0          0
 0.0767954  -0.124865  -0.110291          0          0          0 -0.0606911   0.010425  -0.311915          0          0          0
 0.0771887  -0.125192  -0.111022          0          0          0 -0.0715017  0.0107675  -0.310616          0          0          0
 0.0773504  -0.125549  -0.111777          0          0          0 -0.0945713 0.00775573  -0.313313          0          0          0
  0.0777335   -0.125976    -0.11238           0           0           0  -0.0726786 0.000982614   -0.298598           0           0           0
 0.0783107  -0.126051  -0.113213          0          0          0 -0.0527631  0.0363236  -0.320843          0          0          0
  0.0783671   -0.126508   -0.114047           0           0           0   -0.104728 -0.00193172   -0.322098           0           0           0
  0.0788595   -0.126984   -0.114629           0           0           0  -0.0614385 -0.00354241   -0.297466           0           0           0
  0.079453   -0.12735   -0.11543          0          0          0 -0.0508564 0.00763056  -0.318757          0          0          0
 0.0796835  -0.127652  -0.116335          0          0          0 -0.0867099  0.0140305  -0.329806          0          0          0
 0.0800532  -0.127945  -0.116981          0          0          0 -0.0729724  0.0150318  -0.304837          0          0          0
  0.0804386   -0.128442   -0.117786           0           0           0  -0.0714254 -0.00512444   -0.320155           0           0           0
 0.0807237  -0.128685  -0.118444          0          0          0 -0.0808861  0.0202818  -0.306475          0          0          0
  0.0812007   -0.129202   -0.119274           0           0           0  -0.0622069 -0.00683931    -0.32324           0           0           0
 0.0815496  -0.129349  -0.120172          0          0          0 -0.0741461  0.0300873  -0.330447          0          0          0
 0.0820752  -0.129613  -0.120639          0          0          0 -0.0566772  0.0186649  -0.288722          0          0          0
 0.0822568  -0.130227  -0.121487          0          0          0 -0.0910217 -0.0162757  -0.325566          0          0          0
 0.0822568  -0.130227  -0.121487          0          0          0 -0.0910217 -0.0162757  -0.325566          0          0          0
0.0832018 -0.132767 -0.121395         0         0         0  -1.12912  -2.12321  0.228419         0         0         0
0.0832018 -0.132767 -0.121395         0         0         0  -1.12912  -2.12321  0.228419         0         0         0
0.0839477 -0.133529 -0.122933         0         0         0  -103.141  -59.9967   41.9174         0         0         0
0.0839477 -0.133529 -0.122933         0         0         0  -103.141  -59.9967   41.9174         0         0         0
0.0846558 -0.134186 -0.124297         0         0         0   -208783   -115981  -4726.27         0         0         0
     0.08494    -0.134399    -0.125156            0            0            0    0.0319824 -1.55935e+08  6.50176e+07            0            0            0
     0.1875           1      -0.125           0           0           0     -136400      297728 1.82282e+07           0           0           0
       31744        48640        20224            0            0            0 -1.27634e+13 -8.55649e+17 -5.86803e+16            0            0            0
 2.38424e+21 -2.12138e+21   7.3787e+20            0            0            0  2.71536e+23 -3.23482e+23  3.84283e+23            0            0            0
 4.46015e+43 -2.23007e+43  2.23007e+43            0            0            0  7.57231e+56 -1.56944e+57  8.21741e+56            0            0            0
-2.84343e+100   9.6239e+100  2.18725e+100             0             0             0 -1.25986e+102 -6.01931e+102  4.19952e+101             0             0             0
 nan -nan  nan  nan  nan  nan  nan  nan -nan  nan  nan  nan
 nan -nan  nan  nan  nan  nan  nan  nan -nan  nan  nan  nan
 nan -nan  nan  nan  nan  nan  nan  nan -nan  nan  nan  nan
 nan -nan  nan  nan  nan  nan  nan  nan -nan  nan  nan  nan
 nan -nan  nan  nan  nan  nan  nan  nan -nan  nan  nan  nan
 nan -nan  nan  nan  nan  nan  nan  nan -nan  nan  nan  nan
 nan -nan  nan  nan  nan  nan  nan  nan -nan  nan  nan  nan
 nan -nan  nan  nan  nan  nan  nan  nan -nan  nan  nan  nan
 nan -nan  nan  nan  nan  nan  nan  nan -nan  nan  nan  nan
 nan -nan  nan  nan  nan  nan  nan  nan -nan  nan  nan  nan
 nan -nan  nan  nan  nan  nan  nan  nan -nan  nan  nan  nan
 nan -nan  nan  nan  nan  nan  nan  nan -nan  nan  nan  nan
 nan -nan  nan  nan  nan  nan  nan  nan -nan  nan  nan  nan
 nan -nan  nan  nan  nan  nan  nan  nan -nan  nan  nan  nan
 nan -nan  nan  nan  nan  nan  nan  nan -nan  nan  nan  nan
 nan -nan  nan  nan  nan  nan  nan  nan -nan  nan  nan  nan
 nan -nan  nan  nan  nan  nan  nan  nan -nan  nan  nan  nan
 nan -nan  nan  nan  nan  nan  nan  nan -nan  nan  nan  nan
 nan -nan  nan  nan  nan  nan  nan  nan -nan  nan  nan  nan
 nan -nan  nan  nan  nan  nan  nan  nan -nan  nan  nan  nan
 nan -nan  nan  nan  nan  nan  nan  nan -nan  nan  nan  nan
 nan -nan  nan  nan  nan  nan  nan  nan -nan  nan  nan  nan
 nan -nan  nan  nan  nan  nan  nan  nan -nan  nan  nan  nan
 nan -nan  nan  nan  nan  nan  nan  nan -nan  nan  nan  nan
 nan -nan  nan  nan  nan  nan  nan  nan -nan  nan  nan  nan
 nan -nan  nan  nan  nan  nan  nan  nan -nan  nan  nan  nan
 nan -nan  nan  nan  nan  nan  nan  nan -nan  nan  nan  nan
 nan -nan  nan  nan  nan  nan  nan  nan -nan  nan  nan  nan
 nan -nan  nan  nan  nan  nan  nan  nan -nan  nan  nan  nan
 nan -nan  nan  nan  nan  nan  nan  nan -nan  nan  nan  nan
 nan -nan  nan  nan  nan  nan  nan  nan -nan  nan  nan  nan
 nan -nan  nan  nan  nan  nan  nan  nan -nan  nan  nan  nan
 nan -nan  nan  nan  nan  nan  nan  nan -nan  nan  nan  nan
 nan -nan  nan  nan  nan  nan  nan  nan -nan  nan  nan  nan
 nan -nan  nan  nan  nan  nan  nan  nan -nan  nan  nan  nan
 nan -nan  nan  nan  nan  nan  nan  nan -nan  nan  nan  nan
 nan -nan  nan  nan  nan  nan  nan  nan -nan  nan  nan  nan
 nan -nan  nan  nan  nan  nan  nan  nan -nan  nan  nan  nan
 nan -nan  nan  nan  nan  nan  nan  nan -nan  nan  nan  nan
 nan -nan  nan  nan  nan  nan  nan  nan -nan  nan  nan  nan
 nan -nan  nan  nan  nan  nan  nan  nan -nan  nan  nan  nan
 nan -nan  nan  nan  nan  nan  nan  nan -nan  nan  nan  nan
 nan -nan  nan  nan  nan  nan  nan  nan -nan  nan  nan  nan
 nan -nan  nan  nan  nan  nan  nan  nan -nan  nan  nan  nan
 nan -nan  nan  nan  nan  nan  nan  nan -nan  nan  nan  nan
 nan -nan  nan  nan  nan  nan  nan  nan -nan  nan  nan  nan
 nan -nan  nan  nan  nan  nan  nan  nan -nan  nan  nan  nan
 nan -nan  nan  nan  nan  nan  nan  nan -nan  nan  nan  nan
 nan -nan  nan  nan  nan  nan  nan  nan -nan  nan  nan  nan
 nan -nan  nan  nan  nan  nan  nan  nan -nan  nan  nan  nan
 nan -nan  nan  nan  nan  nan  nan  nan -nan  nan  nan  nan
 nan -nan  nan  nan  nan  nan  nan  nan -nan  nan  nan  nan
 nan -nan  nan  nan  nan  nan  nan  nan -nan  nan  nan  nan
 nan -nan  nan  nan  nan  nan  nan  nan -nan  nan  nan  nan
 nan -nan  nan  nan  nan  nan  nan  nan -nan  nan  nan  nan
 nan -nan  nan  nan  nan  nan  nan  nan -nan  nan  nan  nan
 nan -nan  nan  nan  nan  nan  nan  nan -nan  nan  nan  nan
 nan -nan  nan  nan  nan  nan  nan  nan -nan  nan  nan  nan
