   1.86136   -1.24496    2.86516    -2.0162    0.96746   -1.06001   0.637598  -0.620598   0.382288    0.09891   0.108352  -0.159441 -0.0610373 -0.0149423  -0.149679   0.146193 -0.0353031  0.0958139  -0.167619   0.155434
  -1.15122  -0.457271   -2.18779    0.95616   -0.27377   0.524486  -0.372151   0.583498  -0.250808  -0.718207  -0.154353  0.0121792  -0.280909 0.00062277   0.172299  -0.391035  -0.249601 -0.0966887   0.174792  -0.278299
  0.642239  -0.129143    1.21623   -0.31788   0.350298  -0.876888 -0.0338607  -0.536705   0.520064    0.14184   0.235522  0.0706562    0.40476   -0.16473   0.152465   0.303243   0.315662   -0.23439   0.184893   0.273463
  -0.347827 -0.00502858   -0.203219   -0.596216    0.187232   -0.312053   0.0729951   -0.177547    0.125629   -0.197109   -0.558011   -0.380166   -0.225909   0.0589165   -0.678928   -0.388958   -0.234484   0.0469356   -0.424714   -0.169415
 0.824779 0.0172659 0.0337771  0.439231 -0.299008 0.0738661  0.108011 -0.288129 -0.356156  0.340239  0.570833  0.191089  0.120364 -0.223993  0.217956 -0.070444  0.421487  0.204679 0.0307249 0.0552164
 -0.358495   0.462785  -0.319999   0.107124   0.209203  0.0132684   0.499761  0.0970993   0.238652   0.160308   0.244553  0.0367571   0.576914 -0.0729565  0.0420727   0.376215   0.246096 -0.0944788  0.0472292  0.0474691
    0.11902   -0.100788  -0.0725969   0.0043879  -0.0755952    0.300113   -0.414221   0.0589745   -0.368398   -0.045604  0.00951761    0.416941 -0.00384787    0.405973    0.233599   0.0454335   0.0240828    0.253387   0.0569121   0.0759039
 -0.0722943   -0.689109    0.255189   -0.350502   -0.405667  -0.0918374 -0.00922287    0.148513   -0.231766    0.473494    0.092596  -0.0673967    0.458801    0.134924    0.351192    0.137651   0.0899738    -0.09074    0.477229    0.199306
   0.220704    0.336133   0.0067544    0.360314    -0.11132    0.378922    0.254801    0.302734    0.227624    0.103741   -0.199373 -0.00254264   -0.350255    0.279301  -0.0272202    0.307392    0.107512    0.104906    0.187287    -0.11588
   -0.12458    0.194143   0.0966783    0.602549    0.124163    0.619747  -0.0277921    0.327491  -0.0351123   -0.307799   -0.361514   0.0299272   -0.366923    0.217867   -0.259151 -0.00876625   0.0446493   0.0383328    0.265435   -0.183813
  -0.227053   -0.106949  -0.0451268 -0.00483139   0.0483985   -0.095588    -0.19732  -0.0745232   -0.138217    0.146325    0.184342  -0.0470631   -0.100661   0.0647986    0.283989   -0.292708    0.161161   -0.265098    0.386284   0.0738766
-0.0766424 -0.0477743 -0.0161968   -0.14869   0.313549   0.446048  -0.169718   0.726942  -0.125373  0.0351957   -0.14076  0.0272928   -0.19419  -0.235969  -0.127267  0.0795603  -0.218112    0.14286  0.0596828  -0.231486
 -0.406071   0.258137  -0.429068   0.291079  0.0706315   0.105171  -0.608183   0.356393  -0.174421  0.0859762  -0.183691  -0.132313  -0.307211 -0.0989711  -0.248944 -0.0751077  0.0138875  -0.195852 -0.0624348 -0.0166116
 -0.184107   -0.19576   0.039097  -0.677594  -0.375346  -0.138405    0.26937   0.128847   0.198462  -0.109187   0.341757   -0.22688  -0.029304  0.0418132   0.250327  -0.119594 -0.0352769   0.244484  -0.446954   0.386497
  -0.080641     0.26304   0.0444511   -0.310212    0.222415 0.000128886   -0.102998    0.291064    0.803884   0.0603482   -0.217815   0.0865315    0.189094   -0.224139   -0.260767   -0.174932    0.196316   0.0508591   0.0786606   -0.344087
   0.247992  -0.0840334 0.000834978  -0.0474455   -0.403678   -0.126698   -0.263092    0.220051  -0.0226635  0.00794988    0.266494     0.23248  -0.0171643    0.318963     0.28049     0.30498   0.0294771  -0.0653445   -0.185512    0.230066
  -0.11049  -0.321499   0.350334  -0.205386 -0.0580101  0.0516326  0.0261647  -0.188433   0.140987  -0.100609  -0.273392  0.0131955  -0.314396  -0.434624  0.0408613  0.0261219   0.100551   0.104881 -0.0359955  -0.213586
   0.631446    0.115164  -0.0370406   -0.197809  -0.0021005   -0.176195   0.0511111  0.00144576 -0.00803939   -0.120036    0.140801   0.0307608    0.311427   -0.142105    0.472155   0.0380791    0.223407    0.120354   -0.051284    0.100595
 -0.211883   0.324564  -0.510427   0.319193   0.236088   0.375351   0.356544   0.306409 -0.0612641   0.173713  -0.141051  0.0817135  -0.214523   0.234639  -0.304809 -0.0832722  -0.119939   0.187224  -0.341237  -0.197404
   0.304256    0.246303    0.108521   -0.337236  -0.0223944   0.0585385   -0.212044    0.355734    0.331259   -0.134628   0.0745683    -0.03045    0.315532   0.0820427  0.00888434    0.158926   -0.154169   -0.129875    0.288218 0.000382469
  -0.53253  -0.415367   0.101076 -0.0719992  -0.627102   0.392564  -0.173619    0.23992 -0.0490269   0.356812  0.0189978  0.0491747   0.202596 -0.0891769  0.0602608  -0.362485 -0.0173409  -0.290982   -0.11713  0.0458971
-0.0182036  -0.218834   0.559353 -0.0516832   0.130937   0.343737  -0.263638   0.151339   0.208957   0.175145   0.123728  -0.302978   0.305976  -0.236334  0.0926365   0.080756   0.458978   0.171766 -0.0266856   0.217371
  0.550633  -0.237306   0.555124 -0.0658648   0.336566   -0.10605   0.180381  -0.253679    0.11678 -0.0212728   0.305939   0.390065  -0.442008  0.0813494   -0.76318 -0.0475294  -0.608934  -0.197542   0.132947   -0.20985
 -0.0228927   -0.123331    0.115655   -0.043739   -0.212718  -0.0301361 -0.00933069   -0.197175    -0.21606    0.133862   -0.573948    0.135996 -0.00968533   0.0051106   0.0340059  -0.0116805    0.218868   0.0666453   0.0664886    0.244506
 -0.135314  0.0436699   0.125067  -0.100229  0.0990231 0.00779729   0.198615  -0.337626 -0.0745389  -0.119376  0.0701913  -0.187796   0.427139  -0.127079   0.130165  -0.591151  -0.189792  -0.100065  -0.203192  -0.135562
 -0.221276   0.205879    0.14867   0.397739  -0.287003   0.287768   0.362748  -0.030893  -0.267583   0.174676  -0.345703   0.381019  -0.424386  0.0674526  -0.119026   -0.12487  -0.110309   0.208191   0.523199 -0.0300443
    0.21971  0.00233883   0.0287513  -0.0523321    0.437246    0.258263    0.312122  0.00912283    0.158919  -0.0970336   0.0780082    0.206581   -0.183544   0.0708327   -0.343532    0.278281    0.243991 -0.00445926   -0.124114    0.227376
  -0.905897      0.3017   0.0837481    0.557501   -0.190431  -0.0246069    -0.29122   -0.198056   -0.290916  -0.0488841  -0.0428067   0.0631838  -0.0248439    0.174886    0.353331   0.0468841   -0.156873   0.0123862    0.116696 -0.00619743
 -0.824604   0.708145  -0.432867   0.451579 -0.0443158   0.286242  0.0481605   0.205754  0.0392098  0.0853825  -0.118065 -0.0936823   0.281827  -0.344423   0.222562   0.123355   0.264065   0.218406   0.342288 -0.0627638
 -0.534008   0.283458  -0.283785  -0.193007  -0.256678  -0.133142  0.0901753 -0.0913513 -0.0056414   0.220862   -0.17626   0.150566  -0.264424   0.246676  0.0185834  -0.172633  -0.281518  -0.212254  -0.133503  -0.181259
  0.108082   -0.33709  -0.092044  -0.259321   0.347368  -0.220484 -0.0493141   0.201791    -0.1271   0.309541  -0.145005  -0.114569  -0.102299  -0.372667  -0.218961  -0.174515  0.0191647  -0.193672   0.079128   0.119242
  0.238386  -0.607197   0.019878  -0.113883  -0.558331 -0.0487664   0.134147 -0.0767999 -0.0820481  -0.181896   0.428263  -0.739156  -0.138358  0.0626057 -0.0301609  -0.106756 -0.0862682 -0.0965558  -0.168008  -0.121345
  0.756276 -0.0966673 -0.0643101  -0.406174  0.0725269 -0.0945071  -0.346442   0.262381  -0.151897  0.0158338   0.266273   -0.30505  -0.160606 -0.0478594  -0.176249  0.0916411   0.267884 -0.0574545   0.129354  0.0255007
  0.148431   -0.54713   0.151576  0.0438618   0.498067  0.0856916  -0.274604 -0.0617401  -0.138083   -0.35251   0.173492  0.0466821  -0.121687 -0.0369995 -0.0740537   0.347791 0.00566649  0.0652527  -0.302376  0.0702496
  0.272594  -0.221075   0.366037  0.0858453 -0.0156547  -0.105384   0.188161  -0.168857 -0.0446663  -0.251878 -0.0348882   0.257989  -0.115118  0.0376774 -0.0166509   0.337187  -0.189625   0.362567  0.0359136  0.0259472
   0.33112  0.0230249 -0.0931395   0.359486  0.0779689   0.329312   0.166675   0.693313   0.137282 -0.0087998  0.0155328   0.140346 -0.0649168    0.14652  -0.019554  -0.234193  -0.231851  0.0657342    0.11267   0.116076
   0.510384   -0.175729    0.187525   0.0362799    0.165701  -0.0485581   -0.151445    0.208827     0.45743  -0.0916684  -0.0525426    0.104876    0.431115   -0.306855  -0.0579836   -0.170094 -0.00766767   -0.387718   0.0127498   0.0853598
 0.0252962 -0.0237157 -0.0378302  -0.166732   0.301111  0.0238006  -0.273906  -0.318786   0.593266  -0.137578   0.379334  0.0226843  -0.384112   0.163878  0.0483357  -0.103134  0.0125075  0.0160216   0.221285 -0.0961906
 0.0821426  -0.373764  -0.104934 -0.0931691   0.145952  -0.196517  -0.107337   0.168157   0.159275   0.258773  -0.151924   0.354484  0.0892867   0.267593  -0.300325 -0.0230463    0.23878    0.16812  -0.196372   0.313952
 -0.151725 -0.0169468  -0.369089  0.0610317  0.0588988  -0.139502   0.269361  0.0565206  -0.566455  0.0557022  -0.277087  -0.363318   0.337237  -0.213871  -0.277593  -0.120977 -0.0272192  -0.429813  0.0712705  -0.200247
  0.497433  0.0279676   0.242126  0.0143425   0.130737  -0.202269   0.145355 -0.0381967  -0.349869   0.373203 -0.0333747 0.00986359  -0.244815  0.0929686  0.0606002   0.119221   0.138158  -0.135654  -0.192265   0.124893
 -0.0360081   -0.360119   0.0362193 0.000201976   0.0996073    0.141109   -0.223187   -0.233383   -0.347971    0.401357    0.623172   -0.119777   -0.238179   -0.199692   -0.264067    0.612466    0.343321   -0.181213 -0.00521518    -0.33944
  0.129464  0.0147818   0.106413 -0.0970752   0.120494 -0.0280724  -0.165508   0.185427  -0.135646 -0.0324437  -0.393338  -0.242996  0.0215302  -0.154265  0.0272809   0.284516  -0.204729  -0.135403 -0.0836482  0.0500867
 -0.234331 -0.0736612   0.197213 -0.0613966   0.608896  -0.105827  -0.333349 -0.0884709    0.42503 -0.0821993   0.194442  0.0120779   0.133069  0.0814936   0.316446  -0.137181  -0.261917   0.146484  0.0229859 -0.0463431
   0.309584   0.0285749     0.16535     0.10448    -0.25937 -0.00782031    0.287544   -0.304031    0.344475    0.187475  -0.0829957    0.339222  -0.0826109  -0.0947607    0.220121    0.102777   0.0293318    0.559489    0.148649   -0.138365
  0.466809  -0.243215   0.101679  0.0695755  -0.145419   0.460246  0.0150538 -0.0542059  0.0220981  -0.103413  -0.115105   0.377608 -0.0271169  -0.126116   0.189473   -0.27877   0.181251  0.0890339   0.511187  -0.135186
  0.0751593    0.392745   -0.415721  0.00489242    0.227849  -0.0656317    0.231403   0.0107576  -0.0749728  -0.0793564   -0.536708   -0.317902 -0.00589143   -0.173401   -0.270883   -0.189633  -0.0662976    -0.38251   0.0755607  0.00213778
  -0.243941   -0.620759    0.377132  0.00395662 -0.00458027  -0.0871572    0.155894    0.301153     0.20581   -0.231574    0.380541  0.00132146    0.196676    0.152987   -0.179529   0.0625255   -0.133872    0.321869   -0.110864   0.0234366
   0.12463   0.103959 -0.0715933 0.00416136   0.420323   0.160035   0.180657  -0.259835 -0.0207751  0.0115798   -0.13705   0.184998 -0.0847427 -0.0851766  -0.227929  -0.328027   0.129233  0.0418705  -0.183338   0.301979
  0.027123   0.139045  0.0367579   0.230421  -0.170701  -0.255586  -0.164651 0.00637996  -0.148759  0.0956554  0.0523869 -0.0662399   0.170921   0.156984   0.367017   0.183679  0.0571876  -0.395355   0.106336 -0.0619497
  -0.389744 -0.00360905    0.219895  -0.0267859   0.0423943    0.101594    0.179514     0.34761    0.360364    0.143099    0.151498    0.138605    0.120339    0.325461     0.42197   0.0623819   -0.110653    0.229897   -0.290959  -0.0147436
-0.0835272  -0.491584  -0.123192 -0.0992981   0.125314  -0.124073  -0.290724 0.00165527  -0.286006  -0.196435  -0.276044   -0.24228  -0.313127   0.209366 -0.0790462  -0.116155   0.396135   0.106294 -0.0506067   0.384489
 -0.294811  -0.596287  -0.225542  -0.204546  -0.124309  -0.320401  0.0413322    0.30514  -0.324894  -0.101265    0.19695 -0.0643139  0.0747402  -0.155947    0.14461  -0.139806  0.0696359  -0.254966 -0.0450919 -0.0296933
 0.0614507   0.653884   0.355174    0.58332 -0.0745616  0.0562288  -0.215571   0.378052  0.0597737  -0.255728   0.284109   0.125785   0.486803  0.0404551   0.252869 -0.0243358 -0.0796933  -0.185774 -0.0471744  -0.145868
  0.395137 -0.0778942   0.185327  0.0897572   0.222202   0.181535  -0.140249   0.262754   0.073642  -0.127602  0.0736436  -0.200408 -0.0597433   0.046634  -0.210765 -0.0435864  -0.594956   0.281049  -0.200933  -0.264993
-0.0167617  -0.349616   0.137607  -0.546034  -0.163037   0.111495   0.128298  0.0338766  -0.183314 -0.0678986  -0.174297   0.496005  -0.136184  0.0516083 -0.0591275 -0.0674217  0.0626476  -0.291617   0.231346   0.163414
 -0.0247395    0.179451    0.105737   -0.139836   0.0180918   -0.030658    0.406847   -0.372506   -0.151112    0.147352   -0.242404   -0.134822   -0.210119  -0.0036522   -0.155989 -0.00693908  -0.0372705   0.0137615   -0.146784     0.36406
  0.234274   0.125966   -0.22293  0.0722374  0.0993076 0.00230368  -0.114154  0.0550959 -0.0271152  -0.281001   0.121008   0.264941    0.31311 -0.0353679   0.114597   0.296616 -0.0225922   0.312186   0.416279   0.189383
   0.107827   0.0182954   0.0401338  -0.0666867  -0.0434707    0.179074   0.0618747   0.0531426   -0.249676    0.124275  -0.0711343   0.0251761    0.183256    0.257318    0.088724    0.308827    0.208422 -0.00279612    -0.17202    0.062288
  -0.45091  -0.493158  -0.403222   -0.12377   0.355011   0.143196  -0.181534   0.113319 -0.0275719  -0.130154 -0.0954267   0.128845  -0.227088   -0.29399  -0.181839  -0.228719  -0.405593  -0.212829   0.217791  -0.204081
  0.290483   0.257084   0.255397  0.0855396 -0.0879105     0.2171   0.157908   0.102445   0.361137  0.0434837  -0.410105 -0.0455827  -0.176362  -0.169589   0.259163  -0.237555 -0.0283508  -0.154184   0.339444  -0.086081
-0.0793952   0.144334  -0.164123   0.102887   0.114609   0.185916  0.0764035  -0.139052   0.148045    0.38032  -0.187609  -0.335385   0.106257   0.183888 -0.0674601  0.0924156    0.30372  -0.121798  -0.290104 -0.0367172
0.00476427    0.10302   0.122997  -0.385269   0.039129  -0.370326 -0.0587373  -0.161623    0.42802 -0.0251069   0.104391  -0.521749   0.354154   0.179881 -0.0630313  -0.187815  -0.338369   0.012715    0.26308   0.212706
-0.0388187  0.0739351  -0.301969   0.159621   -0.46113   0.180756  -0.146906   0.279595 -0.0615695  0.0316997   0.239521   0.260198    0.26549 -0.0587619  -0.522639  -0.275216  -0.236803  -0.267931 -0.0949861   -0.30043
    0.55343   -0.130973    0.166416    0.063806   -0.131505     0.42203   -0.346228   -0.387677    0.160736    0.076676    0.180366    0.148366   -0.119283 -0.00801892    0.313927    0.445495   -0.213407    0.305686    0.399519  -0.0752464
-0.00547382   0.0590942   0.0842133   -0.163834  -0.0569017   -0.288489   0.0109524   -0.215038    0.128451   0.0977559     0.17299  -0.0691012    0.209794   -0.151704   -0.268845   -0.228377    -0.30838   -0.361935   -0.185442    0.119184
 -0.153848   0.148014    0.27666  -0.193597  -0.288216  -0.144467  -0.334034 -0.0145731  0.0638024  0.0551834  -0.157658   0.258982  0.0757357  0.0683597   0.361097  -0.349094  0.0876376   0.216207 -0.0248607  -0.215034
  -0.402043   -0.216687    0.117234   -0.418281    0.108532    -0.27459    0.159616    0.255113   -0.208778    0.242277    0.240803    0.108782 -0.00324609   0.0953453    0.299037    0.357082    0.487156    0.267363    0.446241    0.216696
  0.0370514    0.156127   0.0554268   0.0791062   -0.133368   -0.149493   -0.200422    0.026731  0.00902019   -0.149211 -0.00717682    0.335815   0.0686944    -0.10071   -0.420346    0.226823   -0.167075   0.0802227   -0.123131  0.00702719
-0.0271748   0.353385   0.217748   0.116432   0.310132   0.383521   -0.37688  -0.427371   0.190772   0.092622   0.439943  0.0294288   0.515098 -0.0621126  0.0742724  -0.165193   0.025431     0.2399 -0.0242985  -0.412537
    -0.2453    -0.09011  -0.0849529    0.363241    0.331392    0.042948    -0.15582   0.0306982    -0.14683   -0.319858   -0.236893   -0.205264   -0.165483  -0.0425537    0.104093 -0.00560591  0.00426389  -0.0690289   -0.397406   0.0923392
  0.111332   -0.21654  -0.206343   0.129148 -0.0233676  0.0597949   0.303978   0.390937   -0.30773 -0.0957073  -0.141264   0.111867  0.0703432   0.161726  -0.432583  -0.401436  -0.260758    0.12117 -0.0097941  0.0923742
  -0.230019    0.157972   0.0746916   -0.041433    0.276301   -0.188932   0.0444976    0.340196    0.159261  -0.0777014   0.0246304   -0.113224   -0.236356   -0.223021     0.17546  -0.0899366 -0.00646211   -0.306227    0.145538    0.172423
-0.0999691  -0.566724  -0.216505   0.157782 -0.0859185   0.396795 -0.0374082  -0.153619   0.242072  -0.408828   0.123973  0.0305826   0.136236 -0.0785614  -0.309065   0.264454 -0.0344027 -0.0178724   0.326896  -0.171362
   0.267864 -0.00626563  -0.0611323   -0.164464  -0.0262017   -0.173396  -0.0109284   -0.048319   0.0790098    0.181704   -0.182287    0.292004   -0.217901    0.170577    0.264987   -0.153657   -0.228015    0.139176   -0.143628    0.350645
 0.187163 -0.251582  0.281236 -0.256289 0.0139716 -0.094297  0.152241 -0.164448  0.192915 -0.132575 -0.210653 -0.308363 0.0449764 -0.360093  0.464535 -0.048779  0.246619  -0.21413  0.344677 -0.353194
  -0.10516   0.101303 -0.0386825   0.601406   0.138279  -0.360115  0.0589582   0.239721   0.172348 -0.0386279  0.0612521   0.385052  -0.239497   0.166545  -0.140192   0.198674 -0.0548159   0.502014  -0.365677   0.325798
-0.0620093 -0.0419818   0.237446 -0.0506152 0.00316703  -0.138545   0.354857   0.126337  -0.629802 -0.0874428   -0.24922  -0.163842  0.0592591 0.00393313 -0.0144774   0.389952  0.0700673  -0.251187   0.257197  -0.104074
 -0.248766  -0.209598  -0.338993   0.196953  0.0368712 0.00877688 -0.0561461  0.0291457    0.28592  -0.348998 -0.0862871   0.263057   -0.05537   0.163025   0.105525   0.225736  -0.528633  0.0696398  0.0165953   0.169883
  -0.411638 0.000732625   -0.102176   0.0768235  0.00901082    0.327283    -0.17764    0.076748   -0.482162     0.17293  0.00212431   -0.317441   -0.208822    0.190224   -0.144368   -0.215978   0.0524095   -0.389569  -0.0419796    0.252107
  0.168331  -0.168835   0.262936    0.29898  0.0217093   0.266025   0.128278   0.260377   0.113155   0.482704   0.563893  -0.299153   0.718231  0.0961682   0.208613  -0.307355   0.457286 -0.0121279  -0.209778  -0.119885
   0.236231   -0.516774   -0.200903  -0.0434633    0.235242    0.109106 -0.00173342   -0.033839   -0.112096    0.118859   -0.107192    0.113912   -0.148769   -0.300883   -0.595952    0.116237   -0.290521   -0.366829  -0.0200195   -0.186524
   0.243308    0.183224    0.100378 -0.00170412   0.0131994    0.183404  -0.0591593    -0.19725   -0.378131   -0.259287    0.135303    0.131004   -0.177861    0.125069   0.0439598    0.313087  -0.0441959   0.0581965     0.26801    0.175117
   0.27781  0.0817757   -0.22382  -0.345749 -0.0124455   0.014865    0.10809  -0.170116   0.129843   0.263974 -0.0262501  -0.223582   0.117169  0.0850604    0.24297 -0.0594307   0.191775 -0.0716423  0.0993106   0.220861
 -0.224959 -0.0735172 -0.0112465  -0.130852   0.444713  -0.267176  0.0480852  -0.356412 -0.0319901    -0.1714   0.289706 -0.0442906  -0.238791  -0.222708   0.128294  -0.383518   -0.10375  -0.317144  -0.053097 -0.0949599
   0.16341 -0.0550128   0.197617   0.198329  0.0149432   0.128711   0.414958   0.114944   0.185883   0.213277   0.111952  -0.238059   0.134333 -0.0434934 -0.0996026   0.137852     0.2631   0.130827  -0.205304  0.0686766
   -0.12775    -0.22689     0.12399  -0.0164725   -0.353414   -0.354049   -0.118912   -0.029798   -0.239809    0.100391   -0.466356    0.309903   0.0886662    0.232674 -0.00249416    0.274491  -0.0721755     0.43957    0.164729    0.100485
 0.150156 0.0806157 -0.114532 -0.175922  -0.10855  0.217043 -0.133723 0.0661759 -0.176441 -0.241503 -0.216522 -0.129503 -0.438396 0.0406662 0.0389279 -0.121021  0.115562 -0.117314  0.252836 -0.333053
  0.159233   0.164318   0.272711   0.121111  -0.349808   0.296444 -0.0751314  0.0968096  0.0991519  -0.210119   0.237926   0.129185  0.0873312 -0.0298464 -0.0348216   -0.39849  -0.161454  0.0185818  -0.208311   0.127337
  0.051992  -0.130849  -0.310378   0.123683 -0.0525705  0.0736719   0.129032  0.0961612  0.0836578   0.290643  0.0419646  0.0912625    0.16898   0.199868  -0.187898  0.0670028   0.346609 -0.0707991   0.546713    -0.1735
   -0.522937     -0.26423   -0.0298812    -0.153656    -0.071731    -0.119928   -0.0136438   -0.0470418 -0.000773185   -0.0770354    -0.429953     0.133418   0.00168692    -0.328459    -0.219157     0.257037    -0.157106    0.0915663   -0.0620824    -0.192313
  0.192219 0.00412547   0.130654  -0.111366   0.213599   0.482253 -0.0119246   0.410286  -0.128995  -0.263281  0.0478734 -0.0134025  0.0233899   0.112858  0.0566993  -0.355372  0.0764531   0.294013  -0.347951   0.571543
   -0.241148   -0.0859223    -0.108136      0.25059   -0.0737183     0.189381   -0.0774089     0.213766    -0.131425    -0.301258     0.416109      0.23657   -0.0684432    -0.345262     0.133027    -0.481917 -0.000593657    -0.103478     0.121062    -0.283711
  0.124888   0.324333 -0.0204537  -0.182798    0.13577  -0.211928   0.425498   -0.16492  -0.049661  0.0948199  -0.112109   -0.11915  0.0855634   0.328511   0.153397   0.129801  -0.534884  0.0351963  0.0859613  0.0267112
  0.207431   0.022439   0.161458  -0.102768  0.0771264  -0.177169   0.337655  -0.219705 -0.0948849  0.0845145   0.278412 -0.0865268    0.12621 -0.0284218 -0.0842771 -0.0379893  -0.183867   0.370807  -0.527899   -0.16179
 -0.220504  -0.147576 -0.0626583   0.141328 -0.0148184  -0.486642   -0.18598  0.0772414 -0.0660566   0.137226  -0.118667   -0.31769   0.113261   0.254777   0.276451  -0.222148  -0.273838    0.23478   0.235345 -0.0901182
 0.0120857   0.185696   0.115736   0.100132 -0.0583956 -0.0130627   0.296571   0.137972  -0.126447   0.237325 -0.0779629   0.247539   0.265201   0.156215  0.0567536 -0.0231911   0.346706  -0.235943   0.189736  0.0676513
  -0.165369  -0.0416922  -0.0150991   -0.233771   -0.589972  -0.0632259    0.238296   0.0717029  -0.0550945 -0.00886696   -0.427277   0.0893041 -0.00856801   -0.298848   -0.147705    0.010436    0.330459   0.0832539    -0.18214   -0.127279
 -0.181057   0.260575 -0.0651289  0.0987512  -0.160715 -0.0816163   0.175233 -0.0304913 -0.0667003  0.0748264   0.171915 -0.0312226   0.123248 -0.0279667  -0.155637   0.431007  -0.344877 -0.0546013    0.16413  0.0588113
 0.0921662  0.0562461 -0.0733394  -0.261579   0.145567  0.0284398 -0.0332394  0.0753381 -0.0953385  -0.206099  0.0182535  -0.115638   0.204919  -0.328586  0.0350868  -0.201017   0.269446  -0.193774  -0.143833  -0.155094
  -0.13715  -0.302688   0.417595   0.157194  -0.122702   0.326704   0.207634   0.411509   0.193338 -0.0603977   0.102098  0.0263172  0.0192647   0.115404 -0.0703221  0.0232062   0.219799 -0.0326986  -0.299522   0.207237
 0.0116512  -0.112792   0.184408   0.195509   0.117281 -0.0492478   0.210389 -0.0561772  -0.118369   0.200311  0.0554032  -0.352453  -0.396856   0.303909   0.265658  0.0246631   0.274204   0.431793 0.00195352   0.365824
  0.328078   -0.16465  0.0117751  -0.147663 -0.0792353  -0.431087  0.0638128  -0.455328    0.15529 -0.0244721   0.100487  0.0753452  -0.464635   0.110889  -0.226669 -0.0562273    -0.4028   0.089338  -0.157912  -0.413652
 -0.397526 -0.0500844  -0.233543   0.244995 -0.0877403  -0.227252   0.202696  0.0665165  -0.214139   0.308202  -0.131002   0.192353  0.0366157   0.205722  -0.216921  -0.171947  0.0717948   0.136921 0.00867007  -0.132094
   0.44814  -0.225004   0.324315  -0.063703   0.101729   0.340659   0.156508 -0.0590502   -0.34227 -0.0167112 0.00432855  -0.265424  0.0119391  0.0393283 -0.0242322  0.0119223  0.0160573 -0.0168265  0.0563487   -0.18234
 -0.032716  -0.233882   0.135275   0.421471   0.543622 -0.0340069   0.185934 -0.0680447  -0.105928  -0.309783  -0.117956  -0.418275  0.0904089   0.171769   0.371927  -0.199776   0.124838 0.00904295   0.482362  0.0151053
  0.0573521  -0.0710922   -0.158546   -0.152829   -0.232557   -0.262766    0.153515   -0.271032 -0.00913332    0.148161    0.129172    0.254571  -0.0929064   -0.148683  -0.0207625    0.198827   -0.213527  -0.0902967    -0.16064  -0.0401169
 -0.159843   0.442841 -0.0780775 -0.0392608   0.136825   0.459884  -0.331081   0.266444     -0.163   0.288444   0.172415  -0.275209   0.305796   0.062608   0.197128  0.0458431   0.320845 -0.0644582   0.179749   0.159935
 0.0531323 0.00667959  0.0995065 -0.0401655 -0.0254425   0.251279 0.00470622   0.290907   0.217629  -0.313396 -0.0647178  0.0854168  -0.156532 0.00571475  0.0689013   0.123087  -0.137002  -0.140928   -0.11175   0.111089
 -0.229306  -0.583085  -0.330828   -0.19983  -0.125484   -0.17473  -0.389072  -0.123693  -0.283859   0.106128  0.0266757 -0.0500571  -0.283595  0.0735432   -0.17285 -0.0974612  -0.340522   0.246379 -0.0927258   0.165664
 0.0617867  0.0444369   0.291929 0.00417179  -0.135025  -0.227895  0.0534616 -0.0622284   0.346346 -0.0679509   0.271183  -0.252235   0.184773  -0.219959    0.12598 -0.0888519  0.0242214  -0.024774   -0.11059  -0.136996
  -0.524353    0.534495   -0.118059    0.282504    0.105321  -0.0468896    0.112482    0.279098    0.246131   -0.119217   -0.282098   0.0458318 -0.00374186    0.112232   -0.234805   0.0712718   0.0422249   -0.250749    0.160398   -0.127407
  -0.0107207     0.290507    0.0633529    -0.147831    -0.394672     0.214393 -0.000374879    0.0909241     -0.15136   -0.0209765   -0.0375746     0.173128   -0.0465261    -0.176562     0.400211    0.0840908    -0.243698  -0.00484085    0.0741747    -0.068955
 0.0756208  -0.197127    0.55707  -0.347824  0.0837836  -0.147002 -0.0674777   0.210367  -0.294898  0.0464531   0.401245 -0.0492842  -0.123525  0.0421635  -0.107485   0.161758   0.101195   0.110606  -0.269616   0.117756
   0.112748    0.199032   -0.418598    0.178027 -0.00165847   0.0657054    0.281461   -0.251878   -0.260128    0.047857    0.151117   0.0374908 -0.00478566   0.0708714   -0.244538    0.299896   -0.310394  -0.0749447  0.00540469   0.0107362
 -0.199574   0.190093 0.00702783  -0.153904   0.111888   0.186381  -0.632079  -0.219214  -0.178683   0.153988   0.153503   0.128482   0.123391  0.0626833  0.0198074  0.0485216 -0.0124629 -0.0534366   0.193911   0.383104
-0.0814521  -0.233408  -0.164123   0.084302 -0.0062852  -0.124628  -0.205371    0.13912  -0.231381   0.168558  -0.119673  0.0223429   0.363918  -0.389397   0.354156   -0.50189   0.232943   -0.13277   0.112696  -0.326107
-0.0356212  0.0264753   0.398287  0.0363552   0.132695 0.00272656  -0.131004  -0.285753   0.251115  -0.211269   0.270074   0.284307   0.357468  -0.298516   0.208267   -0.17097   0.294948 -0.0155033   0.173904 -0.0779508
  0.129985  -0.186034   0.156762   0.298502 -0.0958299   0.188254   0.115674  0.0978966  0.0596028   0.295072 0.00391488   0.105721  -0.470685  0.0227696  -0.317207    0.27007  -0.267665  0.0334233   -0.24721   0.147154
 -0.149128 -0.0388467   0.157447  -0.232449   0.266354   0.123995   0.206641 -0.0560958   0.123271   0.174925  -0.276556 -0.0602602  -0.377252   0.109813   -0.15478  -0.080576  -0.533616  0.0208826   0.394826  -0.101886
 -0.157806   0.429376   -0.10746  0.0445034   0.284978 -0.0627554  0.0302166 0.00692694   0.131841  -0.088013   0.140573   0.243144  -0.037211   0.116689 -0.0670636   0.254555   0.210579  0.0393173   0.292772    0.14665
-0.0319677  -0.199525  0.0379196  0.0602408  -0.111876   0.106536   0.312826  -0.189265 -0.0680564  -0.195589 -0.0126876  -0.303015  -0.231672   0.285992   0.442233  -0.120059   0.287054  0.0810836  -0.339827  -0.061977
  0.0163055   -0.333359    0.114181    0.094689  -0.0211448   -0.449894  -0.0196864    0.140784  -0.0552305   -0.186132   -0.087817   -0.389265    0.181926   -0.105951  -0.0859157   -0.203468   -0.218791   -0.162525  -0.0892028 -0.00759877
  -0.145457    -0.21167   0.0414802    0.102835    0.142118   -0.290489 -0.00544894   -0.126746   -0.174946     0.21923   -0.342587    0.102148    0.166991   -0.186744   0.0507512   -0.231517   0.0388564    0.113761   -0.217029    0.218544
 -0.476458   0.431729  -0.358943   0.109582  -0.285597 -0.0629024  0.0749168   0.234758   0.406953   0.191868    0.20759 -0.0369656    0.10662  -0.367803  -0.278613   0.347721   0.112901  -0.115853  0.0401916  -0.192597
 -0.241607  0.0114233   0.118735  -0.272398  -0.240883   0.365432  -0.103074  0.0203326  0.0945087  -0.401286  -0.245647 -0.0599253   0.010948   0.168213 0.00671114  -0.198249  -0.101816  -0.308186   0.180014    0.29751
 0.0474587  -0.356728 -0.0148068  -0.223702  -0.381933   0.548469 -0.0318004   0.190244   -0.22903   0.105227   0.221087  0.0605169  -0.219099   0.257638  0.0373067   0.133868  0.0343157   0.591508   0.397975 -0.0139984
  0.448851   0.135122   0.117443  0.0281393   0.615559   0.115399   0.572997  -0.220057  -0.167336   0.227048   0.112629   0.175757  0.0359227   -0.34395  -0.189653   -0.16388 -0.0622806  -0.033666  -0.587418  0.0939039
  -0.34486 -0.0172296  0.0960284  0.0664828  -0.220823  -0.343053 -0.0524797  0.0600102   0.193739  0.0664312  -0.104611  -0.160018   0.254119 -0.0386413  0.0674838   0.120672   0.109357   0.111244  0.0420612  -0.130149
  0.156692   0.147995  -0.435119 -0.0628499  -0.124903  -0.175801  -0.162892  -0.051846  -0.330924 0.00437996   0.251795  -0.132836   0.204124   0.319481  -0.213534   0.101137   0.307263  -0.282556 -0.0212807  0.0969739
   0.264751   -0.222001    0.245816  -0.0234691   -0.102527 -0.00614165    0.201031    0.111875   -0.197966    0.284348   -0.138616  -0.0849245   -0.311458  -0.0775062   0.0500268  -0.0220422  -0.0551615 -0.00630729    0.417996    -0.15649
 -0.114404   0.257013   0.217597   -0.12387   0.275694   0.106235  -0.124395  0.0305803 -0.0114506 -0.0592026  -0.322482   0.293577  0.0892295 -0.0839252   0.163482   0.172989 -0.0857061  -0.188942  0.0763039  0.0265316
 0.0639512  0.0191568  0.0966238   -0.28033   0.182504 -0.0514404   0.107003  0.0126414   0.392734  -0.240741 -0.0695127   0.197633   0.351343  0.0272682  -0.151138  -0.160751  0.0412911   0.171483   -0.20653  -0.105487
 -0.145637  -0.241653   0.288929 -0.0890272   0.105571  -0.131445   0.121493 -0.0909792   0.546575   0.323282  -0.318961  0.0048439  -0.323883   0.339314  -0.175506   0.286082    -0.5391   0.129471  -0.331019  -0.134624
-0.0827134   0.174658   0.439644  0.0413733   0.203276   0.135439  0.0588955  -0.171433  -0.399306  0.0915669   0.224007 0.00189581   0.209726  -0.317356  0.0603298 -0.0138598   -0.10214  -0.266171   0.215422  0.0831026
 -0.230553   0.127355  -0.467052  -0.564709  0.0390772 -0.0832752   -0.35409   0.103974  0.0620117 -0.0480063  -0.043624  -0.382834  -0.105745   0.164284 -0.0238839  -0.187019   0.197634 -0.0936048   0.153542 -0.0782379
  0.193297 -0.0769808  0.0582315   0.141244  0.0587263  0.0175972  -0.275967 -0.0477887  -0.219397   0.016831   0.046277  -0.147287  0.0992342  0.0464793  0.0198713  -0.142122  0.0374954  0.0752206   0.150203 -0.0448583
-0.0507027   0.165543   0.144034 -0.0850313  -0.396682  -0.218967 -0.0741058  -0.263148   0.130567  -0.112587  0.0676956 -0.0181451   0.268287   0.123174    0.20384  0.0841265  0.0418846  -0.112684 -0.0559521   0.334655
    0.234252     0.138825    -0.186138 -0.000871892     -0.29943     0.293752     0.157527     0.500573     0.187592    -0.132432   -0.0593034     0.137515    -0.342699   -0.0809015    -0.468128     0.034134   0.00143108    -0.023117     0.161479     0.135683
  0.116756  -0.156034   0.389564  -0.156424 -0.0909547   0.133832 -0.0641157   -0.21131  0.0905304   0.010137 -0.0257418  -0.205348  0.0491575  -0.159282   0.150513 -0.0782546  0.0739189  -0.128368   -0.38908  -0.157159
  0.261074  -0.276156   0.245411   0.400402  0.0660787    0.20358   0.157399  -0.200699 -0.0205616   0.187797  -0.131638    0.24433 0.00483004   0.312702   0.203226   0.246859   0.454624  0.0147173  -0.192896  -0.104235
 -0.131038   0.559836  -0.325232  -0.157416    0.19811 -0.0491902    0.13055 -0.0987488   0.142518  -0.223895   0.369316  -0.294913 -0.0316003  -0.189762   0.112759  -0.204184  -0.139586 -0.0598022  -0.123878   -0.15857
 -0.109794  -0.441822   0.186235  -0.390051  -0.315655  0.0718763  -0.347371   0.224271   0.032027   0.253914   0.227972  0.0740369 -0.0327841  0.0496826  -0.232923  -0.054004  -0.005981  -0.189891   0.452677   0.281673
   -0.4253 -0.0373599  -0.281112  0.0111783  -0.151966   0.141564  0.0926266   0.127781 -0.0637651   0.111316  -0.370483   0.011145  0.0719056   0.226385  -0.253316   0.182659  -0.150018   0.161463  -0.153614 -0.0282183
 -0.336285   0.140004   0.240622   0.143124  0.0732839  -0.081906  -0.389109  0.0533169   0.140124   0.279189    0.56939   -0.12837   0.241832  -0.331077 -0.0798749  0.0446476  -0.242345 -0.0549596   -0.23583   0.129191
 -0.321096   0.100916  -0.249213   0.363435 -0.0550077  0.0774974    0.56612  -0.162583 -0.0957598  -0.239384  -0.194911 -0.0644173  0.0145899  0.0102534  0.0286717 -0.0467558  0.0265605 -0.0634814  0.0891325   -0.21231
  0.223049   0.536659   0.278931   0.233152  -0.108016   0.148152 -0.0852871  -0.127211  -0.271495  -0.337924  -0.149108   0.134459  -0.141065   0.171204  -0.120405   0.200473 -0.0602656  0.0310955  0.0616262  -0.152195
  -0.653357   -0.192458   0.0932801   -0.176721 0.000769148   -0.263926    0.160063   -0.064308   0.0387362   0.0767159   -0.250254    0.309961   0.0414251   0.0110468   0.0785186  -0.0524018  -0.0182051  -0.0748806    0.343348   0.0324243
   0.100772    0.310285    0.086548    0.161363   -0.138214 -0.00559358  -0.0737442    0.165373    0.242951  -0.0621567    0.150538   -0.012469   -0.101391   -0.299368   0.0169854    0.218502   0.0104672   -0.103958    0.278179    0.199041
   0.303186   -0.126561   -0.221301   -0.139155   -0.316386    -0.24723   0.0468868    0.173561   0.0299088    0.143588   0.0799355   0.0670445  0.00124729 -0.00585594   -0.197461   -0.123991    0.393103    0.252398   -0.316492    0.133313
 -0.203086   0.161993  -0.125838 -0.0377837  0.0923351  -0.248583   -0.15176   0.156758   0.211169   -0.13467     0.2329  0.0465169  -0.175647  -0.361942   0.203339 -0.0620119 -0.0587782   0.165669 -0.0590973  0.0727554
 -0.0103752   -0.209452  -0.0270661 0.000317761   -0.361874   -0.024318   -0.494483   0.0142518   -0.122703   -0.305547  -0.0608018     0.13916    0.202902   -0.027101    0.106899   -0.210213  -0.0292518    0.244141    -0.22266   -0.164657
  0.283133   0.128226   0.374192  -0.119543   0.253295  0.0989393  -0.089918   -0.36378  0.0709225  0.0218217 -0.0183779   0.212729   0.081159  -0.229921  -0.479171 -0.0602742 -0.0820908     -0.125   0.442513   0.204351
  0.147666 0.00249637   0.158605 -0.0445915   0.362767   -0.25688   0.369305 -0.0979549  -0.404952   0.391175  0.0673146   0.163407 0.00310098   0.286923 -0.0385035  -0.139232 -0.0035028   0.115077   0.209728 -0.0160633
-0.0764424   0.159508 -0.0900938   0.205211  -0.186663  0.0377463    0.33386  0.0432966   0.150438   0.107491 -0.0568524  -0.208815   0.306268 -0.0152483  -0.131784 -0.0116905 -0.0146589   0.382252   0.296826  -0.105743
   0.110649   -0.230501   -0.146171 -0.00691346  -0.0166862    0.347392  -0.0507641   0.0630182   -0.172911   -0.144954    0.214112    0.089327   -0.310527    0.114002   -0.365092    -0.28379   -0.324661    -0.51187    0.166526   0.0183118
  0.0634306    0.107297   -0.416542   -0.235404  -0.0836114    0.301595  -0.0103132    -0.17352   0.0748037  -0.0113064  -0.0285966   -0.074069  -0.0853432  -0.0476714     0.22654 -0.00603328 -0.00288961    0.258037    0.248388  -0.0382862
  0.0113875  -0.0415734     0.10792  -0.0250355   0.0588891  -0.0540827    0.184155    0.243122 -0.00323308   0.0934266  0.00319887   -0.257001    0.243322    0.195621    0.264623    0.117749   -0.126503   -0.146659   -0.292177   0.0672175
 -0.358485  -0.282757   0.431205  0.0047694  -0.222441  -0.163029  0.0868036  -0.108642  0.0293021    0.14821   -0.19465 -0.0234713   0.114623   0.347188   0.236172  0.0682814 -0.0343763 -0.0284701   0.179927 -0.0938741
-0.0960501   -0.19556  -0.110779 0.00963729   0.819925  0.0311984   0.234401  0.0883073  0.0791329   0.309892   -0.33138  -0.241693   -0.39986   -0.25282  -0.328601   0.208507   0.338424  -0.206029  -0.413013   0.081289
   0.219384   -0.282168    0.231118   -0.038623   -0.255144  -0.0148343    0.211861   0.0312685  0.00837428   -0.071031 -0.00170631  0.00666445     0.13315   -0.196264      0.2231  -0.0737998   -0.289041  -0.0582136  -0.0707157    0.303866
 -0.127985   -0.24269  -0.199378   0.456698  -0.192191   0.181529 -0.0519913   0.079056   -0.22922   -0.26303  0.0160929   0.123558  -0.091658    0.35294   0.347205   0.183804 -0.0085882  0.0123632   0.169293  -0.123467
  0.084547   0.440956 -0.0287052  -0.207958  -0.320124  0.0784954   0.339896   -0.18332 0.00346887  -0.275254  -0.094693   -0.12218  0.0425425  -0.259689  -0.265853  -0.209654  0.0197315  0.0958319   -0.26128  -0.635075
 -0.0490693  -0.0996844   0.0295686   -0.235855   -0.305772   0.0285248  -0.0426809     0.12925  -0.0141275  -0.0428095    0.115908  -0.0644669 -0.00956962     0.19213  -0.0621221   0.0300065   -0.194837    0.581319   -0.195325  -0.0086941
   0.148781    0.514502   -0.163122   0.0375162   -0.240725    0.180415    0.429514    0.185491    0.111156   -0.138239  -0.0274278    0.111962  -0.0703159 -0.00733868    0.308353   -0.138632    0.323668  -0.0852197   -0.181541   -0.294932
-0.0995157  -0.363506  -0.300717   0.185369 -0.0251221  -0.291061  -0.151743  -0.031863 -0.0773487  -0.149024   0.170497 0.00912989    0.18317    0.16939  0.0830659   0.377162   0.274439  -0.115376 -0.0248815  -0.666499
 0.0909469   0.231674  0.0224535   0.122451  0.0667959  0.0541627  -0.147565  -0.177383 -0.0362112  -0.312945  0.0153314  -0.102327   -0.18279  -0.203147   0.230451 -0.0264422   0.157341   0.148264  -0.230452   0.281384
   -0.15758  -0.0314488   0.0976109    0.143693    0.221541   -0.105492   0.0445809    0.220649    0.043572  -0.0958763  -0.0513288   0.0269179   -0.173179    0.283218 -0.00751945    0.130319   0.0920697    0.114114    0.028866    0.247108
  0.243683   0.111908 -0.0402496  0.0809324 -0.0365512 -0.0764962   -0.34657    0.24654   0.241535    0.27009   0.183455 0.00187496  0.0392848  -0.273161   0.285827  -0.115545   0.210366   0.123027   0.462765   0.176483
  0.133909   0.100085 -0.0646518   -0.31874   0.267138 -0.0839042   0.038917 -0.0513194  -0.201948  0.0664511  -0.182652   0.202901  0.0559838    0.28495 -0.0992275   0.339025  -0.206957   0.491635   -0.25436   0.438176
0.00529934   0.478277   0.176328   0.317888  0.0798111   0.134561  -0.094711   0.296239  -0.272959   0.116118  -0.330244  -0.186399   0.445406  -0.198418  -0.301454  -0.536338  -0.427246  -0.489265  -0.013843   -0.27902
  0.143449  -0.544902  -0.159805  0.0620939  -0.164843 -0.0554391  -0.165436   0.218376 -0.0964228   0.331801  -0.419244   0.187819 -0.0448808 -0.0829328  -0.203021  0.0730078  -0.160948 -0.0666876  0.0741039 -0.0339495
  -0.0984522    -0.333526    -0.205334    0.0794881    -0.168621    -0.135156    0.0682101    -0.361029     -0.16766    -0.206403     0.404943    0.0462878    -0.231367 -0.000853077   -0.0474636    0.0683117   0.00471482    -0.145691   -0.0708351    -0.258159
 -0.475172  -0.114969   0.385432  -0.370816   0.300591  0.0635223  -0.102931 -0.0915369   0.380967   0.122531  -0.275561    0.05864   0.380909 -0.0501993  -0.139809  -0.292844   0.374944  -0.103534   0.134801   0.261027
   0.144011    0.212357  0.00767317   -0.289065    0.216109   -0.205166   -0.190568   -0.160504  -0.0267582   -0.076518   -0.368932 -0.00319142  -0.0812353   -0.196545   -0.309904   0.0841986    0.085629 -0.00833785   -0.133266  -0.0132502
  0.0573146    0.305256    0.217173   0.0856678    0.213504    0.259894    0.431182     0.30226   0.0754159  -0.0990285    0.251222    0.108349  -0.0614305  -0.0592942    0.255278    0.139508    0.374392   -0.469965   0.0855332 -0.00662923
 0.0308425   -0.11933  -0.116822   0.271333  -0.276144   0.102446  -0.172806  -0.026698   -0.41311  -0.098679 -0.0597307   0.111913   0.264957  -0.221996  -0.183415   0.105584  -0.198429  0.0707236  -0.323677   0.350082
  -0.385909    0.244238   -0.304729   -0.196733  -0.0889163   0.0711579    0.155169   0.0252385   -0.221249   0.0704503    0.142458  -0.0405289    0.258813   -0.142982    0.138994 -0.00508315    0.134272   0.0896726  -0.0631012  -0.0564414
  -0.159598    -0.22948    0.115713   -0.204224   -0.104292    -0.45896   -0.328707   -0.279125  -0.0573456     0.25248   -0.189221   0.0487798    0.260314    0.548213   -0.249119    -0.12992   0.0250129   -0.174316   0.0235231 -0.00555401
  0.401402   -0.45112  -0.117674   0.139021  0.0377599   0.315988   0.118202   0.154249   0.164203  -0.109116 -0.0315521  -0.155057  -0.147167   0.178205 -0.0112853  -0.191771  0.0886944  -0.146296 -0.0714031  0.0608111
 -0.121163   0.495373  0.0511351  -0.327272 0.00157315   0.201278    0.39354   0.186881   0.492777  -0.358088    0.43396  -0.237207   0.262528     -0.187   0.196727   0.278744   0.174064   0.551717   0.247233   0.172821
  0.193671   0.476682    0.17198    0.18796  -0.349795 0.00205869  -0.484584  -0.378889  -0.296609     0.2064 -0.0246848  -0.186322 -0.0787373   0.115539  0.0705648 -0.0610663  -0.233707 -0.0894711   0.252212   -0.30219
   -0.25519   -0.743096    0.272498    -0.18442  0.00462754    -0.18319   -0.402701   -0.082756   -0.199713    0.395606    0.198909    0.288648   -0.644752 -0.00425631   -0.212213   0.0872107   -0.346751   -0.425255   -0.262707  -0.0437754
  -0.11663   0.444075   0.539408   0.404314  -0.200154  0.0717399  -0.172681   0.467338   0.373721   0.143182   0.392409  -0.238315   0.215703 -0.0472556  0.0651003 -0.0577448 -0.0848982  0.0747649   0.116694 -0.0505093
-0.0318612  -0.282875   0.568958  -0.013759  -0.116589   0.308918   0.116985 -0.0699012   0.190815   0.427172 -0.0977611   0.381556  -0.484015   0.113887   0.206694   0.108097  -0.233577   0.323763  -0.413493   0.184976
  -0.241428    0.244766   -0.106492   -0.182516    0.349158   -0.171354  -0.0118704   -0.402566   -0.398168   0.0165208    -0.20396  -0.0682006 -0.00908354  0.00281031   -0.122108    0.337354    0.282164   -0.252869  -0.0667398   -0.235301
  0.179397 -0.0191978 -0.0736135   0.159831 -0.0600662  -0.218069  -0.163531  -0.171147   0.199029   -0.26839   0.123107  -0.177284   0.278635   -0.17272   0.304932   0.190918  -0.148447  -0.157166  0.0258301  -0.415268
 0.0716037  -0.123884  0.0533367  -0.351998   0.385812    0.18899  0.0194129   0.248363   -0.21114  -0.310049 0.00442216  -0.142727  -0.467107   -0.31759   0.459855   0.148317  -0.599441  -0.198547   0.444002   0.270423
  -0.312397   0.0165173  -0.0781943    0.277755   -0.146665   -0.239149   -0.181591  -0.0328064 -0.00431643   -0.506272     0.10507   -0.101397   -0.445971    0.162107   -0.316385   -0.227017  -0.0713495    0.125842   -0.186324   0.0661992
   -0.383902   -0.0429771    -0.372836     0.248215    -0.346617    -0.104002    0.0507165     0.190469    0.0713804     0.381029    -0.144103    0.0721184  -0.00458205     0.198109     0.539889     0.285521     0.158342 -0.000844403     0.121608    -0.171989
   0.546003   -0.404433  -0.0540823   0.0884699    0.308885  -0.0222913  -0.0358267  -0.0224494 -0.00753864    0.148438   -0.123584    0.107505    0.166546   0.0206285     0.19807   -0.164535    0.244793    0.146823   0.0753919    0.183616
  0.0621209    0.266541   -0.172871    0.184801    0.131116    0.125439     0.14675   -0.332616     0.49533   -0.149249    0.368161  -0.0197098 -0.00468157   -0.129283   0.0467196   -0.203224  -0.0303838    0.263376   -0.263462    0.120968
 -0.198283 -0.0789932  -0.189681   0.510719  0.0615346  0.0222049  -0.232927   0.327526 -0.0948247   0.342677 -0.0578902   0.151313 -0.0275134   0.398263   0.147353  -0.388263   0.107743  0.0296559   0.163625   -0.31891
 -0.085196  -0.162748  0.0454922  -0.401988  -0.249969  0.0348831 -0.0245894   0.585546 -0.0832399   -0.32152  -0.236595  -0.148441  -0.449146 -0.0392572  0.0316527   0.108885 -0.0800552   0.319406   0.105884    0.02161
  -0.307072   0.0460156   -0.232869   -0.582922    0.255293   0.0808577    0.119093   -0.135508   0.0274886  -0.0559542 -0.00529338  -0.0776943   -0.194287   -0.229338    0.102173   -0.109512    -0.36333   -0.172639    0.073188     0.16506
   0.181245    0.321673    0.281073    0.148307    0.155758   -0.143461     0.21719   0.0518114   -0.366406 -0.00457796   -0.219662     0.14449    0.110579  0.00920696    0.152571  -0.0423291    0.119329     0.10896    0.329139  -0.0402864
 -0.0194373    0.281683   -0.204708  -0.0239336  -0.0190597 -0.00997767    0.272266   0.0901071    0.592628  -0.0108833    0.194205   -0.154353    0.138965   -0.208266   0.0358223    0.303025   -0.194889   -0.391513   -0.291511   0.0273337
  0.290935  -0.287426   0.480056  -0.306754 -0.0215398  0.0553133   0.161371 -0.0880007  -0.233107  0.0272138   0.159343   -0.28401   0.247808 -0.0751515  -0.236043  0.0694537  -0.276816 -0.0828962   0.202022   0.480473
  -0.327123   0.0446859   -0.578191    0.603516    0.130746  -0.0668878   -0.511403   -0.122934   -0.173724  -0.0105827  -0.0589238  -0.0275513    -0.16394    0.132814   -0.305348     0.48293 -0.00448116   -0.258931    -0.34994   -0.162179
   0.05212 -0.0263569  -0.142997  -0.344994   -0.31492  0.0656232  -0.123005     0.1196  -0.266846  -0.099173 -0.0452974   0.239318  0.0883791   0.135944   0.150455 -0.0232758 -0.0487742  -0.091745  -0.159024   -0.16045
   0.264584    0.180038    0.476041   0.0454332     0.11758   -0.112515  -0.0804718   -0.286582    -0.42006 2.51259e-05    0.139879    0.173323  -0.0635631  -0.0765511   -0.399388     0.20656    0.427527    0.322239    0.210919    0.138347
-0.300499 0.0500513 -0.511761  0.659667 -0.590997  0.553508  0.095267  0.255107  0.387204  0.169241 -0.177083  0.195109 -0.271312 -0.126716 -0.519896 -0.122715 0.0232802  0.120349  0.263476 -0.380206
  0.454189  0.0926649 -0.0850077    0.24578   0.307031  0.0100923   0.221529   0.251313   0.178519    0.28305 -0.0662814  -0.144519    0.57123 -0.0321086  -0.363841  -0.148883  0.0458161  -0.331483   0.084732 -0.0504199
 -0.233814   0.077396  0.0334351 -0.0308116 -0.0829211   0.339862 -0.0848943 -0.0252776   0.168458 -0.0440056  0.0793121  0.0728062   0.082464   0.174244   0.161593  -0.207227   0.079754  -0.183794  0.0326417   0.218679
-0.0303967   0.279618 0.00379838   0.274184  -0.440896   0.573399  0.0495735  -0.136395   0.343041   -0.06115 -0.0977977  -0.234959   0.198199  -0.159787   -0.14731  -0.253324   0.287171 -0.0216375   0.117019   0.145242
 -0.120212  0.0470896  -0.371513  -0.114444 -0.0406999  -0.510823  -0.424821  0.0462693 -0.0742977 -0.0762885   0.175933   0.122934  -0.187566  -0.257391 0.00772603   0.154469 -0.0150543   0.372865  -0.261394   0.232041
 0.0520574  -0.180011   0.269881  -0.133476   0.222871 -0.0442529   0.362267   0.255396  -0.141326  -0.048539 -0.0463328  -0.440596   0.117786 -0.0107791 -0.0909766 -0.0106976  0.0146012 0.00303109  -0.184157  0.0519627
    0.54675 -0.00872885    0.357703    -0.47696   -0.177757    0.299896   -0.417185   0.0141923    -0.22536    0.129678   0.0762384    0.251415   0.0981767    0.222377    0.113365    0.382729     0.26671     0.18233     0.18724  -0.0398671
-0.227818 -0.100969  0.132285 0.0059446  0.188192 -0.474794  -0.14251 0.0727945 -0.162988 -0.394021 -0.394556  0.390445 -0.274933 -0.207163 -0.073699 -0.114823 -0.107658 -0.573875  0.323404 -0.160281
   -0.204363    0.0167561    -0.291774   -0.0578871 -0.000623972     0.216644     0.336694    -0.440818     0.162006     0.156782     0.211554     0.046144    0.0711042  0.000227363     0.106113   -0.0553147   -0.0650376    -0.107353    -0.258796    0.0394007
  -0.199498    0.403573    0.222097    0.333027 -0.00523343    0.723731   0.0257845    0.133165    0.133993   0.0550964    -0.20554    0.108333    0.132654   0.0931602    -0.26452   -0.168932   -0.148849  -0.0115604   -0.426893    0.134884
 -0.0505091   -0.745433    0.189932   0.0898881   0.0243435  0.00452941    0.108117   -0.404107   0.0164953   -0.121928    0.129324 0.000104618 6.80813e-05    0.157273   -0.398906   -0.209384   -0.117065    0.137961    0.201209 -0.00274267
  -0.243016  -0.0883551    0.216102    0.300169   -0.118268    0.180824  -0.0173497 -0.00658156   -0.112085    0.157281   0.0146822   -0.111632   -0.194656  -0.0388593  -0.0421365  -0.0527589    0.219785    0.047764   0.0399549    0.393855
 -0.250818  0.0197062  0.0188653   0.148769  -0.299716  -0.188761   0.189094 -0.0962015 -0.0532218  -0.216661   0.192828  -0.143025   0.568112   0.246067   0.224422   0.022686   0.374776   0.272317   -0.42283  -0.237965
  0.236831 -0.0632714  -0.458654  -0.172549  -0.668537  -0.198993  -0.042204   -0.18865   0.097017 -0.0777284 -0.0509507     0.2731   -0.11565  -0.152562 -0.0817224  -0.290587  0.0236403 -0.0646249   0.372382   -0.32816
  0.101875   0.208169 -0.0459036  -0.128236  -0.422074  -0.364489   0.215715    0.33463  0.0833847  -0.336291  -0.277113 -0.0866531  -0.018193 -0.0781788   -0.33268   0.156866   0.130742 -0.0776191   -0.20565  0.0429583
  0.043072   -0.17053  -0.286938 -0.0126671 -0.0706782  -0.156269 -0.0931658  0.0276288 -0.0956709   0.189635  -0.116653  -0.310235   0.452069   0.303659   0.189698   0.196329   0.106724  -0.123602  -0.346947   0.170912
  0.365798   0.166609   0.137717   0.136162  0.0176798 -0.0825749   0.396728   0.162806   0.283101   0.210774  0.0498434 -0.0672602  -0.290349  0.0312161   0.182715   0.521636   0.037307   0.177487   0.209334   0.149609
   0.326796     0.32911    0.296156      0.1105    0.250952 -0.00977439    0.358845     0.17976   0.0427923    0.409024     0.12034   -0.047349   -0.104814  -0.0456403    0.184739  -0.0303666    0.217353   -0.347609    0.175368    0.132268
   -0.30889   -0.180685   -0.239835   -0.200799    0.322521    0.510043    0.112579  -0.0808826  -0.0607285    0.129126 -0.00390946   -0.409952   -0.184837   -0.347288   -0.152274  -0.0248683   -0.440701   -0.310094   -0.349462   -0.180604
 -0.113976 -0.0358319 -0.0111598  -0.279791   0.210407   -0.15373   0.116837   0.184194   0.182795    0.34683  -0.163978  0.0636329  0.0664249  -0.166194  0.0757149   0.214879   0.130187  0.0610737  -0.165568   0.065995
   0.137918    0.260453  -0.0212626  -0.0424571   -0.132609   -0.151301   -0.528118    0.295949   -0.160529 -0.00950185   0.0934217    0.179363   0.0716333  0.00433372   0.0302554   0.0799434  0.00489934    0.366057   -0.031508  -0.0139156
-0.0031152 0.00532821   0.148537   0.307437   0.251438  -0.200916   0.317226  -0.211171  -0.141215  -0.633612  0.0173513  -0.401344  -0.428151 -0.0855319  -0.157227  -0.173614  -0.340268  0.0132313   0.425297   0.150144
-0.0388943  0.0372153  -0.560619  0.0697867  0.0578894   -0.10778 -0.0637295 -0.0715576  -0.160054  0.0702231  -0.402358   0.144854   0.161179   0.240536  0.0521937    0.19159   0.086297  0.0560446   0.210023 -0.0381404
 -0.388429  -0.210124 -0.0952703  0.0675451  0.0159329   -0.12663 -0.0243164  -0.160411  -0.111281  -0.112457   -0.11819  -0.155349  -0.105958  -0.120159  -0.142567  -0.297444  -0.165165  -0.480429   0.191642  -0.226116
  0.451135  -0.105154   0.293992   0.314055 -0.0281023  0.0950737   0.150169  -0.168752 -0.0611887  -0.196063   0.211809   0.201323 -0.0647166   -0.11683  -0.125449   0.270792   0.160489    0.31155 -0.0856469   0.130391
 -0.210255  -0.328649  0.0669262 -0.0422639   0.118596  -0.161234  -0.354323    0.13447  0.0992443   0.628908   0.163213   0.240215   0.297895  0.0508595   0.229107 -0.0266369   0.116313  -0.121361 -0.0393001   -0.21947
  0.132388   0.141724 -0.0601346 -0.0758372  -0.495976  -0.111851  -0.192607 -0.0485266 -0.0595984  -0.184107  -0.238747   0.140416   0.565067 -0.0365294  -0.226666 -0.0692505  -0.172136  0.0678769  -0.154984  0.0735486
   0.279638   -0.083941  -0.0515131   -0.224727   -0.289638  -0.0779895    0.244138 -0.00275359   -0.186919   0.0303513   -0.223373    0.373333    0.116307   -0.211241  -0.0796858   0.0315793   -0.214952    0.243814   -0.591795  -0.0891937
-0.0618364  0.0432354   0.182368   0.213138 -0.0637678    0.43286 -0.0961895   0.250954   -0.17575   0.271139   0.361632 0.00065996 -0.0518567  -0.166012   0.345745  0.0987496   0.345905  -0.147362   0.600284 -0.0121293
 0.235092  0.420603  0.222926  0.377312 -0.115148  0.174797  0.315726 -0.276998  0.315033  -0.30106   0.05736 -0.203906  0.480803 -0.010085 0.0945941 -0.162888 -0.195906 -0.088605  0.208945 0.0791623
    -0.15035   0.00215959    -0.223019    -0.246302    0.0465245   -0.0730894   -0.0384005    -0.446874 -2.04154e-05     0.312951    -0.188658    0.0642172    -0.234676  -0.00702801     0.126992    -0.209867    -0.270028   -0.0776955    0.0119833    -0.153432
  0.347177 -0.0106642    0.26365  -0.306087   0.416374   0.158244 -0.0620377   0.390988  -0.115952   -0.30565 -0.0577801   0.135713  -0.217628    -0.3187  -0.272327 -0.0258129    0.15343  -0.235043   -0.15875   0.251603
  -0.288542   -0.152574  -0.0779263  -0.0327601    0.136537   -0.170901   -0.142642   0.0559994 -0.00556114    0.293194  -0.0541294    0.256383   -0.331722    0.489677    0.122538    -0.07282   0.0975297    0.167978  -0.0708476   -0.332023
  0.385188 -0.0948241  -0.280807  -0.105544   0.063945   -0.32826  -0.157922  -0.223743 -0.0703802   0.133837  -0.170567 -0.0225671  0.0500308  -0.297852  -0.564506 -0.0946349  0.0993332   0.181117 -0.0135631   0.205955
-0.0307242 -0.0813721 -0.0783031  0.0485145   0.105171  -0.160345   0.289884    0.20549 -0.0660521 -0.0653673   0.103699  -0.131812   0.284326  -0.117138 -0.0950468  -0.225418  -0.191854   0.150352   0.356265 -0.0531368
  -0.202657    0.419424   -0.241004    0.747209   -0.181273   0.0974343    -0.40858 -0.00182238  -0.0415523  -0.0806441   -0.272231  -0.0194569   -0.138328  -0.0480437   0.0175143    0.138093 -0.00935008    0.290469   0.0338324    0.157792
   -0.16221   -0.413742   0.0494759   -0.249205  -0.0777942   -0.235487     0.25637    -0.20604  -0.0677597      0.1034   -0.121267  -0.0762362   0.0229401   -0.116049    0.396368    0.163676   -0.115532 -0.00515681   0.0239804    0.254159
  0.137726  -0.229393   0.224276  -0.295952   0.144038 -0.0499413  -0.247334  -0.070084   0.317655  -0.119649   0.364084    0.23213 -0.0318279   0.170398 -0.0083648   0.125551   0.369148  -0.231386 -0.0577542  -0.160368
  -0.44809  0.0607337   0.144217   0.523463  0.0557531   0.336374  -0.398913   0.906528   0.210584  0.0829205   -0.10645   0.129107  -0.282877   0.166215  0.0474079   0.151774  -0.286547 -0.0206766  0.0409066 -0.0904134
  0.108051   0.120874   0.106963  -0.279628 -0.0387914  -0.123975 0.00577246  -0.381274  -0.300324  -0.157492   0.115233  0.0147789   0.277675  0.0741628  0.0968672  -0.127709  -0.176276   -0.10106   0.203043  0.0574363
  0.0146228   0.0259447    0.154656    0.305355    -0.27101    0.131965    0.242078   -0.266638   -0.119785    0.207082    0.270832    0.134368  -0.0490954   -0.202985    0.124518  -0.0734502    0.271302   -0.402888 -0.00428785   -0.170499
-0.00390579    0.454534   0.0118941    0.117967  -0.0358818    0.375285   -0.112988  0.00900771  -0.0139075  0.00303696   -0.419672    0.132482  -0.0663134   0.0578443  -0.0193102    0.222885   -0.182657    0.297246   -0.309663    0.347352
  0.299021   -0.21397   0.210789  -0.279895  -0.217331  0.0819583   0.241749   0.206525   0.250419    0.14581 -0.0598993  -0.191622  -0.300462   0.392557  -0.289814  0.0751228   0.170694  -0.109928  -0.164612   0.119356
 -0.120479  -0.200478 -0.0109355   -0.19693   0.161906  0.0468245 -0.0776581   0.123737 -0.0875937   0.028204  -0.181856 -0.0874145  0.0432172  -0.365734  -0.242761  -0.100306  -0.122862  -0.325156  0.0162638  -0.135269
 -0.200201  -0.156362  0.0904823   0.264465  -0.126821  -0.068552   0.183084  -0.478566  0.0659132  0.0805558  0.0378115  -0.476792  0.0354681   0.242374  0.0429097 -0.0703017   0.380288 -0.0811766  -0.470629 -0.0818912
 -0.205286  -0.220575   -0.10321 -0.0621947  -0.231981   0.211244  -0.110847   0.358557  -0.427311   0.156833   0.302281 -0.0143722  0.0438269   0.211828   0.107109  0.0766841   0.404127 -0.0540188  0.0649609   0.132199
 -0.218595   0.229945  0.0786035   0.235066  -0.192263   0.305905  -0.171687   0.178129 -0.0886895  -0.413746 -0.0479133    0.12804 -0.0252056   0.124128  -0.492367   0.161385 -0.0407505  0.0262679   0.101135 -0.0151488
  -0.0450692    -0.140787 -0.000430583    -0.420687      0.35742    0.0335321     0.258879     0.121978     0.732492    0.0606165     0.022546    -0.189121     0.244954   -0.0787422    0.0578891    -0.119419    -0.140053    0.0130747   -0.0599372     0.028886
  -0.270628    0.290697   -0.203961   0.0358932   -0.124877    0.189685   -0.543577    0.437492   -0.135398  -0.0416593   0.0673947     -0.3595 -0.00246343    0.183621    0.211316   -0.103751    0.172685    0.254629   0.0433215   -0.170547
  0.146539  0.0366257 -0.0478145   0.182738  -0.214163  -0.268964   0.102986  0.0264044   0.356566  0.0432629  -0.236029  -0.330728   0.383479   0.305441    0.19738  0.0943478   0.140886    0.11755  -0.207171     0.1204
  0.458098  -0.366964 -0.0380364   0.388824   0.447952   0.111304   0.331028  -0.224903  -0.241833  -0.115049  0.0620155   0.252463 -0.0227314 0.00402326   0.216971  -0.404169  -0.172507 -0.0652651   0.271508  -0.411599
  0.285943  -0.602772   0.145332  -0.282501  0.0196638  -0.302748  0.0196811   0.200859  -0.105949  -0.383815  0.0566812 -0.0985089 -0.0475466 -0.0463146   0.217664  0.0935287  -0.271407    0.18159  -0.127265   0.370642
 0.0393592    0.23272  -0.286573    0.25447  -0.155692 -0.0324824  -0.313901 -0.0616058  0.0964071   0.270512 -0.0292132  -0.196278  0.0475053    0.34158  0.0899725   0.063976   0.104104   0.273539  -0.266618  0.0217859
-0.0861057   0.102438  -0.203666   0.124469   -0.26903   -0.15088   -0.61952  0.0115617  -0.078763 -0.0127105  -0.101028 -0.0433417  -0.284845  -0.101116  -0.131665   0.180362   0.446723  -0.202758   -0.18794   0.332502
    0.15575   -0.224329     0.16828    0.129577    0.178908    0.281386    -0.13376    0.226919    0.126951  -0.0816424   -0.340855    -0.10785    0.195993 -0.00519195    0.182411  -0.0831588    -0.32996    -0.45795     0.02804   -0.501408
 -0.0415919    0.448608    0.186464    0.283246    0.574144   -0.109269    0.354334   -0.352754   -0.204505   -0.070888  -0.0300163    0.139167     0.26625 0.000314038   -0.342867   -0.288853   -0.121289    0.187244    0.103413    -0.22963
  0.199748  0.0183815 -0.0432809   -0.10135  -0.199316  -0.167069   0.312499    0.19856   0.193098  0.0817709  -0.224869 -0.0644991  0.0469137  -0.150389  -0.101551  0.0149918  -0.365496  0.0312418    0.10304   0.109237
  0.0240146    0.145477 -0.00520071  -0.0280177   -0.169324   -0.153047   -0.320358   0.0815255    0.280745  -0.0347635    0.306956  -0.0574087    0.153065    0.385239   -0.275602   0.0999054  0.00703271   -0.232842    0.149954    0.170152
  -0.277722    0.239291    0.101742   -0.465695    0.110919    0.167038    -0.31167    0.122013  -0.0847011   0.0945654  -0.0771026   -0.146048   -0.357893 0.000419817   -0.140008   0.0619296   0.0296138    0.102758    0.223227   -0.213643
  0.149285  -0.347096   0.145016 -0.0615406  -0.217512   0.183919 -0.0905474   0.221236 -0.0634803   0.188414  -0.123539   0.362312  -0.177919   0.338561 -0.0689798   0.238663   0.468147   0.341386  0.0329211   0.221463
  -0.160254   0.0458998   -0.282941    -0.68508    0.119012   -0.138833    0.112961 -0.00257441    0.104411    0.380373   -0.200818   -0.370405    0.166882      -0.364    0.115165  -0.0626052   0.0833651   -0.369598   0.0534346   -0.132162
  0.0327539    0.220938 -0.00275828    0.118386  -0.0643824   -0.360953  -0.0667467   -0.171819   -0.278458  -0.0117924    0.165206   0.0641517   0.0802592   -0.304286   0.0427556   -0.312881  -0.0927674   0.0467077   -0.384585  -0.0691294
 -0.255537  0.0608473  0.0611334  -0.344914   0.136416  0.0550482    0.35806  0.0598226   0.241429 -0.0240703   0.393495  0.0362753  0.0782558  -0.430769   0.395009 -0.0310622  0.0471639  0.0497497  -0.347225    0.12089
   0.343282    0.259909   -0.265809    0.565794   -0.102215    0.305512    0.157057  -0.0772527   -0.195584  0.00412903    0.265733    0.219474   -0.167874   0.0920835   0.0768022 -0.00380879  0.00325322    0.505624  -0.0553832    0.116122
  0.120725  -0.179213 -0.0105861  -0.223081   0.185291  -0.072554 -0.0235773  -0.224689  -0.106077   0.111257 -0.0646886 -0.0288993  -0.263172  -0.361023  -0.263521  0.0791798   -0.21132   0.166428  -0.257067  -0.284691
  0.305899  0.0804716   -0.13688   0.352547   0.194948 -0.0363401  -0.119455  -0.276308   -0.16966 -0.0669819 0.00867546   0.230116   0.194023   0.339277  -0.114494    -0.1315  0.0487476  -0.122663   0.264545   0.287945
 -0.360696 -0.0645872  -0.031796  -0.185549   -0.10529  -0.107261  -0.315471   0.270231  0.0437084  -0.144809   0.117871   0.188941   0.319424   0.188047   0.145217   0.131469   0.322237 0.00163723   0.272359   -0.15331
 -0.338837  -0.149989  -0.318448  -0.204882 0.00426049   0.373306  0.0150944 -0.0269833  -0.162084   0.353564  0.0908421  0.0733016    0.13987 -0.0326119 -0.0496569   0.108626  -0.178513  -0.234762  -0.178062  -0.142759
  0.585827   0.264585   0.262865  -0.123264   0.247345  0.0208742   0.012822  0.0688825 -0.0644049  -0.519723  0.0649219    0.10126  -0.275552   0.175346  -0.117386  -0.086901  -0.107215  -0.199009   0.414213  0.0772745
 -0.287075  -0.263432   0.147996  0.0415587   -0.10722  0.0260697 -0.0558468  -0.573192  -0.202755  -0.156534  -0.225621 -0.0936236   0.147369 -0.0854248  -0.265927  0.0822019   -0.18187  -0.375116  -0.427789   0.220146
  0.195158   0.015768    0.34256   0.439441  -0.254474   0.139753   0.387799   0.209708   0.126304   0.257205    0.12634  0.0275061   -0.12377  -0.112413  0.0738572 -0.0687405   0.161176   0.232144 -0.0106951 -0.0928581
   -0.470424    -0.384571     0.028135    0.0151224     0.152495   -0.0292176   -0.0389429     0.222302   -0.0915606     0.111244     0.306081     0.110879 -0.000138077     0.237692    0.0916519   -0.0870873     0.310918     0.160515     0.106968     0.323224
  0.680239    0.15745   0.345703  -0.100944   0.045691  -0.542695     0.2088 -0.0257715   0.390945  -0.319694  -0.407352  -0.442539  -0.125757  -0.523897   0.272844   -0.24703   0.221643  0.0653612  -0.122768  -0.229439
 -0.403661 -0.0775181  -0.340391 -0.0940267  -0.681728   0.226126  -0.180341  -0.350358   0.211525   -0.37817   0.104349   0.259664  0.0416999  -0.287699   0.164127   0.183443    0.15369   0.118501  0.0954731  -0.229787
 -0.190411  0.0768924   0.296981 -0.0284859  0.0400256   0.162373  -0.295204   0.675672 -0.0719973   0.103976  0.0614868  -0.015849  -0.529904   0.148477 -0.0620678   0.106752  -0.290896  -0.134915  0.0826138   -0.33011
  0.116964   0.204479  -0.136046   0.353972  -0.161956   -0.24872  -0.183321  -0.141555  0.0708193  0.0762568  -0.169487  -0.287593  -0.393902  0.0638692 -0.0919456  0.0455648  0.0372313 -0.0724329 -0.0226362   0.267847
  0.675198   0.161592  -0.568906   0.252433 -0.0198727  -0.214094 -0.0273599   0.145863  0.0559569   0.365949   0.110725    0.31661  0.0336624 -0.0798307   0.390127    0.11452  -0.266229  -0.090682  -0.213676    0.24639
0.00774271  -0.254921    -0.3273   0.160653   0.397976  0.0742382   0.412367  -0.013125 0.00391683   0.270342 -0.0381466  -0.288781   0.160495   0.333274   0.317126    0.10289  -0.138121   0.502337 -0.0183338 -0.0330304
   0.182521  -0.0593521    0.396341    -0.32382    0.283112   -0.243437 0.000117828  -0.0851108    0.124459  -0.0476676    0.122891  -0.0475461   -0.354258    0.207027   -0.187577   0.0862121    0.020523    0.216523    0.128062   0.0279695
-0.0442406  -0.266791  -0.147222 -0.0517273     -0.308  0.0943926   0.199726  -0.288824   0.205528  -0.100639  -0.169584  0.0498937   0.334804  -0.120936  -0.163811  -0.358447  -0.133191  -0.478267  0.0128576 -0.0657546
 0.0930413  -0.296018  0.0124419   0.201635  -0.323134  0.0486857  -0.188139  -0.151875  0.0492176 -0.0331674  0.0456493 -0.0895238  0.0387964   0.162986 -0.0151375  0.0986137  -0.113365  0.0258715   0.250458  -0.277287
  0.172554   0.486346  -0.269092 -0.0191139 -0.0830533   0.447698  -0.061096   0.278292   -0.13886    0.29497  -0.184712 -0.0929692   -0.16021   0.239572  -0.192352  -0.053643  -0.159767  -0.273419   0.040142  -0.255827
  -0.23515   0.105219   0.442955  -0.027939  -0.267137   0.377294 -0.0182114   0.517326  -0.338258   0.123256  -0.403744   0.340815  -0.136524  -0.107357  0.0095244  -0.188017 -0.0765508 -0.0278227 -0.0304186 -0.0346716
  -0.12374 -0.0514383   0.202111  0.0988005  0.0603407  -0.493395  -0.335857  0.0871583  -0.159463   0.022774   0.310823  -0.297653   0.139685 -0.0351905   0.235686 -0.0110765 -0.0975789   0.312731 -0.0299906   0.202853
-0.0774443 -0.0406386  -0.267394  0.0100251   0.018109 0.00548146  0.0612722  -0.151619  -0.344994  0.0317772   0.121977   0.230292    0.25366  -0.193053 -0.0715843   0.286925   0.481273   0.107995   0.231564   0.136544
-0.0563695  0.0821374   0.131924  -0.314531   0.221044  -0.255672    0.23025   0.413125  -0.250863  0.0300373 -0.0981872  -0.130339  0.0474272   -0.17181 -0.0519606   0.166293  0.0081002   0.345046  -0.317482   0.128587
  -0.268869  -0.0883931    0.168242   0.0932178   0.0587839    0.194132   -0.303019   0.0540708    0.163392    0.295622    -0.12706    0.103226    0.411987  -0.0194729   -0.162598    0.179605   -0.135779   0.0428528   -0.258511 -0.00735106
  0.254405  -0.182387 -0.0984438 -0.0197474   0.115866   0.198706   0.397913  -0.334477   0.210435   0.315573  0.0866351  -0.103404  -0.400293 -0.0662577   0.531304  -0.277153   0.142191   0.404109 -0.0850447  -0.453541
 -0.132861   0.265216  -0.374418  -0.117242 -0.0258246   -0.22201  -0.180932  -0.444508  -0.264934  -0.190544  -0.163725   0.235975  -0.164045  0.0859111   0.213925   0.246614   0.251235  -0.576363   0.125454  -0.144419
 -0.134513   0.273215   0.188751  0.0933997  0.0801859   0.578993 -0.0349011 -0.0450699   0.653571  -0.358431   0.391312 -0.0983845   0.237297   0.103978  -0.206632 -0.0272569   -0.36699  -0.202467 -0.0745743    0.28832
  0.0262928  -0.0138296    0.174682   -0.227865   -0.775476   -0.300944  -0.0758156   -0.184415    0.100294  -0.0840725   0.0598168    0.217323   -0.227107 -0.00699727  -0.0134289   -0.212256   -0.311685    0.310059    0.108627    0.115794
 0.0450001  -0.380427   0.204844   0.216947   0.256949   0.231514   0.100354   0.113307   0.115241    0.46985  -0.115535   0.567977 -0.0474296   0.381082  -0.142241  -0.239209  0.0708109  -0.108374   0.219638  -0.154794
 0.258265  0.228389 -0.245747  0.192161  0.225182  0.129066 -0.198097  0.163823  0.250455  -0.16193  0.113639 -0.316703 -0.160617 -0.180284 0.0604552  0.288095 0.0699181  -0.29263 -0.322711 0.0663113
-0.0253057  -0.311337 -0.0127573  -0.117232  -0.168418   0.128472  -0.356983  -0.118272   -0.45447   0.173552  -0.285016    0.25639  -0.114569   -0.14669 -0.0770794 -0.0990392   0.312594   0.259413  -0.166196  0.0275052
-0.0551016 -0.0243759 -0.0838413 -0.0997787   0.193862   -0.33096  -0.143167 -0.0821091  -0.430539  -0.165554  -0.364335  0.0772673  0.0212349 -0.0305067  -0.131372  0.0765984  -0.227561   0.205413  0.0505816    0.24915
-0.169017  0.207664  0.337419  0.169322 0.0782539 0.0824909  0.296449  0.148449  0.165291  0.280592  0.529389 -0.507242  0.146348 -0.439164  0.386019  0.115701  0.139925  0.103787  0.104247 -0.136554
 0.0834005 -0.0225128   0.215077  0.0784639   0.258345  0.0688877   -0.11313   0.335301   0.194383   0.122209  -0.323393   0.276578  -0.183747  -0.100535  0.0693107  -0.276127   0.217632    0.22898   0.117698  -0.267256
-0.0848645   -0.16126  -0.120228  0.0546329   0.105374  -0.185096   0.349072 -0.0440583   0.232636  -0.077762  -0.213991  -0.119712  -0.131331  -0.123027  -0.270438   0.233332 -0.0207428  -0.754978  0.0238257 0.00295044
 0.0214831  -0.465601 -0.0288847   0.197862  -0.312495 -0.0508268   0.012212  0.0560745   0.075273  0.0954844 -0.0597351 -0.0578151 -0.0384592   0.153706 -0.0114549    0.26715 -0.0549889   0.116223  -0.252532 -0.0131234
 -0.177386   0.462303  -0.226863  0.0992404  -0.275023 -0.0694447  -0.508689   0.127959  -0.287713  0.0869891 -0.0255551  -0.103219 -0.0540798  -0.389874 -0.0673229   0.132004  0.0187429  -0.260553   0.172286   0.510568
  0.372837  -0.419643  -0.134099  -0.208447  -0.256347  -0.410309   0.234562  -0.309734   0.520919   0.262884    0.15031    0.37576   0.153222   0.339431  -0.114617   0.512637  -0.322754 -0.0315908   0.302227   -0.41088
   0.346164    0.416076    0.214731    0.245109   0.0188613    0.231381    0.183532   0.0586461   -0.319156   0.0693427    0.225755    0.219497   0.0535928   -0.054628    0.164882   -0.187971     0.20244 0.000778166    0.336796   -0.107545
  0.199959  -0.108729  0.0419974  -0.158431  -0.109458  -0.209937  0.0860295   0.101763  -0.283964   0.217232  -0.575755  -0.200163 -0.0989124  0.0653333  -0.292072 -0.0687105  -0.490637   0.225329  -0.315425   0.201649
 -0.222923  -0.200312  -0.153962  -0.239442  -0.068246    0.40056   0.267242  -0.140802  0.0469528   -0.59084   0.397163  -0.529358   0.061142  0.0200589 -0.0751464  -0.416669 -0.0765146 -0.0513614  0.0101808   0.275103
 -0.0372913   0.0823836   -0.428698   -0.327476    0.321945   0.0688784    0.256936   0.0424644   -0.186766   -0.172507  -0.0996959    0.147927 -0.00762532  -0.0985784   0.0632191  0.00913249   -0.134024    0.176606  -0.0836798   -0.433874
  -0.284007   -0.210527    0.144882     -0.1459   0.0604434   0.0349161   -0.220598    0.185627    0.172681  -0.0603563   -0.244373    0.275221   -0.377265    0.412487   0.0892888  -0.0147632    0.373194 -0.00836044    0.357794  -0.0100434
 0.0524983   0.636025   0.156325   0.188587  0.0385099   0.206462   0.400877  -0.297985    0.30579  -0.163871  0.0515237  -0.027323   0.265011   0.179163  -0.161087   0.425281  -0.267794 -0.0178198 -0.0149843   0.160814
 -0.288807  -0.106012   0.204471  0.0352503 -0.0469011  0.0361621   0.236711   0.209159   -0.28783 -0.0439252   0.288274   0.416006  -0.155476 -0.0662042   0.332718  -0.582341   0.100927 -0.0499001   0.276407  0.0869044
 -0.146708  0.0233709  -0.305138   0.362663  -0.277998  0.0562727   0.261549   0.274386  0.0237335   0.428087  -0.441901   -0.08367  -0.179892   0.247766 -0.0459943 -0.0592995  -0.159659  -0.569937  -0.229317  -0.185651
-0.0544988 -0.0473543  -0.300428  -0.258262   0.238666  0.0271345  0.0163845  -0.047871 -0.0674193   0.203813  0.0435625  0.0310558   0.162758   0.197101   0.189188   -0.11919  -0.116983 -0.0104053 -0.0151143   0.110781
 -0.168728 -0.0691552  0.0844067   0.290206   0.113802  -0.358065  0.0173898  0.0957619   0.225206  -0.188863   0.280479  0.0569189    0.66465   0.415344   0.143525  0.0689294 -0.0118362   0.577322   0.302365   0.336455
  -0.151615   -0.166411   -0.186956   0.0844525   -0.274658   -0.374283 -0.00272766   -0.156242   -0.343395   -0.161357   -0.130922  -0.0623475   -0.464767   -0.272259   -0.405641   -0.157348 -0.00435763  -0.0879738  -0.0236179   0.0577493
  0.0355961  -0.0904306    0.231109 -0.00713286    0.246401  -0.0536837  -0.0819471   -0.207795   -0.205081   -0.327153   -0.370913  -0.0694538    0.258642    0.186111 -0.00103896     0.14074    0.254651   -0.285849  -0.0404423   -0.220621
  0.581884   0.436579  -0.197438  -0.144958 -0.0915086 -0.0504403 -0.0581291  -0.347487  -0.366784 -0.0463438    0.16055  -0.183212   -0.21521  -0.232964  0.0927274  -0.192599   0.245527   0.236907  -0.203401 -0.0225037
   0.272536   -0.236477   -0.165004     0.07342    -0.11179   0.0912463   -0.549157   -0.178177   -0.130852  -0.0852734    0.280564   0.0214347   0.0490542  -0.0569793   -0.108546    0.178416     0.22747   -0.174219    0.109264 -0.00628053
  0.258969  -0.257178   0.261793   0.248164   0.164938  0.0903187   0.147455    0.25665  0.0972664 -0.0418774  -0.179856   0.168922 -0.0393098   0.277785    0.35457   0.496244   0.284988    0.19048 -0.0773964   0.288022
 -0.202891    0.14928   0.161345   0.368875   0.174563   0.366814  0.0656155   0.328156  0.0868653   0.409522 -0.0649249  0.0818321   0.120852  -0.203032   -0.55812  -0.555014  -0.116673 -0.0139799  -0.245665  -0.319174
 0.0257742 -0.0220593    0.14279   0.249086   0.419498   0.187149   -0.39821    0.32182  0.0532134  0.0403561 -0.0581206   0.231373  -0.299292  0.0321309   0.109548 0.00473059   0.116014 -0.0864233   0.127581 -0.0214388
   -0.201848     0.118105   -0.0873413     0.128854  -0.00144663    -0.370997    -0.528222    -0.263055    -0.244596    -0.158992     0.119497     0.282739     0.175827 -5.59648e-05    0.0569088   -0.0765288    -0.374183     0.128449  -0.00456703     0.640986
 -0.054841 -0.0525105 -0.0858315 -0.0718304  -0.111875  0.0125731   0.583233  0.0812783  -0.303185    0.25194  -0.154941  0.0850778   -0.16338  0.0569918  0.0939953  0.0139078  -0.304318  0.0384086  0.0308718  -0.173715
  0.0439485   -0.462627    0.295552   -0.342175     0.21977   -0.107506    0.293542   -0.457104   -0.227351  -0.0536337   0.0488934   -0.286131    0.645585    -0.35699  -0.0960566 -0.00948446   -0.355531   -0.192175   -0.395964  -0.0936753
 -0.129682  -0.416357  0.0684627   0.177298 -0.0879931   -0.29246    0.15113 -0.0129214   0.277027   0.120115   0.271437  0.0018766   0.229912   0.185382 -0.0132058  0.0141698 -0.0690816 -0.0633312   -0.14093 -0.0556205
  0.323016   0.506245  0.0895979   0.122768 -0.0603306  0.0955016  -0.304017   0.311018   0.290209  -0.119014  -0.150452  0.0857867  -0.159497 0.00936427   0.360219   0.128668   0.164544  -0.286185   -0.25338   0.014343
 -0.224116  0.0885856    0.51578  -0.322987  -0.507459  -0.121461    -0.2372  0.0908049   -0.20255 -0.0160666  -0.125216   0.343109   0.571568   0.109987 -0.0878495 -0.0221454  -0.075261  -0.103258   0.214361  -0.159175
   -0.148949     0.206347  -0.00119638    0.0485686    0.0406456     0.214071    0.0800623     0.332749    -0.103083    -0.137603    -0.245599    -0.427796     0.199859   -0.0256316     0.179432 -7.55223e-05     0.445777     0.220871     0.182998   -0.0266833
 -0.173998   0.446061 -0.0890202 -0.0918141  -0.491265  -0.280217 -0.0710111  0.0865209  -0.212444  -0.453673   -0.14744  -0.286893  -0.276338  -0.377249  0.0287179  -0.354334  -0.481718   0.167619     0.2323  -0.189228
  0.150141  -0.361107   0.194957  -0.204718   0.220718   0.169783 0.00369905  -0.156269 -0.0893006  -0.138509  0.0799746 -0.0539856  -0.334484   0.327943  -0.191583 -0.0241911   -0.10552   0.473773  -0.210157   0.137519
-0.0718018   0.150073 -0.0182714 -0.0774279  -0.154522 -0.0958222 -0.0214486 -0.0444874   0.441792    0.07919  -0.107892   0.313868   0.192431 -0.0842687   0.133723   0.162913  -0.166924  0.0232504   0.310311   0.319452
  0.303849  0.0633987  -0.311379  -0.220112 -0.0314652 0.00159622  0.0972692 -0.0640187   0.691573   0.127665  -0.283133  -0.126544   0.219615   0.193884  0.0469943 -0.0345547   0.198804 -0.0947936   0.196261   0.111731
  0.328205  -0.206517  -0.215835  0.0254632  -0.101645  0.0902102  -0.306262   0.125662 -0.0127684 -0.0267572 -0.0608866 0.00534826   0.299501   -0.27631  -0.229464  0.0720655 -0.0174552   0.309848  -0.451693 -0.0908474
-0.0302934   0.164702  -0.176798  0.0439865  -0.120267   0.484144   0.310859  0.0223039  -0.226457 -0.0237864  -0.123809 -0.0302331  -0.105568   0.229412  -0.265604  -0.200118 -0.0646084  -0.169514  -0.125448 -0.0434108
  0.164756    0.14084 -0.0791468  0.0596756  0.0388137  0.0603318  -0.225372  -0.341332  -0.136075   0.288738  -0.181842   0.360631  -0.236403  0.0518352  -0.152914  0.0523383   0.109654  -0.343959  0.0142362  -0.372494
  0.218005  0.0859109  -0.127167  -0.227485  -0.120492  -0.289745   0.165429  0.0952353   0.135808  -0.237134   0.125206    0.16046   0.122854  0.0507493   0.390998   0.234251    0.13309 -0.0382043   0.270553  0.0605269
  0.124514  -0.111921  0.0779221   0.143165   0.153199  -0.194917   0.564526  -0.132719   0.157861   0.305624   0.248755 -0.0772008    0.11976  -0.202445  0.0987694   -0.12755  -0.323158  -0.139976  0.0083154  0.0822133
  -0.445342   -0.446691    -0.58735    0.179245     0.27998  -0.0596498   -0.343431    0.199863   0.0128073    0.366856    -0.11567  -0.0430205 -0.00857079  -0.0326238   0.0067593   0.0988143   -0.246686     -0.3124   0.0229448    0.175747
  0.323448  0.0616095   0.022725   0.103851  -0.043027   0.208813   0.217059  -0.133916   0.648322  -0.433234 -0.0309842  -0.265387  0.0569661    0.21421 -0.0683187  0.0312776 -0.0678143   0.126822   0.262143  -0.146637
    0.05139   -0.426208   -0.128013   -0.487113   -0.027338 -0.00239665   0.0161831  -0.0915135    0.181572      0.2328    0.171724    0.166063   0.0265204    -0.31568   -0.322962  -0.0893823    0.272178    0.397043   0.0964776    0.159351
-0.0206664   0.293018  0.0400729    0.19553   0.152833   0.166859  -0.109195   0.243401 -0.0992303  0.0393876  -0.124092 0.00302687  -0.270226   0.366067 -0.0407436  -0.104514 -0.0295728 -0.0204037 -0.0493631 -0.0640114
   -0.120221     0.343872     0.092201   -0.0858344    -0.276955     0.128066    -0.019395     -0.50943   -0.0468316    -0.223084     0.195995    -0.141798       0.2409    -0.140414    -0.161382    -0.109809 -0.000672855    0.0416068     0.027786    -0.121803
   0.214043   -0.264637   0.0802117   -0.152973    0.185731   -0.508011   -0.177589     0.22614   -0.116396   0.0625362  -0.0802457    0.247674   -0.158584    0.154551  -0.0415748 -0.00272849   -0.031766    0.201536    0.166615   -0.213654
 -0.102943   0.239917  -0.566194   0.373413  -0.231696   0.349881 0.00677716  0.0815875  -0.448408 -0.0973212  -0.143816  -0.110371   0.111557  -0.300481   -0.22063  0.0766705  0.0712039  -0.267564  -0.206883  0.0606281
  0.104667  -0.427971   0.355396   0.451963   0.163992   0.221746   0.330906   0.249216  -0.112929  -0.151799   0.124725 -0.0775609  -0.444462   0.202002   0.261687  0.0101337 0.00687689   0.281539  -0.209173   0.091226
 0.0882591  0.0597988   -0.52459   -0.16747  0.0432062 -0.0530656  -0.347014     0.1143 -0.0818752 -0.0273315   0.565675  0.0866522   0.511849   0.144304   0.231216  -0.190118  -0.052535  -0.274827   0.113547   0.529326
-0.0719129    0.21791   0.440992   0.259602  -0.101279  -0.218316   0.324705    -0.1536   0.125179 0.00107448   0.164447  -0.263154  -0.481815  -0.388743   0.238718 -0.0973192  -0.348671  -0.175376   0.255889  -0.124969
  -0.226245   -0.361414   -0.257639  -0.0568429   -0.246525  -0.0580663   -0.289869    0.208307   -0.269281  0.00672879  -0.0188287   0.0751105   -0.215228    0.443835  -0.0827363    0.123074   -0.169056    0.140035   -0.193774 -0.00662721
 -0.282403   0.148853 -0.0261479  0.0612953  -0.138874  -0.172527  0.0879478  -0.188694  0.0965448  -0.397607   0.171053   0.525581  -0.133714  -0.135926   0.563993   0.164379   0.189419  0.0266012  -0.360494  -0.284158
  0.326447 -0.0263465  -0.012348   0.286775   0.141159   0.233991   0.307478  -0.309339   0.172546   0.203666  -0.337173 -0.0789911  0.0119637   0.237504  0.0116928   0.138732   0.464034    0.14893 -0.0259439     0.1344
 0.0723883  -0.245696  0.0534827  -0.413085   0.239521  -0.238233 -0.0546873   -0.13641 -0.0855838   0.216673   0.367489 -0.0935403   0.315768   0.346622 -0.0779022 -0.0816946   0.317468  -0.410106 -0.0424178  -0.119784
 0.0626651   0.183556  -0.414741   0.180343   0.132552   0.226438 -0.0765241   0.131846   0.140056   0.324398   0.108771  -0.100881  -0.161231   -0.17914  -0.129353  -0.342604  -0.141164  0.0900148  0.0970708  0.0835724
-0.0374554  -0.454078  0.0587992  -0.210424   0.267908 -0.0380055  0.0384836  0.0400909   0.230766  -0.129382  -0.461582 -0.0128716  -0.417206   0.357724  -0.509019 -0.0917228 -0.0582279   0.191636   -0.48617  -0.112342
   0.22315 0.00199417  0.0865206   0.253509  0.0644923  -0.231698 -0.0999347   0.153467   0.274775 0.00213878   0.151488 0.00251789  -0.261653  -0.192123   0.178858  0.0395049   0.168078  -0.257113   0.193867   0.361395
 -0.245147   0.453785  -0.123692 0.00327216   0.045025  0.0106854   0.271642   0.289996 -0.0875479 -0.0878134   0.110935 0.00246193  -0.221863  0.0524131 -0.0574503  -0.291348 -0.0642841  -0.202797    0.14456 -0.0518249
   0.086314    0.082317   0.0382879 -0.00209769  -0.0582653   -0.181593 -0.00962307 -0.00235251    0.195607    0.103795   -0.081672  -0.0453283   -0.187087   -0.121934   -0.208832   -0.202829  0.00474698  -0.0670479  -0.0389565    0.236537
   0.137412   -0.422191 -0.00323939   -0.139274    0.201824    0.175613  -0.0368303   -0.146415   -0.469741   -0.036955    0.174137   0.0447465  -0.0041682   0.0295194    0.351304    0.132635    0.101471   -0.101172   -0.219818   -0.160759
 -0.404689   0.340234 -0.0615675   0.163416 -0.0420761  -0.160699 -0.0184901  -0.174861   0.093433  -0.155409  0.0926231  0.0934236   0.106586  0.0814676  -0.274094    0.17717    0.30068   0.122158   0.266396  0.0990221
 -0.267279    -0.1034  -0.161315 -0.0713219  0.0654732  0.0501319   0.211131   0.418556  -0.593403   0.118592 -0.0991385  -0.255138   0.507549  -0.184165  -0.130851   0.165213  -0.252334   0.294817   0.199809  0.0851976
  0.365452 -0.0967703   0.182355  -0.160112  -0.457271  -0.263188  -0.151004  0.0548194 -0.0602682  -0.242618  -0.207692  -0.118892 -0.0579062 -0.0924696    -0.0281  0.0968815 -0.0632323  0.0673854 -0.0213282  -0.492765
 -0.106968   0.135573  0.0410963    0.34441   0.170144   0.170049  -0.266418   0.249138   0.294133   0.148649  -0.139586   0.202193   0.245709 -0.0904739  0.0889612   0.152021  -0.355268 -0.0637156   0.303635   0.365865
  0.256731   0.236991   0.110584   0.113546   0.491127 -0.0383407   0.148526  -0.244031  -0.610403  -0.152417  0.0868923  -0.221595   0.226273 -0.0979732 0.00913487    0.21928    0.44909  -0.205552  0.0979308  -0.230198
  0.211028  -0.342891   0.158312  -0.202581 0.00466889   0.252886  -0.106689  -0.205407   0.364483  -0.150172  0.0774858   0.274128   0.230484  -0.174142   0.462261  -0.110348 -0.0844465  0.0440682   -0.19629    -0.2894
  0.119577    0.14157   0.343627 -0.0919209  0.0968267  -0.061733  0.0123243   0.154133 -0.0385762 0.00728767   0.222582  -0.251565 -0.0717594   0.191441 -0.0928234   0.249053 -0.0631866  0.0928434  -0.040086   0.190854
 -0.330723  -0.138066   0.137703 -0.0345611  -0.206509  -0.307048    0.10551   0.328765  -0.384293  -0.116754  -0.491783  -0.431518   0.103672  -0.317544  -0.221181  0.0448379  0.0181422  -0.160376    0.39592 -0.0427733
  0.203758 -0.0133923  0.0925575   0.090123  -0.156417  -0.301241  -0.140838  0.0587883 -0.0169091 -0.0903007 -0.0761669   0.457869 0.00514422   0.243207 -0.0974406   0.254259  0.0973433 -0.0918224  -0.253179  0.0372533
  -0.26659   0.185752  -0.340662  0.0886598    0.18349   0.510157  -0.266728   0.126519   0.254511   0.221308 -0.0461525   0.396887    -0.4012  -0.136534 -0.0977208  -0.630273   0.096632    0.30169  0.0135147 -0.0248123
   -0.15191    0.326483   -0.290571    0.106013  -0.0841812   0.0128308   -0.100572   -0.170204   -0.026443    0.245863  -0.0287855   0.0968018    0.101713   -0.179318  -0.0673899    0.131698  -0.0322557 -0.00711284  0.00261415    0.150763
  -0.206737 -0.00284281   -0.278794   -0.157342 -0.00575384   0.0887187  0.00424048   -0.331415    0.532402   -0.170331    0.230219   -0.242997 -0.00222457   -0.102919   -0.131246   0.0943351    0.171812   -0.148209  -0.0645698   0.0769146
   0.398405   -0.171407    0.555405    0.162882     0.32203    -0.05505    0.656871    0.233928    0.367411 -0.00779128    0.415029  -0.0569648    0.219183  -0.0932688    0.140627   -0.313653    0.204479    0.154946    0.100665    0.267987
  0.0979687  -0.0180311    0.373479  -0.0813382  -0.0447424   -0.385967    0.130602     -0.1251    -0.13331  0.00987529   -0.360197 -0.00199899   -0.180566    0.333947   -0.171183    0.194757   -0.387552   -0.404222    0.174953  -0.0378049
-0.0095146  0.0730798  -0.367192   0.279229 0.00640463   0.144613  -0.204303  -0.266593 -0.0861851   0.384053   0.310688  0.0905447    0.25188   0.119194   0.200526   0.110646   0.383187   0.490191   0.100754  -0.320938
   0.26055  -0.327754 -0.0336364  0.0453927  0.0495194 -0.0350778  -0.305322  -0.216761  -0.221795   0.200656   0.201268  -0.412938   0.166913  0.0062753  -0.113076   -0.21378  0.0893019  -0.266529 -0.0776578  0.0334926
 -0.251952   0.063863 0.00689269   0.106762 -0.0286876 -0.0364097   -0.41982  -0.102296  -0.114721 -0.0867161  -0.377531  -0.192714  -0.141634  -0.124317   -0.17946   0.243326  -0.181901    0.19156  -0.928077   0.193774
 -0.040037   0.202495  0.0500605   0.221744 -0.0682311   0.031026  0.0704085 -0.0148776  -0.424773  -0.154857   0.398068   0.119373   0.257967  0.0584167     0.3309   0.107526  0.0361213  -0.313083   0.243325  0.0942984
  0.398616    0.30524    0.18146  0.0609671   0.204576   0.234829 -0.0951868   0.515725   0.424507  0.0795095 -0.0407381   0.128967  0.0195431  0.0512694  -0.138708   0.345606   0.118563  0.0579324  -0.211378  -0.180638
 0.0490529  0.0762158  -0.114265   -0.18915   -0.28199   0.215099   0.112384  0.0794087   0.434139   0.146134  -0.580469 -0.0907018  0.0336097   0.191732   0.217148    0.20891    -0.2182   0.286136   0.179598  -0.266567
  0.342481   -0.49796   0.473686  -0.575816 0.00533391  0.0844369  -0.244886 -0.0634314   0.126364  0.0748394   0.157321  -0.205466   0.294446   0.221012 -0.0931945   0.180675    0.70781    0.44342   0.448265   0.486677
 -0.147256  -0.306803  -0.102571 -0.0377295  0.0644045   0.157062   0.150063  0.0222339   0.264613  0.0205846  -0.388647  -0.454471   0.201403  -0.229478 -0.0758106   0.110893  -0.167148  -0.129723  0.0369459  -0.339527
  -0.075755    0.162957    0.066836   0.0125518  -0.0268144   0.0691767    0.146416    0.141515    0.031888   -0.133355    0.100977   -0.224553   -0.179847    0.176607   0.0450239 -0.00678493   -0.211651  -0.0596988   -0.211008   -0.010948
 0.0980386 -0.0598884 -0.0414012   0.209227  -0.155012  -0.232011  -0.101528   0.065834  -0.102137   0.367975   0.270657 0.00509676  -0.282854 -0.0419579   0.246335  -0.318875   0.337527     0.3189 -0.0926023   0.257522
 -0.136597   0.238817   0.239504  -0.349905   0.210811  -0.332409   0.390671  -0.130004    0.46234  -0.446915   0.101138   0.149182   0.219356  -0.129958  -0.019702 -0.0822121 -0.0779231 -0.0544561   0.139751  0.0439741
 -0.345194   0.214199  0.0967309   0.239537  -0.117346  -0.253905  0.0397949  -0.322232  0.0297058 0.00164051   0.129483  0.0075476  -0.139547  -0.122783  0.0795234   0.219384   0.168893  -0.126819  0.0867655  -0.185871
   0.0735779    -0.292514    -0.105349    -0.468101 -0.000687685      -0.1688      0.21124    -0.138744  -0.00136546     0.253292     0.258566      0.41336   -0.0209123   -0.0263722    -0.176877     0.181264    0.0100728    -0.315819    -0.249612   -0.0213387
-0.0211719  -0.473296   0.485612 -0.0167214  -0.102293   0.166508 -0.0820263  -0.131976  -0.167939  -0.080876  -0.254935 0.00812575   0.219918   0.183432   0.105295  -0.201277  0.0649496   0.153157   0.348225   0.215885
-0.0426256   -0.26535  0.0133169 -0.0239581  -0.163534   0.236952  0.0628305    -0.1513 0.00625022  -0.229997   0.270978   0.419098  -0.310931  0.0157808  -0.293901 -0.0913154    -0.4837  -0.140459  -0.279467  -0.461842
  0.477328 -0.0958483 0.00852569   0.111026 -0.0508585   0.243833  0.0695893   0.165593   0.345381   0.443003  0.0703295  0.0219671  0.0321665 -0.0690038   0.133241   0.316004   0.230175  -0.206751   0.125809   0.134621
 0.0618025   0.308901   0.223181   0.213843  0.0392613    0.26365    0.17227   0.325831 -0.0832895   0.154202 -0.0367937   0.262489  -0.446636  0.0597451  -0.145044   0.264979  -0.147952   0.412814   0.225731  0.0145879
   0.181918   -0.398971  0.00866006   0.0524633    0.464183    -0.46828   0.0451334   -0.269899   0.0992969   -0.150013   -0.328993    0.166273   0.0691285 -0.00281978    0.224051   -0.139506   -0.158738    0.130175  -0.0567352    0.174486
-0.0648789 -0.0734145 -0.0822203  -0.012962  -0.390374   0.376281   0.238473  -0.102084  -0.152931   0.182713 -0.0155792  -0.186316 -0.0354382 -0.0504026  -0.178412 -0.0621293  -0.425566  0.0400105 -0.0147652  0.0976952
 -0.595591  -0.551906   0.484373  0.0484155   0.126418  -0.177007 -0.0408618  -0.182678  -0.285953  -0.325725  0.0672371  -0.159275  -0.128296  0.0301542 0.00669004 -0.0255685  -0.105683   0.166445  0.0379423   0.109182
   0.577429  -0.0291735   0.0596313   0.0304372     0.12984    0.169245    0.266382   0.0819173   -0.227907    0.109372    0.426251   -0.343549 -0.00224733   -0.332277    0.195263    0.152481   0.0666779   -0.185556   0.0206852   0.0124894
 0.0512702   0.364183  -0.147768   0.262728  -0.171289   0.232222  -0.353046  -0.152067 -0.0793231  0.0173069  -0.132089 -0.0576949   0.452103  -0.278404  -0.487126   0.127424   0.128006   0.109293  -0.241857   -0.18301
-0.0503607   0.193983 -0.0556622  -0.573976   0.242463  0.0546461  -0.338099   0.259973   0.289713  -0.454258   0.114862   0.124814   0.220134   0.326669   -0.35964  0.0447797  -0.249828   0.111609  0.0183694  -0.064004
  0.075829   0.276744 -0.0398799  -0.326565  -0.319907 -0.0561223  -0.220503 -0.0813809  0.0728139  -0.203232   0.498135  -0.256459   0.117152   0.254931   0.169318   0.145988  -0.130481  -0.199361   0.214577  0.0407674
  -0.0259376     0.117313    -0.101401     0.242852    0.0205694   0.00902083    0.0888014    -0.117088     0.125032    -0.158224   -0.0299692    -0.157863     0.242386     0.107548 -0.000101202     0.162697     0.226528      0.18918   0.00714912  0.000409804
  -0.124001   -0.360545     0.49723   -0.127276    0.100622   -0.133821  -0.0476872     0.19513 -0.00447752   0.0887902   -0.177419    0.341863    0.188237    0.078568    0.307792   0.0427419    0.160135    0.285103   -0.160587   -0.255004
  0.301035   -0.02861   0.240351 -0.0914062 -0.0120558   0.380812   0.290924   0.403535 -0.0828792    0.42151  0.0192728  -0.307425   -0.39416  -0.291566  -0.188879   -0.22061   0.175331 -0.0682192  -0.324419  -0.190924
  0.199764   0.028228  -0.445446  -0.309966  -0.177535   0.149408  -0.242785   0.103237  -0.354934 -0.0734985  -0.259255   0.103759  -0.017275 -0.0883319  -0.206923 -0.0485335  -0.349527 -0.0932392  0.0152145 0.00875048
  -0.010187    0.318229    0.751504    0.176807    0.227153     -0.2269    0.127771    0.105868    0.404251  0.00692005     0.10003   -0.069799  -0.0151435    0.158428  -0.0536027    -0.19543 -0.00132081   -0.176384   -0.293024    0.073194
  0.181581   0.127844 -0.0256287   0.230521   0.144426  -0.113148   0.122365  -0.804866   0.178602  0.0392844 -0.0811921   -0.15436   0.144733   0.184993   0.447109  -0.118683   0.273232  0.0852249   0.145417   0.260523
 -0.0651084   -0.117666   -0.161425    0.398283    0.212292   -0.243699   -0.282082   0.0678049   -0.033266   -0.100029   -0.091205 -0.00247935    0.148831  -0.0510954    0.112149    0.340655    0.291639    0.299253   -0.134116   -0.293344
 -0.666556   -0.45477  -0.458616   0.155284   0.384934  -0.148701   0.131419   -0.23587   0.105687  0.0380078  -0.253104  -0.244655  -0.392869  0.0779579  0.0602785   0.197619 -0.0789938   0.158927  0.0311328   0.281955
 0.0979985  -0.212676  -0.511369   0.146386  -0.192363   0.518633  -0.344188   0.357705   0.306696 -0.0920465 -0.0652803  0.0844071  -0.063962      0.156  -0.198667 -0.0603494  0.0665125  0.0869965   0.537566  -0.158646
  0.216571  0.0461995  0.0794633 -0.0232803 -0.0539825 -0.0478896 -0.0813749   0.171361  0.0124076   0.201427   0.279993   0.593892 -0.0891271 -0.0819996  0.0488321 0.00691363  0.0845437  -0.103268  -0.090838    0.36812
  0.399835  -0.250744  0.0958798  -0.132799   0.104387   0.239304  0.0582643   0.150918  -0.204856  -0.497173   0.224553 -0.0691068   -0.28319  0.0934186    0.30595 -0.0607946  -0.107008  -0.121918  -0.373526  -0.133438
-0.0589403   0.260533 -0.0368692  -0.146949  -0.032623  0.0208398   0.164048   0.114541  -0.133048  0.0604159 -0.0107219  -0.216228  0.0595827  0.0675084  -0.238407  0.0816099  0.0607546  -0.313478  -0.298505  -0.216765
  0.0261311    -0.13576   -0.181918    0.161373    0.196274    0.207001    0.245542   0.0266969    0.155297    0.171771   -0.183322    0.433924   0.0951471    0.181293   -0.162289    0.127162 -0.00491525     0.11187    0.101985   -0.328625
-0.0252553  0.0482573 -0.0590392  0.0620309  -0.213631  -0.376183 -0.0639767  -0.152304  -0.517063  -0.108165  -0.338656 -0.0455435   0.173955  0.0795062 -0.0774503   0.071214  -0.168372   0.338875   0.122146 -0.0292997
  -0.334251   -0.110277  0.00620596   -0.157554   -0.127392    -0.55856    0.317406    0.222536 -0.00804874 -0.00618973      0.1147   -0.155628   -0.172182   -0.402343    0.558531  -0.0618202    0.145234    0.274358    0.521559    0.257698
    0.16569  -0.0510136   -0.191261    0.122048   -0.274716    0.157674    0.405236    0.320569   0.0469511    0.162086    0.275983  0.00294997    0.152282   -0.700303 -0.00277698   -0.172267   -0.074586   -0.166746  -0.0366332  0.00720808
  0.541827  0.0797932 -0.0403407   -0.16887   0.205267  -0.126439  0.0899629  -0.598603  -0.354339   0.117947  -0.132766   0.222839   0.130846   0.209478  0.0357082 -0.0442067  -0.215825    0.19118   0.108033 -0.0652415
 0.0658858    0.14055   -0.17719   0.299341   0.011479   0.168077   0.188906   0.172102    0.22159   0.062439 -0.0331478  0.0608495  -0.100035 -0.0105513  -0.446931   -0.10059  -0.148334      0.202  0.0430901   0.452371
  0.586097  -0.568708   0.338279  0.0539017   0.224706    0.21168   0.114971 -0.0957495 -0.0484155  -0.328855  -0.127913   0.115881 -0.0812665   0.126764  0.0883509  -0.350218   0.243386  -0.346209   0.213873   0.342412
-0.0788727  0.0783481   0.253588    0.11494 0.00538604  -0.339212   0.058322   -0.25293  -0.409163  -0.081683 -0.0600182 -0.0228722   0.287607   0.106494  -0.278969  -0.207438 -0.0365243   0.214398  -0.358648  -0.189297
 0.0138692  0.0353245  -0.137889   0.135293  -0.111031   0.425603   0.396056   0.344664   0.119098 -0.0406852  -0.126885   0.331412   0.149947   0.231144  -0.160221  0.0582026  -0.232625 -0.0532713  -0.182333    -0.1134
 -0.468235    -0.3959    -0.4454  -0.217875  -0.185108   0.217589  -0.558301  0.0455457   0.114517 -0.0228726  0.0958642   0.111141  -0.420668  -0.415959  -0.306864  0.0288374 -0.0753958   0.139388   0.191811  0.0481186
 -0.244015   0.280814   0.273071  -0.111104   0.302254  -0.202504  -0.198143  -0.141667  -0.389236  0.0765786  -0.190795  -0.459687  -0.177586   0.213183   0.351808  -0.198781   0.322108 -0.0671414   0.156721   0.080753
 0.0880185  0.0268388   0.187579  -0.190214   0.137258  0.0755397   0.113341 -0.0671385  0.0877949   0.148865     0.1973   0.126918  -0.308944  -0.272804  -0.182637  -0.182797  0.0186365   0.110679   0.257834 -0.0987687
 0.00770368    0.426953  -0.0100937   -0.221728   0.0696842  -0.0634818   -0.300574     0.28455    0.136768     0.27732   -0.216632    0.189411    0.400631      0.5255   0.0119834  -0.0544323    0.315858 -0.00288761  -0.0644435  -0.0366908
 0.0357001   0.514685 -0.0634581   0.163019   0.131629  -0.631782   0.304978  -0.155193 -0.0973675  -0.014449 -0.0515973   0.224124 -0.0617303  -0.132803   0.231797   0.102173  -0.143883 -0.0885527 -0.0321543   0.319111
-0.0431614  0.0596405 -0.0104015 -0.0496512   -0.19245   0.551033  -0.109255   0.154226 -0.0624708   0.243888   0.640756  -0.214104   0.327033  0.0894722  -0.254465   0.108088 -0.0403451   0.231392  -0.332625  -0.304067
    0.32482   -0.192457   0.0124319 -0.00567947    0.477907    0.129474    0.343649   -0.154981    0.199967  -0.0573218    0.187483   -0.550266  -0.0706021    0.112336    0.117297    0.356038   -0.268394   -0.390128    0.167375   0.0262667
  0.310984  -0.364462  0.0994113   0.284551 -0.0204517   0.171779  -0.388206  -0.339211  -0.201544   0.145754   0.252862   0.404333  -0.224365   0.782024  -0.164161  0.0472606   0.353303  0.0467169 -0.0285393   0.275711
-0.00505583    0.247301   -0.436531   -0.174732    0.106518  0.00429184   -0.126314    -0.15368    0.172815    0.137828   -0.166219    0.183771    0.185694   -0.185125    -0.17861   -0.139552   -0.115436    -0.27906     0.10382  -0.0308448
 0.465451 -0.175151    0.2822 -0.159885 -0.421341 -0.119118  0.122765  0.170546   0.24341 0.0467842 0.0935948  0.052757 -0.490721 -0.138653 -0.305065  0.224029 -0.248983  0.200386  0.235665  0.286955
